0001 134586 2153376 4441338 4
0002 120415 1685810 3492035 3
0003 65941 527528 1450702 1
0004 126768 1774752 7859616 2
0005 44030 528360 2421650 4
0006 156793 4390204 11445889 4
0007 148506 1336554 2079084 3
0008 49931 798896 1048551 1
0009 63213 568917 3097437 3
0010 109839 1318068 5162433 3
0011 88872 1333080 4710216 4
0012 161176 2578816 9670560 4
0013 153568 1842816 2764224 2
0014 54474 980532 3813180 4
0015 65352 522816 1437744 3
0016 58748 822472 3231140 5
0017 52599 210396 683787 1
0018 85297 426485 1108861 1
0019 75280 3613440 7377440 2
0020 7805 31220 101465 2
0021 160938 3862512 7885962 3
0022 94870 284610 2940970 3
0023 41735 834700 2170220 5
0024 10076 322432 705320 2
0025 95989 3359615 7967087 2
0026 44119 1411808 2779497 2
0027 152404 1066828 5638948 5
0028 68628 2196096 5147100 4
0029 158507 3804168 11412504 1
0030 150883 452649 2263245 1
0031 138291 1659492 6499677 4
0032 101531 1624496 6701046 3
0033 21940 702080 1053120 5
0034 63594 1017504 1144692 5
0035 61125 978000 4095375 5
0036 17217 206604 344340 5
0037 90859 545154 4179514 3
0038 62189 746268 2798505 5
0039 77496 232488 1239936 1
0040 154108 2465728 3082160 4
0041 27826 417390 1474778 2
0042 159491 0 5582185 5
0043 104432 731024 2088640 3
0044 145169 4355070 9581154 2
0045 159271 7645008 8600634 4
0046 76130 456780 4034890 3
0047 107130 321390 4713720 3
0048 120727 2173086 6277804 1
0049 134301 3223224 5640642 2
0050 60520 484160 1210400 1
0051 5574 133776 390180 3
0052 95224 2380600 4951648 5
0053 117981 943848 1297791 1
0054 16057 481710 1059762 4
0055 2512 0 22608 5
0056 5614 56140 134736 5
0057 94017 1504272 4512816 4
0058 66812 1603488 4209156 1
0059 60115 180345 1562990 5
0060 139963 699815 5318594 4
0061 95215 190430 666505 2
0062 53539 0 2676950 4
0063 136388 545552 2727760 1
0064 51795 776925 2020005 4
0065 10937 328110 853086 2
0066 12443 223974 447948 5
0067 102013 2448312 3978507 1
0068 54963 219852 2693187 4
0069 129843 259686 4284819 4
0070 120431 3372068 9514049 1
0071 127719 1021752 5108760 4
0072 4897 88146 190983 5
0073 68483 0 205449 4
0074 45353 1088472 2585121 4
0075 48716 584592 828172 1
0076 83983 251949 3023388 5
0077 125775 125775 2641275 3
0078 70723 212169 2192413 1
0079 66625 399750 1066000 5
0080 123130 1846950 3817030 3
0081 127374 1528488 8406684 3
0082 99854 2096934 4493430 4
0083 133326 133326 5333040 1
0084 56083 1121660 3477146 4
0085 89570 537420 1074840 1
0086 71127 640143 2773953 3
0087 114616 2750784 7793888 1
0088 131331 2363958 7223205 3
0089 72799 582392 4440739 3
0090 17971 35942 611014 1
0091 98497 0 4727856 3
0092 89796 3591840 4489800 5
0093 155861 3273081 7793050 1
0094 28691 258219 1750151 5
0095 50419 1512570 2823464 1
0096 122299 4891960 9172425 4
0097 55142 1654260 3970224 3
0098 79514 477084 4452784 4
0099 150619 2711142 6627236 2
0100 91614 549684 2748420 4
0101 123403 370209 3825493 5
0102 121860 6824160 9017640 4
0103 161278 6773676 9837958 3
0104 14264 28528 499240 3
0105 158061 1264488 5532135 2
0106 21638 389484 497674 1
0107 16329 195948 963411 5
0108 139272 835632 1949808 5
0109 19340 154720 348120 5
0110 62327 0 2929369 3
0111 307 6140 8596 1
0112 50602 607224 1568662 3
0113 139152 3339648 8209968 4
0114 117780 706680 4475640 4
0115 53635 1609050 2628115 4
0116 110104 770728 5725408 1
0117 47951 1150824 3548374 3
0118 42042 756756 1261260 4
0119 161411 2259754 10007482 2
0120 33154 198924 928312 4
0121 134049 4289568 8445087 5
0122 120119 1801785 5405355 2
0123 1937 11622 44551 3
0124 44750 89500 1118750 3
0125 116122 2903050 7664052 4
0126 134224 2147584 9127232 4
0127 89078 1247092 4988368 1
0128 11522 368704 587622 1
0129 125853 2642913 3649737 3
0130 46582 558984 1164550 1
0131 145640 4077920 10486080 4
0132 54459 2287278 3812130 5
0133 153617 1843404 2304255 5
0134 95497 286491 3246898 5
0135 64857 194571 3437421 4
0136 65932 65932 2637280 2
0137 76748 383740 3300164 4
0138 161322 2258508 3065118 1
0139 12598 125980 730684 2
0140 16784 587440 1376288 5
0141 154763 1238104 1857156 4
0142 79591 636728 4855051 3
0143 113268 566340 5550132 3
0144 65877 592893 1910433 5
0145 116046 2320920 8587404 1
0146 75822 151644 2426304 2
0147 146445 4686240 12301380 1
0148 19701 0 78804 2
0149 92865 2228760 6686280 3
0150 154313 925878 4629390 5
0151 94542 2363550 7279734 4
0152 65844 2107008 5333364 3
0153 93610 655270 1778590 1
0154 20152 483648 1330032 5
0155 81077 972924 4864620 3
0156 61251 490008 2450040 4
0157 110767 221534 2326107 4
0158 34726 486164 1145958 4
0159 23453 469060 1735522 5
0160 12178 365340 852460 1
0161 110381 220762 5077526 3
0162 134010 1876140 2278170 4
0163 41618 665888 2663552 5
0164 59256 474048 2844288 1
0165 107416 214832 3329896 4
0166 116169 0 5924619 2
0167 28628 143140 1001980 5
0168 34330 823920 1785160 2
0169 57670 173010 1845440 5
0170 83933 1175062 4616315 4
0171 138698 416094 5131826 2
0172 83766 837660 2094150 3
0173 31004 682088 1488192 2
0174 139876 2098140 3357024 2
0175 61050 366300 1282050 3
0176 116019 0 5336874 1
0177 26960 431360 1455840 3
0178 130858 392574 3140592 5
0179 63566 762792 4004658 5
0180 113935 341805 5582815 5
0181 1528 9168 85568 2
0182 117875 4715000 7661875 1
0183 38629 695322 2626772 1
0184 105300 631800 3053700 1
0185 45046 675690 1306334 5
0186 89840 2874880 2964720 2
0187 41652 666432 1666080 3
0188 80686 968232 2017150 3
0189 50986 1223664 3976908 2
0190 16636 349356 1114612 1
0191 63713 2548520 4141345 2
0192 41306 660896 2808808 3
0193 114585 1604190 3895890 3
0194 58791 1410984 4585698 5
0195 65137 651370 4168768 2
0196 62750 62750 3263000 2
0197 31790 254320 540430 5
0198 39102 0 273714 1
0199 149671 449013 2843749 1
0200 65047 1040752 4553290 4
0201 122345 978760 6361940 4
0202 99081 3467835 6836589 5
0203 123711 371133 2845353 1
0204 118200 472800 827400 3
0205 40714 1302848 2239270 3
0206 14021 336504 644966 3
0207 152439 4573170 10975608 4
0208 161415 1936980 7586505 4
0209 103966 623796 3846742 5
0210 84042 1260630 5126562 2
0211 37411 112233 710809 1
0212 98400 590400 5018400 2
0213 77809 389045 2256461 2
0214 107096 1285152 6425760 4
0215 32292 968760 2583360 4
0216 57388 860820 3902384 5
0217 144325 0 865950 4
0218 80687 968244 2097862 5
0219 82977 497862 1410609 5
0220 91922 919220 1011142 5
0221 151153 2267295 3778825 3
0222 123483 1481796 4321905 2
0223 115723 347169 2314460 4
0224 2578 5156 103120 3
0225 29196 0 554724 1
0226 132569 3977070 9412399 5
0227 13383 321192 749448 5
0228 135666 3255984 8139960 4
0229 4402 35216 158472 5
0230 122166 732996 3787146 4
0231 100620 0 2817360 5
0232 98682 2467050 5230146 3
0233 55876 2235040 3352560 5
0234 94294 565764 1037234 2
0235 107967 1943406 2807142 2
0236 147655 1181240 1476550 2
0237 17982 323676 1240758 2
0238 67953 611577 2378355 5
0239 101818 1221816 2647268 5
0240 147563 5164705 10919662 3
0241 53056 795840 3607808 2
0242 48741 1364748 3996762 1
0243 37223 372230 1153913 3
0244 26299 631176 973063 2
0245 90208 360832 4871232 1
0246 115858 1390296 6835622 4
0247 84911 679288 4415372 5
0248 37189 334701 1822261 2
0249 130394 1564728 7954034 5
0250 125167 500668 2753674 1
0251 45664 1095936 2374528 5
0252 68401 0 2667639 5
0253 117921 1886736 7193181 4
0254 114679 2752296 8944962 1
0255 104609 4184360 6276540 1
0256 98257 1965140 4028537 2
0257 160620 481860 4818600 3
0258 116369 4072915 5818450 5
0259 146593 879558 3811418 3
0260 159642 4789260 5427828 4
0261 3074 76850 242846 5
0262 16578 331560 381294 4
0263 150065 2701170 8253575 3
0264 7177 35885 215310 1
0265 110990 1109900 4106630 3
0266 2919 61299 87570 2
0267 112893 451572 3161004 4
0268 110052 1320624 6052860 5
0269 145185 1742220 3774810 3
0270 4055 64880 125705 1
0271 18572 594304 1560048 4
0272 143340 573360 3440160 4
0273 81510 163020 1956240 3
0274 130992 523968 7204560 5
0275 97384 2726752 5258736 2
0276 23068 46136 830448 2
0277 127726 510904 2426794 3
0278 97945 1958900 4701360 3
0279 90172 5049632 5951352 4
0280 70657 1413140 2049053 5
0281 72659 871908 1089885 5
0282 44738 447380 984236 5
0283 138378 2490804 3321072 1
0284 23324 69972 956284 5
0285 16563 99378 745335 2
0286 78896 2209088 5443824 3
0287 120541 2169738 6147591 5
0288 110600 3096800 5308800 1
0289 70448 422688 1197616 1
0290 25703 411248 822496 1
0291 5859 187488 492156 5
0292 42804 0 1840572 5
0293 158821 3811704 4764630 5
0294 39640 475680 1625240 2
0295 142020 2130300 4544640 1
0296 73474 2351168 3673700 2
0297 75221 902652 4814144 3
0298 109427 1641405 6127912 4
0299 10984 65904 241648 3
0300 101057 1212684 3435938 4
0301 42913 171652 2446041 1
0302 69495 833940 2640810 4
0303 148620 594480 2080680 3
0304 82907 165814 1243605 4
0305 99127 3172064 6443255 5
0306 156876 470628 8941932 1
0307 65040 780480 3186960 3
0308 66285 530280 2916540 3
0309 113034 1356408 1469442 2
0310 142902 714510 3572550 5
0311 107921 431684 2913867 2
0312 23666 47332 709980 4
0313 34117 409404 2251722 4
0314 83351 416755 4751007 3
0315 78470 1255520 3060330 3
0316 113784 1820544 3754872 5
0317 38784 77568 2171904 1
0318 98690 3158080 7993890 4
0319 97970 1371580 1959400 5
0320 41843 1171604 2594266 4
0321 4902 78432 289218 4
0322 114227 1142270 6853620 5
0323 76523 765230 4514857 4
0324 81214 812140 4060700 1
0325 63827 510616 3765793 1
0326 22628 135768 520444 3
0327 122588 3432464 5026108 3
0328 115387 923096 3923158 2
0329 155409 621636 9013722 1
0330 969 11628 51357 3
0331 27428 109712 1426256 3
0332 88585 1771700 3809155 4
0333 92588 1481408 2407288 2
0334 22154 553850 1019084 2
0335 41910 880110 1969770 5
0336 84024 1176336 3865104 5
0337 151689 3185469 8342895 1
0338 130206 520824 5208240 1
0339 20799 311985 831960 5
0340 91065 1457040 4462185 2
0341 135328 405984 6495744 2
0342 156115 468345 4839565 2
0343 54176 216704 2817152 2
0344 43718 1311540 1836156 1
0345 84565 3382600 5073900 5
0346 157524 5040768 6616008 2
0347 94789 379156 1232257 2
0348 28060 0 925980 3
0349 9445 85005 528920 1
0350 42898 214490 2359390 2
0351 46748 1308944 1449188 5
0352 157291 943746 3774984 3
0353 58606 468848 2168422 4
0354 85678 1199492 5740426 4
0355 56690 170070 623590 1
0356 42808 1712320 2440056 3
0357 154638 1546380 7577262 1
0358 4779 47790 152928 2
0359 37741 452892 1849309 1
0360 76156 1218496 2513148 4
0361 38816 155264 1475008 1
0362 147648 5167680 8563584 4
0363 116187 348561 4066545 2
0364 139605 2512890 3908940 4
0365 149740 1497400 2395840 5
0366 69476 277904 2084280 1
0367 153037 918222 6427554 5
0368 113722 4548880 7619374 3
0369 82848 994176 4556640 4
0370 43545 435450 957990 2
0371 43128 129384 1854504 2
0372 121943 2194974 4633834 4
0373 107324 1717184 6332116 4
0374 19205 384100 518535 5
0375 104728 104728 418912 3
0376 54503 872048 2507138 5
0377 151837 911022 8958383 1
0378 41918 419180 838360 3
0379 2648 92680 190656 2
0380 94374 754992 5284944 4
0381 86360 777240 5267960 5
0382 54600 1310400 1692600 1
0383 40803 1428105 1468908 2
0384 97386 1363404 5551002 4
0385 118606 2846544 4151210 2
0386 101311 2836708 6585215 4
0387 90244 1443904 1895124 3
0388 137721 3856188 6335166 5
0389 706 28240 64952 4
0390 83295 166590 1749195 3
0391 70076 2803040 5465928 1
0392 21026 84104 967196 5
0393 54025 324150 1728800 2
0394 151401 908406 8175654 5
0395 7701 15402 346545 3
0396 25809 516180 1780821 5
0397 3556 32004 53340 3
0398 133933 2410794 3482258 3
0399 46035 0 1427085 3
0400 81127 1135778 2109302 1
0401 133514 3204336 6809214 4
0402 31794 381528 826644 1
0403 30812 92436 338932 2
0404 21190 444990 1250210 2
0405 155222 2793996 7450656 2
0406 15377 246032 768850 4
0407 23582 282984 1202682 4
0408 10540 84320 189720 3
0409 79754 717786 2472374 5
0410 95369 1907380 6389723 1
0411 88122 1057464 4582344 5
0412 50136 802176 1203264 3
0413 151657 0 4853024 4
0414 121522 1944352 3767182 4
0415 101210 1518150 6983490 3
0416 105183 2524392 3260673 1
0417 143108 0 143108 5
0418 9219 138285 534702 2
0419 28946 115784 839434 1
0420 140568 421704 3092496 2
0421 74012 1480240 2886468 3
0422 78390 1881360 6036030 4
0423 25492 382380 994188 5
0424 30861 154305 864108 4
0425 13784 165408 179192 1
0426 64456 1031296 3609536 4
0427 7577 113655 136386 1
0428 102255 715785 1942845 4
0429 161644 969864 3556168 3
0430 5699 0 199465 5
0431 119277 5009634 10973484 5
0432 4692 56304 79764 4
0433 148043 592172 6958021 4
0434 143096 2289536 5723840 2
0435 128859 4510065 8633553 4
0436 135706 542824 4749710 1
0437 106717 426868 2027623 2
0438 152495 2287425 2439920 5
0439 62549 500392 3002352 5
0440 69956 139912 2518416 3
0441 8252 231056 618900 4
0442 41714 1251420 2586268 4
0443 112493 2249860 6412101 4
0444 101997 203994 3059910 4
0445 115759 1389108 3357011 1
0446 41995 419950 2603690 2
0447 156324 937944 3751776 4
0448 58518 292590 1228878 4
0449 86168 258504 3360552 5
0450 44445 133335 222225 2
0451 22310 267720 669300 4
0452 27013 162078 1539741 2
0453 86698 2080752 5028484 3
0454 112988 677928 3502628 1
0455 13251 53004 477036 2
0456 138212 414636 691060 5
0457 136723 410169 7383042 4
0458 68402 273608 2941286 3
0459 50430 0 655590 2
0460 128431 1027448 1412741 3
0461 120953 967624 2056201 1
0462 128524 2699004 9253728 5
0463 38608 1621536 2586736 2
0464 105680 422720 3593120 3
0465 125011 2625231 7000616 4
0466 107546 1290552 4624478 5
0467 130733 261466 4706388 1
0468 83044 332176 1826968 1
0469 29933 1047655 1436784 3
0470 63892 1277840 1916760 1
0471 50720 507200 3246080 1
0472 137985 2483730 7313205 4
0473 56815 340890 3295270 1
0474 70797 637173 4177023 5
0475 122762 245524 3682860 1
0476 115129 230258 2072322 5
0477 13685 164220 875840 5
0478 90797 453985 3813474 4
0479 149055 1192440 2533935 2
0480 80403 3216120 5467404 5
0481 7709 53963 323778 5
0482 91912 2573536 3125008 4
0483 151974 911844 4711194 3
0484 147281 883686 4271149 2
0485 69206 0 761266 4
0486 128291 513164 5131640 3
0487 82455 1154370 3050835 1
0488 8880 35520 44400 1
0489 133723 1203507 4814028 2
0490 46713 233565 2756067 1
0491 89494 894940 2595326 4
0492 106811 213622 1281732 1
0493 9528 171504 514512 5
0494 154226 1542260 3547198 2
0495 119458 358374 2150244 4
0496 108534 1085340 3038952 1
0497 67467 404802 1079472 1
0498 111159 2667816 6558381 2
0499 158697 3332637 7141365 2
0500 20764 83056 643684 4
0501 132269 793614 2380842 4
0502 67345 606105 1683625 4
0503 141272 847632 4803248 1
0504 93637 93637 4307302 4
0505 82866 1325856 1740186 5
0506 60081 300405 2162916 3
0507 33500 234500 670000 3
0508 100028 900252 4601288 3
0509 95908 959080 1246804 4
0510 36477 218862 1823850 1
0511 124371 2611791 7089147 5
0512 150148 900888 4804736 4
0513 73801 1180816 5166070 1
0514 134351 268702 1746563 3
0515 16395 163950 704985 5
0516 20893 125358 793934 1
0517 4330 0 17320 5
0518 104746 3142380 5551538 2
0519 48863 48863 1514753 1
0520 87799 1229186 3248563 3
0521 45380 952980 3176600 4
0522 113009 1356108 3390270 5
0523 18022 378462 865056 1
0524 18046 36092 757932 3
0525 31692 316920 982452 3
0526 84271 1516878 2359588 4
0527 106438 1277256 3193140 5
0528 70072 280288 1821872 2
0529 110491 2762275 7955352 1
0530 110991 2330811 3218739 2
0531 17050 0 699050 4
0532 138555 554220 4295205 5
0533 160231 4806930 12498018 5
0534 4142 33136 186390 4
0535 83120 498720 3075440 3
0536 51809 828944 2849495 3
0537 30782 554076 1200498 3
0538 47699 715485 2957338 3
0539 23276 116380 325864 5
0540 50797 152391 2641444 4
0541 87556 175112 1926232 2
0542 4870 131490 301940 4
0543 63018 0 441126 1
0544 82181 1725801 3040697 3
0545 130838 1962570 5626034 2
0546 45308 1087392 1948244 5
0547 117761 942088 4474918 3
0548 51334 154002 975346 3
0549 84340 3373600 6578520 4
0550 27226 108904 217808 5
0551 122604 1839060 3065100 1
0552 124799 249598 1372789 1
0553 2869 45904 54511 1
0554 106490 1703840 6708870 5
0555 91409 1279726 3564951 3
0556 126059 1008472 6807186 3
0557 100908 302724 4641768 2
0558 45365 816570 2222885 5
0559 45761 1098264 2288050 2
0560 138201 2764020 4007829 1
0561 7840 156800 266560 1
0562 152208 1826496 2130912 3
0563 34046 272368 1566116 3
0564 125976 251952 629880 1
0565 13113 78678 485181 1
0566 101795 2443080 5802315 5
0567 83622 1003464 1588818 3
0568 77567 1241072 3800783 1
0569 161987 3239740 5345571 4
0570 4446 22230 124488 2
0571 69617 556936 4246637 4
0572 157602 945612 1733622 3
0573 69115 414690 2902830 5
0574 45254 1629144 1764906 1
0575 144927 2028978 6956496 1
0576 46676 280056 2800560 5
0577 73205 292820 3440635 5
0578 51478 617736 1235472 2
0579 75866 3186372 5386486 4
0580 124368 373104 994944 5
0581 35138 421656 2248832 3
0582 31602 505632 916458 1
0583 139484 4184520 10879752 3
0584 37179 669222 1301265 5
0585 10615 63690 477675 4
0586 2031 60930 162480 1
0587 74427 893124 3572496 1
0588 38958 116874 272706 1
0589 20291 0 527566 3
0590 60385 120770 1811550 1
0591 145935 5837400 11236995 5
0592 41428 2319968 2982816 1
0593 63646 1909380 2545840 5
0594 39104 469248 2463552 4
0595 102634 410536 5542236 4
0596 28312 452992 1104168 1
0597 20890 41780 292460 3
0598 4000 96000 116000 1
0599 51433 308598 1080093 5
0600 125143 1501716 2502860 4
0601 112668 1577352 5858736 5
0602 136473 682365 2320041 3
0603 126965 3047160 8252725 5
0604 37225 111675 372250 1
0605 54521 109042 2835092 4
0606 11960 95680 729560 3
0607 152949 152949 611796 3
0608 111013 3330390 3774442 4
0609 119164 238328 1310804 4
0610 65692 0 2561988 1
0611 3422 27376 116348 4
0612 37999 151996 797979 4
0613 5019 120456 185703 5
0614 149939 3598536 3898414 3
0615 68280 819360 1024200 5
0616 155178 1396602 4655340 2
0617 132435 794610 3973050 3
0618 98218 196436 2848322 1
0619 126273 3788190 3914463 2
0620 154982 929892 2324730 1
0621 52868 793020 2960608 5
0622 140002 280004 2800040 5
0623 115746 462984 3125142 4
0624 148528 2227920 7129344 1
0625 59254 829556 3199716 2
0626 15245 152450 320145 1
0627 20207 424347 484968 3
0628 33682 235774 1515690 4
0629 156859 627436 1411731 1
0630 115987 1855792 6959220 1
0631 83606 83606 4180300 3
0632 6871 329808 474099 2
0633 19202 192020 1228928 4
0634 39191 313528 1097348 4
0635 12458 62290 336366 4
0636 137922 3310128 6482334 2
0637 76221 533547 3658608 5
0638 31971 0 1694463 3
0639 106594 1492316 6608828 3
0640 142718 3425232 4995130 4
0641 120596 361788 2894304 5
0642 127907 767442 5627908 1
0643 133910 2410380 8302420 4
0644 143758 1725096 2875160 3
0645 137061 1644732 5893623 4
0646 40314 322512 1491618 4
0647 132389 0 1853446 1
0648 36269 217614 689111 4
0649 75709 908508 1287053 3
0650 54355 2174200 4891950 3
0651 19172 172548 1035288 3
0652 104681 314043 4291921 2
0653 142847 4999645 8713667 3
0654 11682 175230 642510 1
0655 4804 24020 245004 5
0656 43971 175884 791478 1
0657 139925 2238800 8955200 4
0658 161880 1942560 8417760 3
0659 48150 1540800 1781550 3
0660 58825 470600 1588275 5
0661 14450 0 303450 2
0662 131863 1186767 8175506 5
0663 42360 762480 1736760 3
0664 139389 836334 2648391 4
0665 102847 3702492 6787902 2
0666 9321 111852 260988 3
0667 107336 1288032 6762168 5
0668 90131 3785502 6219039 4
0669 121164 605820 726984 3
0670 46557 93114 744912 5
0671 108017 2592408 4212663 2
0672 104407 417628 1461698 1
0673 128420 256840 6549420 1
0674 22341 536184 1295778 5
0675 27877 111508 947818 3
0676 85870 1717400 4551110 3
0677 154411 1544110 8647016 3
0678 84201 505206 4883658 5
0679 89827 269481 2066021 3
0680 156616 3915400 10963120 2
0681 96287 385148 5103211 5
0682 120873 725238 6648015 2
0683 149128 298256 894768 4
0684 52490 472410 2257070 4
0685 135770 2851170 10046980 1
0686 116399 931192 1745985 3
0687 122925 2950200 5285775 4
0688 28328 56656 1246432 5
0689 61859 1237180 4268271 5
0690 141080 2116200 7618320 4
0691 69201 3460050 5743683 4
0692 105311 315933 3580574 4
0693 16855 33710 741620 5
0694 130549 1566588 2610980 4
0695 25079 376185 827607 1
0696 112624 337872 5518576 2
0697 139536 7814016 9767520 3
0698 82779 1241685 1986696 1
0699 100282 1203384 1303666 4
0700 81079 810790 4053950 4
0701 114741 2294820 5507568 3
0702 65704 394224 3088088 5
0703 149143 2088002 5965720 5
0704 111245 2669880 2892370 1
0705 11137 11137 155918 3
0706 145216 580864 3485184 5
0707 30992 309920 898768 3
0708 132730 1990950 8627450 3
0709 101933 305799 4383119 1
0710 147318 4714176 9575670 3
0711 120109 1681526 3723379 3
0712 142472 1282248 1994608 4
0713 102461 307383 4200901 1
0714 90129 1622322 3515031 4
0715 155787 3271527 6854628 1
0716 127589 127589 5358738 3
0717 76911 922932 1384398 5
0718 118675 356025 1068075 2
0719 131168 524672 3016864 4
0720 13411 321864 777838 1
0721 114002 342006 3648064 5
0722 148050 148050 2961000 3
0723 149322 1045254 5076948 4
0724 28882 577640 1501864 4
0725 37460 224760 2135220 1
0726 88478 619346 3273686 2
0727 50145 1203480 1353915 4
0728 122439 1714146 3060975 3
0729 13584 27168 597696 1
0730 77759 1632939 3576914 1
0731 108197 216394 2488531 3
0732 115379 1846064 7615014 1
0733 795 23850 51675 3
0734 120072 480288 3001800 1
0735 94676 2366900 2650928 3
0736 85371 1280565 5549115 4
0737 29328 293280 586560 5
0738 43170 388530 2590200 4
0739 51926 778890 3375190 4
0740 127045 5335890 9020195 5
0741 19654 0 766506 3
0742 158092 948552 2055196 4
0743 98598 2957940 6704664 1
0744 12317 394144 665118 2
0745 86989 434945 3044615 1
0746 5062 50620 227790 4
0747 60279 60279 1506975 2
0748 70110 701100 911430 2
0749 80970 971640 3886560 4
0750 51860 1244640 3007880 2
0751 128197 1025576 2692137 4
0752 4457 35656 169366 3
0753 54290 1520120 1791570 4
0754 113475 680850 6127650 2
0755 160327 2404905 8497331 3
0756 86982 1043784 4088154 2
0757 103975 1247700 2703350 3
0758 146546 4689472 12309864 3
0759 107 963 6420 1
0760 43296 1515360 3593568 3
0761 161827 323654 4854810 5
0762 90706 1632708 4081770 5
0763 56878 1023804 1933852 3
0764 153022 0 8110166 5
0765 49972 199888 649636 1
0766 65491 1637275 4846334 5
0767 62400 998400 3806400 4
0768 137185 823110 4252735 4
0769 45362 0 1587670 5
0770 67500 135000 1957500 3
0771 13557 108456 488052 4
0772 58640 117280 1466000 5
0773 89392 715136 2234800 2
0774 115573 4045055 6934380 3
0775 160915 3379215 9976730 5
0776 76131 1827144 3958812 2
0777 104542 1568130 2195382 2
0778 22211 133266 821807 3
0779 38894 233364 1477972 5
0780 113161 905288 6223855 4
0781 91832 550992 2938624 4
0782 56046 896736 1176966 5
0783 155519 1244152 2021747 2
0784 2810 44960 50580 4
0785 134080 536320 3217920 1
0786 34854 278832 1045620 5
0787 158173 1898076 2056249 4
0788 158663 6663846 10154432 2
0789 43234 259404 2334636 2
0790 11838 236760 662928 1
0791 113808 341424 3755664 1
0792 23302 233020 1048590 3
0793 24783 247830 1016103 4
0794 55137 441096 2977398 3
0795 45313 135939 2265650 4
0796 148819 595276 7738588 3
0797 117276 0 1993692 3
0798 36671 146684 220026 3
0799 61338 981408 1656126 2
0800 161608 2585728 5979496 3
0801 104135 2915780 4477805 1
0802 138783 277566 4441056 3
0803 90453 1628154 2080419 4
0804 41116 41116 205580 4
0805 50460 151380 807360 5
0806 122745 2209410 5278035 4
0807 8104 129664 259328 1
0808 14756 0 486948 3
0809 130284 781704 5993064 3
0810 2714 75992 86848 4
0811 25169 1006760 1887675 5
0812 98698 2960940 6415370 4
0813 2789 8367 83670 5
0814 89700 269100 3857100 2
0815 88735 177470 709880 4
0816 3986 11958 163426 3
0817 73826 2362432 3543648 2
0818 92611 926110 3148774 3
0819 129621 129621 2462799 3
0820 67976 0 3670704 5
0821 75477 150954 4226712 5
0822 101512 1218144 4263504 2
0823 40175 0 401750 3
0824 69555 695550 2990865 5
0825 23652 0 354780 5
0826 22627 362032 1131350 4
0827 69565 695650 1530430 5
0828 126188 4038016 8959348 1
0829 63282 506256 1392204 5
0830 33058 198348 1851248 5
0831 23105 346575 1201460 3
0832 25958 1245984 1687270 1
0833 7833 70497 164493 3
0834 141094 1410940 2257504 1
0835 29874 716976 1463826 3
0836 161217 644868 3869208 4
0837 123275 493100 1479300 3
0838 14262 99834 484908 2
0839 140409 2808180 9828630 4
0840 149748 0 2994960 3
0841 13948 195272 502128 3
0842 140272 841632 5610880 4
0843 114716 1376592 6538812 5
0844 88375 883750 1237250 4
0845 37024 111072 444288 2
0846 2896 43440 110048 5
0847 104023 0 4785058 2
0848 908 7264 26332 4
0849 99073 2972190 7529548 3
0850 70452 422712 1549944 4
0851 69390 0 971460 2
0852 107007 107007 214014 3
0853 149563 3589512 8375528 4
0854 78194 2736790 2814984 2
0855 156386 4691580 12980038 4
0856 5519 193165 242836 3
0857 154240 3856000 8174720 3
0858 139550 1255950 6837950 4
0859 43391 781038 2299723 4
0860 38591 231546 1736595 4
0861 11932 286368 548872 4
0862 112715 676290 4057740 5
0863 105254 2105080 7367780 4
0864 58416 700992 2395056 3
0865 72825 1456500 4806450 1
0866 6470 51760 349380 4
0867 33783 270264 1824282 1
0868 23971 838985 1510173 1
0869 35988 71976 827724 5
0870 92510 2590280 7308290 2
0871 17875 0 143000 1
0872 137112 2468016 9597840 3
0873 24192 362880 1499904 4
0874 130157 1561884 3253925 3
0875 45724 548688 594412 5
0876 48251 723765 2846809 2
0877 82496 742464 2639872 4
0878 109729 1645935 6254553 5
0879 104072 1873296 2289584 4
0880 110330 882640 6399140 1
0881 69973 1119568 2868893 3
0882 65796 657960 2697636 1
0883 110161 3855635 5838533 5
0884 148420 2374720 5639960 2
0885 9237 83133 387954 1
0886 118419 710514 6868302 1
0887 94163 3013216 4990639 2
0888 66949 669490 3347450 3
0889 37076 259532 1445964 5
0890 111692 0 2122148 5
0891 101743 2848804 7020267 1
0892 50013 300078 1750455 5
0893 101667 1220004 3558345 1
0894 123156 1231560 5542020 5
0895 136107 1905498 6669243 5
0896 148256 593024 1186048 5
0897 147576 4427280 9740016 3
0898 70365 844380 1759125 5
0899 37280 223680 1043840 1
0900 103980 1871640 6030840 4
0901 157170 0 1728870 2
0902 114176 913408 2055168 4
0903 130282 1042256 7035228 2
0904 29801 1430448 2562886 3
0905 139759 1677108 4053011 1
0906 147813 3104073 11085975 2
0907 83435 0 1084655 5
0908 82853 1657060 4142650 4
0909 112108 3363240 6390156 1
0910 151782 1214256 9258702 5
0911 93978 751824 3383208 5
0912 61337 490696 1533425 3
0913 50439 756585 2572389 5
0914 22829 136974 844673 5
0915 91120 546720 3371440 5
0916 58816 2470272 5352256 4
0917 153973 3233433 3387406 2
0918 62635 751620 1941685 4
0919 12206 48824 366180 2
0920 103366 2170686 2687516 5
0921 160253 3846072 4166578 2
0922 98491 1969820 3053221 3
0923 34385 1203475 1478555 2
0924 63210 0 1833090 3
0925 60996 1707888 2073864 1
0926 161627 161627 6465080 4
0927 147833 2660994 8574314 2
0928 72171 2309472 3969405 4
0929 89561 2149464 3313757 4
0930 80099 320396 3764653 2
0931 62890 503120 1069130 1
0932 119727 239454 3472083 5
0933 7832 62656 321112 4
0934 91832 1836640 2846792 2
0935 2063 8252 49512 2
0936 158152 158152 6326080 1
0937 48000 288000 1728000 3
0938 96172 1442580 2211956 2
0939 113250 906000 2038500 3
0940 88622 1772440 4076612 3
0941 161292 967752 6935556 3
0942 33998 1223928 1699900 3
0943 131269 5513298 6563450 3
0944 84959 3058524 3653237 2
0945 155469 155469 4508601 4
0946 74134 3558432 5634184 5
0947 123230 492920 3820130 1
0948 88394 353576 2828608 5
0949 76543 459258 1760489 3
0950 24043 240430 1081935 2
0951 108716 108716 1848172 5
0952 33249 797976 1230213 5
0953 119016 2499336 6426864 3
0954 153921 1077447 3694104 4
0955 148434 296868 3265548 5
0956 129316 1939740 2715636 3
0957 146030 2044420 9637980 5
0958 56914 284570 2731872 3
0959 121066 0 2905584 5
0960 140053 840318 7562862 1
0961 96867 3099744 7846227 5
0962 89353 893530 2591237 2
0963 2892 161952 202440 1
0964 17850 71400 124950 5
0965 24481 73443 465139 2
0966 58595 1875040 4336030 2
0967 61016 366096 1586416 3
0968 130324 2085184 7298144 5
0969 58042 696504 1276924 1
0970 145568 582272 1746816 5
0971 16795 201540 655005 2
0972 59328 118656 2491776 1
0973 128800 1159200 4894400 2
0974 51934 311604 2233162 4
0975 159398 6375920 10042074 2
0976 5425 113925 276675 4
0977 33281 99843 1863736 5
0978 101248 2024960 6074880 1
0979 81336 0 1464048 5
0980 144335 4330050 7938425 2
0981 37284 260988 820248 5
0982 108630 977670 5757390 3
0983 54714 1094280 3775266 2
0984 129166 774996 4908308 5
0985 40537 1297184 2715979 5
0986 29329 263961 469264 4
0987 131029 1048232 5896305 2
0988 34793 835032 1948408 2
0989 75773 2273190 2500509 1
0990 148151 296302 592604 1
0991 102278 1022780 4295676 1
0992 111509 0 1561126 1
0993 119755 1197550 5987750 1
0994 8766 35064 482130 1
0995 134373 0 5240547 1
0996 95109 1141308 1807071 3
0997 107045 2140900 6208610 2
0998 98367 1377138 2164074 2
0999 144561 867366 4915074 5
1000 102147 715029 2860116 3
1001 10161 81288 548694 4
1002 101950 815600 3772150 5
1003 150589 451767 8282395 2
1004 82587 0 3138306 2
1005 77279 1236464 3168439 1
1006 134017 2680340 4824612 1
1007 161728 3881472 11482688 3
1008 147632 738160 7972128 4
1009 17457 17457 890307 2
1010 122189 366567 3176914 3
1011 30692 429688 1319756 3
1012 139886 279772 2517948 1
1013 62010 2170350 4030650 2
1014 16852 50556 134816 1
1015 89828 0 718624 5
1016 34557 622026 760254 3
1017 108705 2935035 6957120 5
1018 100648 1207776 5133048 2
1019 65301 1371321 4636371 2
1020 29 116 928 4
1021 17860 267900 589380 4
1022 26267 1287083 1628554 4
1023 12842 115578 449470 2
1024 65628 0 1246932 2
1025 115496 1385952 3926864 3
1026 81796 736164 2862860 1
1027 96827 1936540 5131831 2
1028 133515 1602180 8277930 3
1029 139114 417342 5286332 3
1030 98174 98174 5399570 2
1031 64044 768528 1408968 4
1032 131837 0 1713881 4
1033 157148 2200072 7071660 1
1034 110931 110931 4326309 3
1035 9824 78592 520672 1
1036 24952 99808 1372360 1
1037 136880 5475200 11908560 1
1038 154596 2473536 9584952 4
1039 88817 532902 3907948 4
1040 1426 7130 61318 5
1041 143348 2006872 5733920 3
1042 118038 1180380 5429748 1
1043 16356 163560 490680 3
1044 24521 514941 563983 5
1045 75356 2109968 4295292 5
1046 10080 141120 312480 2
1047 156211 2343165 2811798 1
1048 134273 2685460 4833828 4
1049 22677 952434 1519359 5
1050 159581 3829944 9096117 5
1051 2462 12310 78784 3
1052 74320 2972800 4979440 3
1053 29694 148470 950208 3
1054 48753 438777 3022686 1
1055 58998 1415952 3008898 5
1056 105307 1053070 2737982 1
1057 48016 1152384 2976992 5
1058 30665 735960 1778570 4
1059 13792 124128 510304 2
1060 97234 1166808 5250636 1
1061 50338 151014 1812168 1
1062 37057 111171 407627 5
1063 153795 3075900 6459390 4
1064 140494 983458 2388398 5
1065 69736 1115776 3835480 3
1066 146707 4401210 9535955 5
1067 146859 881154 7196091 3
1068 30242 756050 1814520 5
1069 108854 653124 4571868 2
1070 10595 105950 434395 4
1071 53138 212552 1966106 5
1072 53197 1276728 3670593 5
1073 83337 2916795 5916927 2
1074 157366 0 5822542 1
1075 87841 1229774 1844661 5
1076 5536 166080 426272 4
1077 128994 2579880 7223664 3
1078 37378 37378 598048 2
1079 78798 1418364 4649082 5
1080 119365 3580950 7281265 2
1081 46907 93814 1125768 3
1082 155852 2337780 10442084 2
1083 137128 411384 3565328 5
1084 61806 1483344 4820868 5
1085 149564 2393024 10170352 3
1086 81479 814790 1466622 5
1087 90891 908910 4271877 3
1088 109968 1649520 1979424 1
1089 49304 197216 788864 3
1090 69872 139744 3074368 2
1091 45084 1577940 4012476 3
1092 97126 4079292 6313190 3
1093 104109 416436 4684905 1
1094 62787 376722 1192953 1
1095 132743 3185832 5973435 5
1096 51339 1796865 3234357 3
1097 154648 2474368 10052120 2
1098 26666 213328 1146638 5
1099 94013 1128156 3478481 5
1100 84895 339580 2631745 4
1101 1314 39420 63072 2
1102 52635 842160 2789655 3
1103 50017 200068 1550527 3
1104 41556 498672 2036244 2
1105 32733 65466 1472985 3
1106 77437 619496 3871850 2
1107 17781 373401 408963 3
1108 113400 2268000 6237000 3
1109 57384 1606752 2123208 2
1110 57601 864015 2361641 3
1111 107392 966528 2362624 1
1112 61073 610730 916095 2
1113 66349 331745 2587611 1
1114 85660 1284900 4454320 3
1115 101603 1219236 1422442 4
1116 86513 865130 2941442 1
1117 4801 57612 96020 3
1118 115491 577455 2887275 4
1119 146575 1758900 5569850 1
1120 60707 364242 1335554 4
1121 154063 4313764 8165339 4
1122 18910 283650 1172420 1
1123 109238 1310856 3386378 2
1124 111537 3346110 7472979 1
1125 94365 566190 2076030 5
1126 55444 1663320 4047412 4
1127 91920 0 4963680 2
1128 15504 186048 573648 4
1129 74485 2085580 2830430 4
1130 144277 3462648 6059634 4
1131 25615 512300 640375 5
1132 47513 475130 1235338 4
1133 116176 697056 929408 4
1134 31011 186066 496176 3
1135 10233 92097 573048 2
1136 25419 50838 482961 3
1137 63262 759144 1708074 5
1138 75776 2424832 6213632 3
1139 50969 305814 1681977 1
1140 93237 1864740 3356532 2
1141 111789 1676835 6148395 4
1142 139458 836748 6275610 3
1143 144211 1009477 7787394 3
1144 72996 1459920 4160772 3
1145 122036 2196648 6834016 2
1146 160584 2408760 4014600 2
1147 111587 1004283 5467763 4
1148 161350 5163200 7422100 3
1149 149781 4493430 11083794 2
1150 82777 1324432 2317756 1
1151 131775 2767275 5798100 4
1152 22231 0 266772 1
1153 148832 0 1041824 1
1154 32661 522576 1731033 1
1155 54768 1095360 2902704 5
1156 7884 78840 260172 2
1157 99167 793336 3867513 2
1158 131488 525952 7494816 1
1159 123286 986288 6780730 4
1160 51814 518140 2953398 3
1161 134867 2832207 5799281 1
1162 63330 0 1646580 3
1163 8282 33128 115948 5
1164 8731 104772 192082 5
1165 115756 926048 1852096 4
1166 1826 27390 62084 1
1167 98662 197324 690634 2
1168 155658 2334870 10273428 3
1169 105031 2205651 2940868 3
1170 52153 834448 1355978 2
1171 77409 774090 1238544 3
1172 51730 0 517300 4
1173 159371 3824904 10199744 2
1174 131172 393516 1311720 2
1175 151772 3187212 9713408 4
1176 105646 0 5176654 4
1177 137784 1377840 8818176 2
1178 19450 77800 213950 4
1179 90336 0 2800416 4
1180 41793 334344 2423994 5
1181 62274 435918 2553234 2
1182 3318 89586 228942 2
1183 72720 1308960 4072320 5
1184 32583 65166 1466235 1
1185 30 60 870 4
1186 96852 774816 4552044 3
1187 22777 364432 546648 3
1188 144129 864774 5044515 4
1189 34671 624078 797433 4
1190 136752 4102560 5743584 4
1191 155009 2480144 10695621 4
1192 111417 891336 4790931 3
1193 54459 871344 1524852 5
1194 82943 331772 4561865 5
1195 48455 872190 2858845 5
1196 9406 188120 554954 5
1197 92305 1661490 2861455 3
1198 152016 3192336 4712496 2
1199 128775 772650 5666100 3
1200 76063 456378 4183465 2
1201 28833 172998 547827 1
1202 42165 885465 2487735 4
1203 63053 756636 4035392 1
1204 44799 627186 2419146 3
1205 150567 903402 4517010 1
1206 21863 65589 874520 3
1207 97505 1462575 1950100 1
1208 45416 136248 2134552 2
1209 37809 453708 1361124 1
1210 87745 1403920 2983330 3
1211 148440 3562560 4304760 5
1212 137316 823896 6316536 2
1213 93697 749576 5247032 5
1214 115712 462848 3008512 2
1215 8249 329960 709414 2
1216 88161 264483 1234254 2
1217 147474 5161590 8406018 5
1218 47832 191328 2248104 1
1219 120998 2419960 4476926 3
1220 40677 284739 1749111 2
1221 91548 2563344 5950620 4
1222 57174 400218 1372176 1
1223 75708 2422656 5526684 2
1224 3436 164928 250828 1
1225 2596 145376 171336 4
1226 67273 2018190 5650932 3
1227 119442 477768 2388840 4
1228 1675 25125 53600 4
1229 161072 322144 2416080 5
1230 101767 1424738 1526505 5
1231 106352 425408 3509616 1
1232 59923 719076 1557998 3
1233 99907 499535 1598512 1
1234 85858 343432 3434320 2
1235 60889 2131115 3775118 2
1236 99260 2084460 6650420 5
1237 75768 151536 454608 4
1238 62715 250860 3010320 1
1239 35876 430512 2116684 4
1240 68388 273552 2530356 1
1241 13066 0 143726 1
1242 94999 664993 1234987 3
1243 78857 946284 1971425 5
1244 47107 753712 2920634 1
1245 106107 1273284 2546568 5
1246 77544 620352 2946672 1
1247 3154 75696 126160 5
1248 39668 1666056 3768460 5
1249 24136 144816 1448160 1
1250 75806 227418 3866106 2
1251 37700 0 1470300 3
1252 131827 1581924 8436928 1
1253 63290 2531600 4683460 3
1254 124918 1499016 7994752 3
1255 101714 813712 3865132 5
1256 53149 425192 1594470 5
1257 21524 86096 925532 1
1258 133545 4006350 4540530 4
1259 92082 828738 5156592 2
1260 92274 276822 5167344 1
1261 115520 924160 5429440 5
1262 40576 1298432 2962048 1
1263 8844 132660 247632 1
1264 49332 295992 443988 3
1265 64489 0 3417917 4
1266 139433 557732 7529382 5
1267 105074 1681184 4202960 1
1268 66985 1674625 2210505 3
1269 65485 196455 2030035 3
1270 132226 528904 6214622 3
1271 110195 2314095 4187410 1
1272 20087 281218 522262 2
1273 81676 1470168 2940336 4
1274 87249 1046988 1134237 3
1275 37436 449232 1085644 5
1276 50812 152436 254060 4
1277 96614 966140 4347630 5
1278 75738 151476 1666236 3
1279 13759 27518 82554 5
1280 87355 611485 1659745 3
1281 20817 145719 333072 2
1282 80447 1287152 3539668 4
1283 79245 1188675 4199985 5
1284 62118 559062 3478608 5
1285 14802 133218 769704 5
1286 10554 63324 464376 3
1287 102176 2145696 2350048 4
1288 9540 38160 515160 3
1289 54998 659976 2804898 2
1290 59384 475072 1543984 4
1291 33007 396084 1749371 4
1292 157463 3779112 10864947 4
1293 125870 755220 3272620 3
1294 40840 326720 1796960 5
1295 151472 151472 1817664 4
1296 158145 632580 3004755 2
1297 125768 4401880 5156488 5
1298 4609 64526 142879 4
1299 82661 1653220 2397169 5
1300 89891 719128 3325967 1
1301 107884 5178432 9385908 3
1302 161725 485175 3234500 2
1303 28283 424245 933339 1
1304 9839 9839 186941 5
1305 126358 1516296 2653518 5
1306 113878 2733072 3074706 1
1307 74315 1486300 4161640 3
1308 32659 391908 1077747 4
1309 120822 483288 2537262 3
1310 36084 577344 902100 1
1311 147996 4143888 11247696 3
1312 144809 3475416 4489079 4
1313 49727 1790172 2585804 3
1314 60457 1934624 2478737 2
1315 41352 2315712 4466016 4
1316 137814 6615072 9784794 2
1317 7755 310200 612645 1
1318 87609 175218 4643277 4
1319 14888 267984 923056 1
1320 67109 201327 2751469 3
1321 42426 254556 424260 1
1322 37505 75010 600080 5
1323 127851 1917765 3451977 5
1324 54476 871616 1906660 2
1325 52432 104864 2202144 2
1326 91612 824508 3114808 4
1327 52970 1059400 2065830 5
1328 5423 43384 319957 1
1329 143393 1720716 5305541 5
1330 31278 218946 1720290 5
1331 83100 2493000 2659200 2
1332 48528 436752 1552896 4
1333 79815 2793525 5267790 5
1334 5728 366592 475424 4
1335 136570 2458260 3687390 1
1336 1437 5748 67539 2
1337 147400 2948000 9728400 5
1338 12295 196720 270490 5
1339 110653 442612 4868732 1
1340 143717 1724604 4598944 3
1341 53410 213640 1281840 5
1342 34100 613800 2080100 3
1343 27529 1156218 2615255 1
1344 48500 388000 1600500 1
1345 25877 103508 207016 3
1346 156148 2186072 5933624 5
1347 109489 2299269 6240873 1
1348 38079 152316 2018187 5
1349 54097 540970 2596656 5
1350 48418 0 968360 2
1351 144354 4619328 5774160 2
1352 81687 326748 1143618 1
1353 88793 2131032 5505166 3
1354 102172 1634752 6947696 4
1355 98769 197538 691383 2
1356 147135 3089835 8239560 1
1357 160739 803695 6590299 1
1358 1239 18585 65667 2
1359 114718 3441540 4244566 5
1360 141764 1275876 5103504 4
1361 98192 4124064 4222256 4
1362 72209 433254 1516389 3
1363 42948 773064 816012 2
1364 125511 2510220 5899017 5
1365 107456 1074560 3116224 1
1366 41560 415600 1413040 3
1367 25406 254060 736774 2
1368 126762 1521144 1774668 1
1369 161245 3869880 4514860 1
1370 46820 0 1872800 3
1371 31641 632820 1139076 4
1372 22967 183736 849779 1
1373 156270 2500320 2969130 3
1374 43421 1042104 2996049 3
1375 19434 77736 174906 4
1376 66890 3210720 6555220 2
1377 151815 607260 6679860 2
1378 154437 3706488 5714169 4
1379 71802 2297664 4020912 5
1380 39806 1910688 2746614 5
1381 20432 0 1001168 1
1382 66762 1602288 2403432 4
1383 65979 131958 197937 3
1384 49014 784224 2989854 5
1385 130336 260672 7168480 3
1386 87066 87066 4788630 4
1387 96304 385216 1059344 4
1388 104534 2926952 4285894 4
1389 147311 2209665 2946220 4
1390 58427 116854 876405 5
1391 122897 1474764 6759335 1
1392 154382 4940224 10652358 1
1393 30557 183342 366684 1
1394 2916 46656 189540 2
1395 5235 31410 136110 4
1396 94515 2268360 2646420 1
1397 9543 152688 324462 5
1398 106197 3398304 6902805 4
1399 152779 3666696 5347265 4
1400 82071 328284 4185621 3
1401 111714 1340568 6255984 1
1402 92523 1850460 4071012 1
1403 15655 93930 485305 4
1404 6173 0 172844 5
1405 127886 3069264 9591450 2
1406 69447 1041705 1944516 2
1407 48815 732225 1366820 5
1408 61422 1228440 3931008 4
1409 112147 112147 3027969 1
1410 63607 508856 3561992 5
1411 85825 686600 2832225 1
1412 111449 1671735 3009123 5
1413 2459 44262 120491 1
1414 95765 574590 2106830 2
1415 32454 681534 2174418 2
1416 12759 255180 931407 4
1417 83587 1003044 2507610 4
1418 104941 734587 3358112 2
1419 3420 109440 242820 4
1420 153843 923058 6153720 2
1421 80583 1933992 4029150 2
1422 30559 1100124 2750310 2
1423 13870 485450 832200 3
1424 86915 2781280 4867240 5
1425 52607 157821 2577743 4
1426 116340 1861440 6980400 5
1427 117109 585545 5035687 3
1428 29505 826140 1150695 2
1429 25666 102664 590318 4
1430 101696 1016960 4881408 1
1431 53847 538470 1830798 1
1432 84094 168188 3027384 5
1433 123119 738714 3201094 3
1434 49179 1475370 1721265 1
1435 159460 478380 3827040 2
1436 90897 727176 3454086 2
1437 34183 546928 1640784 2
1438 133342 3333550 10133992 4
1439 99991 1499865 4499595 2
1440 44211 88422 2343183 2
1441 95988 671916 5471316 4
1442 61026 1708728 2318988 2
1443 142685 3424440 10844060 4
1444 60185 240740 722220 3
1445 115998 695988 1275978 3
1446 109002 3052056 7303134 3
1447 93980 187960 1127760 3
1448 16296 162960 293328 1
1449 131053 4193696 8387392 5
1450 10138 30414 476486 4
1451 68612 1646688 4253944 4
1452 73895 443370 2881905 2
1453 142856 1714272 5142816 2
1454 159190 955140 7641120 3
1455 113315 566575 2152985 3
1456 101294 506470 3140114 4
1457 89526 268578 4476300 2
1458 102054 612324 4490376 2
1459 149613 299226 7031811 2
1460 27191 815730 1848988 4
1461 28987 695688 898597 5
1462 109885 659310 3076780 1
1463 79232 79232 554624 1
1464 20671 165368 496104 2
1465 52615 315690 1262760 3
1466 123269 1725766 7272871 2
1467 54585 1965060 2292570 5
1468 86219 258657 1983037 4
1469 131796 527184 4085676 2
1470 23031 184248 575775 5
1471 110874 1330488 3437094 5
1472 85208 340832 3408320 5
1473 33671 404052 740762 1
1474 137575 1100600 5365425 5
1475 151778 607112 1669558 1
1476 42585 511020 2044080 3
1477 124068 1985088 2729496 1
1478 99893 1198716 5693901 3
1479 125308 2631468 3132700 4
1480 133728 133728 936096 3
1481 48715 779440 3020330 1
1482 15726 47178 330246 2
1483 7165 14330 107475 3
1484 40957 327656 1023925 3
1485 131396 1576752 6701196 4
1486 28484 854520 1680556 3
1487 126604 4431140 10381528 4
1488 103232 3303424 4129280 5
1489 145314 435942 7992270 5
1490 74420 446520 3869840 2
1491 84972 679776 934692 3
1492 138603 831618 4712502 5
1493 30578 733872 1345432 1
1494 2601 41616 85833 5
1495 93703 1874060 2248872 3
1496 104990 1049900 1889820 1
1497 135428 1625136 7990252 1
1498 146246 438738 877476 2
1499 76299 2746764 6332817 4
1500 3306 16530 105792 2
1501 12458 373740 672732 4
1502 152982 1223856 7649100 2
1503 150317 450951 3156657 1
1504 871 18291 27001 4
1505 75496 1132440 1887400 5
1506 52272 2509056 4913568 4
1507 6413 38478 96195 4
1508 41291 206455 660656 2
1509 122161 4275635 9528558 1
1510 112977 2711448 5761827 2
1511 134738 1347380 8623232 4
1512 41794 250764 2256876 5
1513 136189 1634268 3949481 2
1514 58180 698160 2210840 5
1515 55833 223332 390831 2
1516 31090 2238480 2860280 2
1517 117843 2828232 7777638 4
1518 147442 1179536 5307912 4
1519 59722 477776 1493050 1
1520 117990 3775680 4483620 1
1521 114941 2298820 8505634 1
1522 127731 383193 4342854 2
1523 40966 409660 1269946 4
1524 143394 3441456 8890428 3
1525 159337 159337 3664751 1
1526 113264 1359168 7362160 2
1527 41414 496968 1697974 1
1528 28576 342912 800128 3
1529 38131 571965 1296454 4
1530 12244 342832 685664 1
1531 127410 1911150 3185250 3
1532 83803 4692968 5530998 4
1533 148507 2376112 9652955 3
1534 45829 1099896 2795569 4
1535 80593 241779 3062534 2
1536 145827 874962 1020789 2
1537 137962 0 6346252 4
1538 49064 196256 2453200 5
1539 97758 293274 5376690 2
1540 161847 809235 4208022 2
1541 148279 593116 7710508 3
1542 56488 1694640 4406064 4
1543 127714 2298852 8684552 4
1544 154668 3712032 10362756 3
1545 63964 383784 2046848 3
1546 72888 291552 1603536 5
1547 98106 1471590 5395830 5
1548 106307 850456 5315350 2
1549 53384 747376 3469960 5
1550 24551 441918 613775 2
1551 156953 1883436 3923825 3
1552 108217 432868 1082170 4
1553 98592 295776 3154944 5
1554 53287 213148 2397915 4
1555 75746 908952 2878348 5
1556 29628 237024 1155492 4
1557 131552 3683456 7761568 1
1558 102943 514715 5250093 4
1559 97448 389792 5067296 5
1560 32341 64682 1164276 4
1561 23245 348675 813575 3
1562 67205 1411305 1747330 1
1563 45157 948297 2573949 3
1564 68188 818256 3682152 1
1565 97494 2047374 4094748 1
1566 126240 757440 4670880 1
1567 87890 878900 1318350 2
1568 122413 1224130 5263759 1
1569 45639 365112 2829618 4
1570 131173 2623460 2885806 1
1571 4389 35112 184338 3
1572 79487 3815376 6279473 3
1573 9267 18534 222408 5
1574 147186 2354976 6181812 2
1575 64907 519256 2791001 1
1576 114840 803880 4019400 1
1577 61761 370566 679371 4
1578 19062 114372 362178 1
1579 13815 69075 345375 1
1580 31612 632240 2023168 2
1581 132961 1196649 6515089 2
1582 52256 522560 888352 1
1583 56371 0 676452 2
1584 59784 358704 2989200 1
1585 121695 2920680 6328140 3
1586 8684 52104 121576 3
1587 67747 1016205 2032410 3
1588 75720 454320 605760 5
1589 53432 106864 2083848 2
1590 99162 1189944 3272346 2
1591 110061 1320732 5613111 5
1592 120154 720924 4926314 3
1593 84494 2365832 6252556 3
1594 21728 86912 738752 1
1595 149335 149335 5077390 5
1596 107086 642516 2355892 2
1597 114038 1710570 3193064 2
1598 24903 199224 1045926 5
1599 130138 1561656 5595934 3
1600 136750 1914500 9025500 4
1601 114529 916232 5153805 2
1602 115625 231250 925000 2
1603 6279 125580 332787 4
1604 134874 1618488 3371850 2
1605 160669 964014 8515457 1
1606 93320 279960 4292720 1
1607 132135 2114160 3831915 1
1608 16223 32446 730035 2
1609 86886 1390176 4691844 3
1610 112569 2701656 4840467 5
1611 78281 2504992 5871075 1
1612 1514 6056 27252 4
1613 78369 940428 3369867 1
1614 134980 1619760 2294660 5
1615 15417 154170 693765 2
1616 1484 5936 11872 1
1617 22975 137850 1171725 2
1618 900 25200 71100 2
1619 66941 1673525 3280109 2
1620 19117 458808 745563 2
1621 1675 8375 20100 4
1622 50452 302712 2169436 5
1623 83404 1000848 4337008 5
1624 45138 1354140 1805520 4
1625 154061 2464976 8935538 4
1626 9720 233280 709560 1
1627 58858 58858 2118888 2
1628 45201 90402 1627236 3
1629 20093 140651 502325 5
1630 52612 210448 2104480 4
1631 121481 2915544 9111075 2
1632 25733 231597 720524 4
1633 77246 617968 2858102 5
1634 16863 590205 843150 2
1635 93254 1398810 6341272 3
1636 146804 1761648 5284944 3
1637 5569 16707 295157 3
1638 142599 570396 998193 4
1639 111305 3339150 7680045 1
1640 70454 281816 3029522 4
1641 100890 201780 1614240 1
1642 114103 1825648 3308987 5
1643 77777 155554 2722195 1
1644 139335 2090025 5852070 3
1645 152763 2138682 4430127 1
1646 74090 889080 4889940 2
1647 98280 1965600 2653560 2
1648 56936 341616 2334376 4
1649 98726 789808 5627382 4
1650 4330 12990 95260 5
1651 5313 95634 366597 5
1652 1692 11844 42300 1
1653 34732 729372 1840796 5
1654 19008 228096 931392 4
1655 82215 1233225 3288600 2
1656 84218 2105450 2189668 3
1657 44191 265146 2342123 5
1658 122930 2212740 3073250 1
1659 57405 516645 574050 4
1660 35244 422928 1656468 4
1661 90621 181242 4712292 2
1662 89356 536136 4914580 5
1663 34551 518265 1001979 1
1664 36704 917600 1064416 1
1665 79375 238125 1508125 2
1666 12580 113220 163540 4
1667 73690 1768560 3758190 5
1668 124832 1497984 4743616 1
1669 56961 1139220 2392362 2
1670 59576 238304 1489400 4
1671 8565 25695 128475 1
1672 128289 1924335 4361826 1
1673 40869 245214 1266939 3
1674 155850 5454750 12623850 5
1675 145321 6975408 13369532 2
1676 52617 789255 3209637 1
1677 11488 103392 379104 4
1678 128603 2057648 7458974 5
1679 146900 2056600 3966300 2
1680 133097 1197873 5057686 1
1681 121414 1821210 8134738 3
1682 159974 8958544 15837426 5
1683 150109 6304578 7355341 5
1684 137793 688965 7440822 5
1685 115626 462504 4162536 5
1686 76619 919428 1532380 5
1687 75017 1200272 4350986 3
1688 2458 78656 137648 2
1689 56427 1410675 3837036 5
1690 40103 240618 360927 1
1691 37411 299288 1608673 4
1692 33654 1649046 3062514 5
1693 151964 3191244 4406956 4
1694 45973 1609055 1746974 5
1695 159527 957162 5583445 1
1696 53208 478872 2607192 5
1697 119596 956768 3468284 5
1698 113339 3626848 9293798 1
1699 104190 1250280 2604750 4
1700 51519 824304 3400254 2
1701 141584 424752 849504 5
1702 145056 2611008 5512128 3
1703 98396 1180752 4034236 5
1704 133897 1338970 6694850 4
1705 33169 597042 2056478 5
1706 91151 1093812 1549567 3
1707 22029 198261 374493 3
1708 113691 2273820 6821460 1
1709 63278 506224 2784232 4
1710 19511 292665 956039 4
1711 144836 434508 3620900 1
1712 40953 737154 1801932 1
1713 143671 1005697 2442407 5
1714 38092 114276 1180852 1
1715 63357 1013712 3041136 2
1716 103580 828640 2900240 1
1717 100402 1606432 5522110 3
1718 9255 259140 555300 2
1719 50932 407456 1222368 1
1720 55462 1331088 1774784 1
1721 161432 1614320 8717328 5
1722 159067 2863206 3181340 3
1723 32979 395748 1978740 2
1724 73278 732780 2418174 4
1725 73955 1331190 4141480 5
1726 31724 0 697928 2
1727 29621 533178 1007114 1
1728 112299 1122990 5390352 1
1729 9562 38248 353794 3
1730 113208 1811328 7245312 2
1731 150643 602572 903858 1
1732 28193 225544 310123 4
1733 133828 2141248 7226712 2
1734 113341 2720184 5213686 5
1735 15953 382872 733838 3
1736 153201 1532010 9804864 2
1737 61041 732492 3235173 2
1738 56634 453072 622974 5
1739 142715 1712580 6422175 2
1740 93819 2626932 4784769 2
1741 23658 189264 757056 4
1742 115507 1039563 2079126 5
1743 134277 402831 939939 2
1744 37115 185575 2078440 3
1745 8180 114520 286300 2
1746 73286 879432 3444442 5
1747 87626 2453528 2804032 4
1748 80297 481782 4496632 3
1749 25313 455634 1442841 2
1750 16572 99432 745740 2
1751 3116 18696 140220 5
1752 23833 0 333662 3
1753 110041 1980738 2751025 4
1754 139522 2092830 3069484 1
1755 111356 0 890848 1
1756 87640 350560 4119080 1
1757 70080 140160 3363840 4
1758 123172 1970752 8006180 4
1759 73679 1178864 4494419 5
1760 91984 367936 919840 2
1761 135186 1351860 5542626 1
1762 65419 654190 2420503 2
1763 32709 392508 1373778 3
1764 142055 2841100 9801795 2
1765 11324 113240 328396 3
1766 137997 2069955 9521793 5
1767 161129 1289032 7089676 2
1768 157970 5055040 12005720 5
1769 68539 137078 2261787 1
1770 160084 4482352 9765124 5
1771 117463 0 1996871 3
1772 51974 1559220 1767116 5
1773 99383 2087043 5664831 1
1774 31767 571806 921243 5
1775 106188 530940 1061880 3
1776 3055 76375 140530 1
1777 45015 540180 1035345 1
1778 88020 3696840 5017140 1
1779 157947 3158940 3948675 2
1780 98621 197242 1873799 4
1781 76239 609912 838629 1
1782 87482 787338 3411798 2
1783 136402 545608 2591638 5
1784 91699 1467184 5685338 4
1785 53161 531610 2232762 4
1786 95443 954430 3149619 1
1787 63908 766896 1981148 2
1788 98161 98161 1865059 1
1789 107072 642432 5996032 5
1790 57654 1153080 2882700 1
1791 23731 759392 1756094 4
1792 153224 919344 5975736 1
1793 79226 1188390 2059876 1
1794 71617 358085 1432340 2
1795 28848 288480 951984 3
1796 118645 1898320 7830570 2
1797 115322 1729830 6919320 3
1798 40081 961944 1883807 5
1799 94340 1886800 3773600 4
1800 5343 21372 69459 2
1801 122040 1464480 2074680 3
1802 44566 445660 2005470 3
1803 83464 1001568 1502352 4
1804 154054 1232432 6162160 3
1805 1021 12252 45945 2
1806 86420 691360 4061740 4
1807 117162 2811888 6561072 3
1808 127605 1020840 2934915 2
1809 148227 444681 1778724 2
1810 133519 4005570 8278178 5
1811 102796 616776 3597860 5
1812 116778 934224 5722122 5
1813 121422 2914128 3642660 3
1814 85958 1031496 4813648 1
1815 37697 376970 1206304 5
1816 142997 3431928 9580799 3
1817 62037 372222 992592 1
1818 123209 1971344 5544405 2
1819 10795 518160 550545 3
1820 54407 761698 3427641 3
1821 150451 3009020 4062177 5
1822 135516 1897224 6640284 5
1823 26534 53068 212272 3
1824 83820 1341120 4274820 3
1825 142666 1283994 3994648 5
1826 86759 520554 4771745 5
1827 67142 67142 872846 4
1828 101987 1223844 1631792 4
1829 60335 241340 3016750 2
1830 146680 1466800 3226960 1
1831 28295 113180 622490 1
1832 101533 1218396 5787381 5
1833 109377 218754 437508 5
1834 8416 353472 605952 2
1835 155436 1088052 1243488 4
1836 112148 3140144 4822364 1
1837 123479 0 4568723 1
1838 37642 941050 2032668 1
1839 157045 471135 8009295 4
1840 151452 2120328 9238572 2
1841 56010 448080 2968530 1
1842 144888 579552 1159104 5
1843 123413 1480956 8021845 2
1844 3116 87248 224352 3
1845 135500 2845500 5013500 2
1846 79546 1670466 4295484 3
1847 57118 228472 285590 1
1848 145840 3500160 4375200 2
1849 140539 3372936 6324255 4
1850 53734 1719488 3546444 1
1851 138637 2495466 8456857 4
1852 123494 1234940 5310242 2
1853 56691 850365 1133820 3
1854 56827 1136540 3807409 3
1855 19298 231576 347364 4
1856 6963 55704 369039 3
1857 39175 470100 2546375 3
1858 128842 3092208 5797890 4
1859 126991 761946 6984505 4
1860 47609 666526 2761322 3
1861 34253 548048 2123686 1
1862 25538 306456 1200286 2
1863 129739 1037912 1427129 5
1864 36121 1083630 1517082 5
1865 71473 142946 571784 2
1866 138683 2773660 9291761 5
1867 159371 1274968 2709307 5
1868 76806 1382508 4608360 1
1869 26789 187523 1339450 1
1870 109385 1750160 4484785 5
1871 89464 357856 894640 2
1872 59119 295595 886785 4
1873 20168 60504 1109240 2
1874 124035 0 5209470 5
1875 30818 308180 1725808 2
1876 88348 353392 3092180 2
1877 19993 639776 999650 5
1878 118456 1776840 5685888 5
1879 33782 270256 1756664 2
1880 155962 779810 2339430 1
1881 41621 249726 1872945 5
1882 156045 1248360 1872540 4
1883 19962 59886 219582 3
1884 82653 2892855 6116322 1
1885 92359 1385385 5726258 3
1886 136240 2724800 5994560 4
1887 117197 2343940 4453486 3
1888 136544 546176 5461760 5
1889 88765 266295 1331475 2
1890 157996 1105972 3159920 3
1891 5635 56350 276115 4
1892 116400 1396800 3957600 3
1893 144331 865986 8082536 4
1894 138677 3328248 8875328 3
1895 28744 1149760 1552176 3
1896 30431 60862 182586 5
1897 131150 3147600 9836250 5
1898 144696 2893920 10273416 1
1899 64028 192084 2625148 5
1900 33945 203670 1154130 4
1901 24178 193424 241780 4
1902 24018 192144 792594 5
1903 1958 13706 46992 2
1904 72826 291304 2039128 2
1905 6936 0 138720 4
1906 45132 135396 2121204 5
1907 56019 504171 1288437 1
1908 91865 183730 3031545 3
1909 159167 159167 3979175 1
1910 29678 178068 801306 4
1911 62819 753828 4020416 2
1912 90252 812268 1805040 4
1913 108829 108829 1305948 2
1914 27436 329232 603592 5
1915 123100 2462000 6278100 5
1916 80076 560532 2642508 3
1917 11108 66648 77756 3
1918 47066 1317848 1411980 4
1919 140733 2251728 3377592 3
1920 37284 782964 2162472 4
1921 132253 2116048 3041819 1
1922 94622 2270928 2744038 1
1923 32378 518048 1975058 4
1924 109868 659208 3076304 5
1925 115814 4864188 5674886 5
1926 628 5024 20096 2
1927 18451 18451 73804 1
1928 85293 2388204 6226389 2
1929 86430 259290 3802920 4
1930 49007 147021 441063 2
1931 100587 3218784 5632872 3
1932 7261 0 159742 1
1933 15797 94782 331737 5
1934 92763 2782890 3339468 1
1935 107026 856208 6207508 1
1936 86893 2780576 4083971 1
1937 136597 2185552 6283462 4
1938 10563 158445 528150 5
1939 70598 564784 1341362 2
1940 38206 229236 1146180 1
1941 82858 497148 3231462 2
1942 154198 4625940 12335840 3
1943 62540 125080 2501600 2
1944 107706 969354 6785478 3
1945 91274 182548 2555672 1
1946 78246 1251936 1799658 5
1947 83868 1509624 3690192 3
1948 137469 0 4948884 4
1949 8112 32448 438048 4
1950 146175 146175 7308750 2
1951 138037 1104296 3865036 4
1952 10752 387072 935424 3
1953 57745 1616860 2425290 4
1954 71384 428304 1998752 4
1955 35405 354050 1734845 5
1956 21053 252636 715802 2
1957 143555 430665 4593760 3
1958 71793 2871720 6389577 4
1959 12186 194976 743346 2
1960 70943 141886 2412062 3
1961 90556 1630008 5161692 5
1962 109590 547950 5698680 1
1963 26000 416000 1664000 2
1964 161662 2909916 7921438 4
1965 157887 473661 2841966 5
1966 97677 1758186 1855863 3
1967 23031 552744 1796418 2
1968 126733 1267330 3421791 2
1969 145441 3490584 7126609 5
1970 9156 9156 402864 5
1971 121563 243126 1945008 5
1972 29262 1024170 1082694 3
1973 62416 249664 2621472 3
1974 141621 3965388 6514566 3
1975 98280 589680 786240 2
1976 6099 85386 378138 2
1977 72356 217068 2821884 4
1978 31319 939570 1315398 5
1979 109765 1646475 2634360 3
1980 73879 73879 2364128 3
1981 160829 321658 2090777 3
1982 62841 377046 1885230 4
1983 118975 713850 1189750 5
1984 121215 2181870 6788040 1
1985 38021 912504 1140630 5
1986 25720 205760 1286000 2
1987 107999 863992 3563967 4
1988 38758 775160 2713060 5
1989 160240 1281920 8492720 1
1990 72755 291020 1018570 5
1991 45672 639408 1552848 4
1992 49212 147636 836604 3
1993 117106 702636 3630286 5
1994 100669 604014 1107359 1
1995 58263 1631364 2854887 4
1996 144089 3025869 6484005 2
1997 132610 1591320 8487040 1
1998 157398 472194 8027298 3
1999 159655 638620 8461715 4
2000 54546 1745472 4309134 4
2001 21929 394722 1447314 5
2002 22848 548352 1096704 1
2003 52131 2085240 3701301 5
2004 113013 1356156 3277377 2
2005 148915 893490 7147920 3
2006 45849 275094 2521695 1
2007 107037 2247777 5030739 2
2008 132685 796110 7164990 4
2009 132770 531080 7169580 3
2010 131952 3166848 4486368 5
2011 118998 1189980 3212946 2
2012 112812 1015308 5979036 2
2013 107779 323337 4957834 1
2014 17980 107880 593340 1
2015 153002 1836024 8721114 5
2016 137658 2890818 7295874 4
2017 4841 29046 261414 4
2018 161135 322270 2094755 4
2019 77907 389535 4051164 3
2020 2683 107320 177078 3
2021 31224 499584 1030392 3
2022 92236 922360 5534160 2
2023 23465 187720 422370 4
2024 64895 2076640 4737335 5
2025 97467 2339208 3411345 1
2026 107821 3450272 5283229 2
2027 112051 672306 2913326 4
2028 52891 1586730 3808152 3
2029 77300 1855200 4947200 5
2030 123738 1484856 6186900 1
2031 101221 4858608 7186691 3
2032 121548 1458576 2309412 3
2033 115541 3697312 5199345 1
2034 154995 464985 1549950 5
2035 150942 754710 6641448 5
2036 154952 2324280 10691688 5
2037 161025 966150 6763050 4
2038 124381 1741334 7462860 3
2039 120814 0 6403142 3
2040 19527 312432 527229 4
2041 103318 516590 2996222 3
2042 116570 1165700 2098260 4
2043 62931 1132758 4153446 2
2044 46490 185960 2649930 4
2045 132274 2380932 7804166 2
2046 66374 1592976 2654960 5
2047 46310 694650 2037640 3
2048 116071 928568 6267834 4
2049 105718 845744 6554516 2
2050 54937 1098740 3351157 5
2051 155774 2180836 4828994 4
2052 19335 77340 792735 1
2053 126119 1513428 4035808 2
2054 83381 2001144 5503146 2
2055 76246 1067444 2744856 1
2056 43205 648075 2073840 3
2057 64211 577899 1220009 2
2058 127229 508916 2671809 5
2059 49143 245715 2064006 4
2060 122105 366315 3174730 5
2061 138916 1111328 6390136 2
2062 68360 957040 3486360 5
2063 64871 908194 1427162 4
2064 122356 0 5138952 5
2065 21912 0 569712 3
2066 61242 0 428694 1
2067 11084 310352 620704 1
2068 153808 2307120 8305632 4
2069 14466 0 376116 4
2070 160401 1924812 9303258 3
2071 91525 2196600 6955900 3
2072 135101 3242424 6349747 1
2073 28218 253962 1551990 3
2074 135092 1350920 8510796 4
2075 140893 9017152 9439831 3
2076 23425 0 491925 2
2077 134812 1887368 8088720 4
2078 134454 941178 8201694 3
2079 73196 585568 3513408 4
2080 75623 0 680607 2
2081 93285 559710 5037390 2
2082 141322 706610 3109084 1
2083 113804 910432 6600632 3
2084 146963 3527112 9552595 5
2085 91006 2912192 6552432 5
2086 143455 2008370 5594745 2
2087 8595 214875 326610 3
2088 98227 491135 2848583 3
2089 106196 2548704 4354036 4
2090 156983 5023456 7849150 4
2091 149540 1345860 2093560 3
2092 43869 175476 2412795 3
2093 108721 0 3913956 2
2094 90514 1267196 3258504 1
2095 156769 783845 1724459 3
2096 97141 3108512 7285575 2
2097 160478 4814340 5295774 3
2098 741 7410 8892 5
2099 102768 2466432 6166080 3
2100 133315 1199835 3199560 1
2101 27198 81594 1414296 1
2102 137799 275598 4133970 3
2103 127493 254986 4207269 2
2104 93933 563598 2348325 2
2105 5200 124800 400400 2
2106 5768 144200 369152 2
2107 6521 32605 52168 2
2108 36898 922450 2509064 5
2109 51305 0 1026100 5
2110 72304 1735296 4988976 3
2111 87630 2628900 5520690 2
2112 33982 543712 2310776 5
2113 53227 851632 2395215 3
2114 122933 122933 1721062 1
2115 39374 196870 669358 4
2116 113039 678234 6782340 5
2117 123467 5926416 12346700 5
2118 112864 2257280 5981792 1
2119 91845 275535 2571660 5
2120 1352 40560 105456 4
2121 57125 457000 971125 5
2122 210 630 3570 1
2123 12239 73434 611950 1
2124 90938 363752 1364070 5
2125 125049 625245 7002744 1
2126 50181 602172 1405068 3
2127 67372 2155904 3166484 2
2128 52835 845360 2853090 5
2129 139727 838362 2515086 2
2130 118389 828723 4025226 3
2131 27540 110160 1211760 2
2132 102656 513280 615936 2
2133 87580 875800 2714980 1
2134 155008 2170112 8525440 3
2135 131213 3936390 10759466 3
2136 104096 208192 4892512 1
2137 48532 1164768 3445772 4
2138 38282 689076 2067228 1
2139 46016 552192 598208 5
2140 152398 1523980 2285970 4
2141 60477 2419080 5321976 2
2142 115173 3455190 8753148 5
2143 132394 3971820 9532368 3
2144 130336 1955040 5343776 2
2145 4468 53616 169784 3
2146 124046 1488552 5582070 2
2147 10069 100690 302070 4
2148 41387 496644 1655480 3
2149 116874 1636236 2804976 1
2150 93703 2623684 4404041 1
2151 104769 1885842 2933532 2
2152 12075 72450 434700 5
2153 88409 1060908 4685677 3
2154 37143 371430 594288 2
2155 590 14160 18290 1
2156 62975 1259500 1574375 5
2157 139855 1678260 4755070 5
2158 96201 769608 4521447 4
2159 125207 1252070 3881417 4
2160 124908 0 3997056 5
2161 100983 3231456 7472742 2
2162 126186 2018976 2902278 5
2163 67873 475111 3122158 1
2164 132401 662005 3707228 4
2165 116269 465076 2092842 2
2166 125584 753504 4269856 1
2167 49623 1190952 1439067 3
2168 101095 606570 4448180 5
2169 5083 365976 498134 2
2170 128893 3866790 10182547 4
2171 39994 319952 2119682 4
2172 11894 190304 749322 4
2173 138727 3329448 5410353 4
2174 52463 786945 2518224 1
2175 100958 100958 4442152 3
2176 99214 1587424 3670918 5
2177 157065 1884780 5340210 4
2178 52091 937638 2187822 2
2179 72611 3485328 5445825 5
2180 49787 99574 2688498 1
2181 1839 27585 42297 4
2182 77921 389605 2025946 5
2183 112774 3608768 4285412 5
2184 27201 435216 870432 5
2185 23560 94240 1130880 3
2186 62587 1126566 3129350 1
2187 103118 1031180 2681068 4
2188 68575 1097200 4388800 1
2189 141701 0 566804 5
2190 43334 130002 216670 4
2191 53510 2568480 3103580 1
2192 85983 859830 4815048 5
2193 6657 139797 499275 4
2194 112489 2362269 5286983 5
2195 68860 619740 1583780 4
2196 55058 2202320 2587726 1
2197 124023 5208966 5581035 2
2198 129910 1558920 7404870 5
2199 42735 341880 2649570 4
2200 70029 420174 980406 2
2201 96549 3089568 6951528 5
2202 139381 418143 5854002 3
2203 52451 839216 1835785 1
2204 18124 126868 235612 2
2205 95660 4591680 9661660 4
2206 134153 134153 6439344 5
2207 51746 620952 1138412 2
2208 19093 229116 381860 5
2209 80055 2801925 5443740 1
2210 139215 556860 3341160 2
2211 155610 933660 6068790 5
2212 149700 748500 2095800 2
2213 103943 207886 3326176 2
2214 121365 1820475 6310980 3
2215 10914 261936 305592 4
2216 106443 2235303 7451010 3
2217 139997 279994 559988 2
2218 104565 2509560 7842375 2
2219 50380 1209120 2216720 2
2220 70778 1486338 2901898 5
2221 120038 720228 3000950 4
2222 36937 0 1662165 1
2223 17151 51453 291567 4
2224 132145 1189305 2775045 3
2225 62059 124118 2606478 2
2226 84995 2039880 4674725 1
2227 72659 1307862 4141563 3
2228 24402 390432 1683738 5
2229 155310 5435850 12580110 4
2230 29838 716112 1163682 2
2231 36646 0 1649070 2
2232 124759 499036 1122831 4
2233 133757 3343925 4949009 3
2234 144889 579556 1014223 4
2235 31983 287847 447762 1
2236 119957 239914 4918237 3
2237 119588 4185580 8131984 5
2238 146121 0 4675872 5
2239 65047 585423 3837773 4
2240 30764 922920 1845840 3
2241 127311 1782354 3055464 4
2242 160295 1282360 8655930 5
2243 139543 558172 6837607 3
2244 152509 2135126 8540504 3
2245 40565 811300 1500905 4
2246 18399 147192 165591 2
2247 25303 75909 910908 1
2248 149454 1494540 4633074 4
2249 16921 67684 321499 1
2250 81981 491886 3607164 2
2251 81713 3431946 6618753 1
2252 63109 441763 1009744 3
2253 8090 97080 137530 5
2254 28567 114268 1228381 5
2255 53897 862352 2802644 2
2256 73382 0 2715134 1
2257 42935 772830 1159245 1
2258 34348 68696 1133484 4
2259 160381 1443429 3688763 4
2260 15438 494016 1157850 4
2261 131659 1843226 8821153 2
2262 99154 396616 2875466 2
2263 98605 1380470 3648385 3
2264 72783 1528443 3202452 5
2265 11265 360480 867405 1
2266 156647 939882 1409823 2
2267 122224 1955584 6844544 4
2268 92100 368400 1473600 3
2269 76305 1220880 4654605 1
2270 137242 3431050 4940712 5
2271 94564 1702152 5201020 1
2272 131414 919898 2102624 4
2273 57291 916656 3322878 1
2274 152285 4568550 10203095 2
2275 47689 286134 429201 3
2276 37500 187500 1162500 3
2277 125073 375219 3877263 3
2278 51795 828720 2227185 1
2279 74262 1113930 4827030 2
2280 3808 45696 239904 5
2281 36999 258993 1109970 3
2282 18929 75716 359651 4
2283 57885 173655 2141745 3
2284 142289 2134335 6403005 4
2285 73010 292040 1752240 5
2286 72721 2327072 3999655 5
2287 108354 108354 541770 1
2288 93865 2628220 4223925 2
2289 62852 2011264 3708268 3
2290 79322 2538304 6583726 2
2291 161483 968898 8397116 3
2292 73594 735940 1839850 2
2293 30217 151085 1601501 5
2294 128545 1542540 3599260 4
2295 137453 1099624 5223214 5
2296 21683 43366 823954 4
2297 58676 704112 2699096 2
2298 112036 672216 3024972 5
2299 70264 2248448 5129272 3
2300 1887 0 60384 3
2301 70774 849288 1486254 3
2302 47127 754032 3016128 2
2303 100663 603978 5234476 4
2304 82132 328528 2053300 3
2305 151510 0 8181540 5
2306 7742 139356 495488 4
2307 5474 16422 120428 5
2308 111852 1789632 4809636 4
2309 108087 3026436 7782264 3
2310 89371 714968 2949243 2
2311 142578 2994138 7699212 4
2312 144122 3458928 7638466 5
2313 60403 1087254 3744986 3
2314 108572 217144 5102884 1
2315 90248 2526944 5595376 3
2316 124451 1244510 7218158 2
2317 70554 282216 3527700 4
2318 111935 895480 6156425 1
2319 140975 845850 2396575 4
2320 114335 343005 4573400 5
2321 153858 461574 5385030 3
2322 65774 263096 2959830 3
2323 66436 996540 1660900 5
2324 112484 674904 2699616 1
2325 117846 1060614 2946150 1
2326 18844 395724 640696 1
2327 99381 1391334 3577716 1
2328 128063 2561260 2817386 2
2329 111557 1784912 7697433 5
2330 138980 2779600 4725320 5
2331 79901 479406 1837723 2
2332 13660 546400 1106460 4
2333 125693 2513860 6536036 4
2334 117737 824159 6122324 1
2335 133251 399753 3597777 4
2336 128958 4126656 10574556 5
2337 32225 1289000 2706900 2
2338 40008 240048 1160232 4
2339 61072 1710016 4213968 4
2340 142372 284744 4271160 3
2341 114981 804867 5174145 4
2342 33846 0 1218456 1
2343 152562 915372 8848596 2
2344 77116 1850784 2082132 5
2345 121336 1698704 7644168 2
2346 63942 2237970 3964404 4
2347 77553 1861272 3412332 4
2348 95320 0 1143840 2
2349 161175 967050 7575225 3
2350 133216 2131456 7593312 1
2351 150894 603576 2565198 2
2352 48950 97900 881100 4
2353 133938 669690 2410884 5
2354 15083 241328 377075 3
2355 19364 290460 1142476 5
2356 8077 32308 444235 3
2357 6615 26460 105840 1
2358 28933 115732 405062 2
2359 104361 1252332 3861357 2
2360 150248 600992 3004960 4
2361 122979 4919160 8731509 1
2362 14099 56396 352475 5
2363 61524 0 369144 1
2364 92778 927780 2412228 3
2365 76511 459066 2371841 4
2366 81299 162598 1951176 2
2367 63788 510304 2551520 5
2368 70777 1698648 2477195 5
2369 129517 2072272 8807156 3
2370 9842 206682 492100 3
2371 120341 1083069 6257732 3
2372 101386 2027720 2737422 1
2373 123806 1485672 7923584 2
2374 38640 231840 1120560 3
2375 96371 385484 2794759 1
2376 16248 97488 536184 2
2377 27175 244575 1603325 4
2378 87167 3486680 4794185 1
2379 4482 53784 62748 4
2380 70806 1486926 2265792 3
2381 114043 1596602 6158322 2
2382 60595 727140 3514510 4
2383 130853 523412 5364973 1
2384 67305 1615320 2019150 4
2385 132033 1848462 7261815 2
2386 128775 2704275 6825075 2
2387 3672 36720 110160 1
2388 92401 277203 4804852 2
2389 118669 474676 2848056 3
2390 4619 36952 143189 2
2391 125001 375003 6125049 1
2392 38023 0 798483 3
2393 68630 1647120 3843280 2
2394 155391 776955 1087737 1
2395 11522 138264 599144 5
2396 38172 572580 1870428 2
2397 142590 3422160 8555400 5
2398 44046 1233288 2114208 2
2399 138681 3328344 6795369 5
2400 102682 513410 2669732 3
2401 70715 707150 1272870 2
2402 66909 669090 936726 4
2403 118423 1894768 5092189 2
2404 1655 29790 112540 3
2405 156567 1878804 9863721 4
2406 50787 1218888 1320462 3
2407 156270 6563340 13908030 1
2408 70799 495593 2973558 1
2409 58867 470936 1648276 4
2410 105178 1577670 1788026 3
2411 151458 0 908748 3
2412 101323 0 709261 4
2413 119008 357024 5593376 5
2414 52331 2197902 3035198 4
2415 33601 201606 302409 2
2416 133642 267284 1603704 2
2417 51224 153672 1792840 1
2418 58313 466504 1457825 3
2419 66233 596097 4106446 5
2420 118099 4723960 10274613 4
2421 129241 1292410 8142183 4
2422 40131 0 2167074 2
2423 43015 688240 3011050 4
2424 101807 1221684 6312034 5
2425 48214 48214 1639276 1
2426 125418 0 4765884 1
2427 43484 130452 173936 4
2428 4653 0 195426 5
2429 117901 1414812 7309862 3
2430 37894 151576 1932594 2
2431 93393 2241432 4202685 5
2432 54130 2598240 2706500 2
2433 50420 756300 1865540 4
2434 133881 2142096 2811501 2
2435 73102 584816 3874406 1
2436 40988 409880 573832 4
2437 97655 1171860 2636685 3
2438 27378 27378 273780 4
2439 133063 1995945 7584591 4
2440 35459 496426 1560196 3
2441 82354 0 3705930 3
2442 11076 387660 531648 2
2443 105888 4235520 7200384 2
2444 154292 2777256 7868892 1
2445 29205 116820 1431045 2
2446 12116 24232 351364 5
2447 147730 443190 2363680 3
2448 23127 693810 1780779 1
2449 69106 138212 621954 3
2450 70267 1054005 1124272 5
2451 31063 0 341693 3
2452 109867 3076276 4944015 1
2453 134428 2016420 2688560 1
2454 91541 732328 1464656 1
2455 155420 0 6527640 5
2456 6712 93968 396008 3
2457 50278 1206672 2815568 1
2458 156916 1882992 6590472 4
2459 98349 2360376 6491034 4
2460 158334 950004 3641682 3
2461 62742 125484 2948874 2
2462 20149 241788 785811 5
2463 38392 614272 2034776 4
2464 149141 745705 1043987 4
2465 107125 1714000 2356750 5
2466 140408 4212240 5897136 4
2467 118429 1065861 5329305 3
2468 73956 73956 665604 4
2469 95222 380888 5141988 2
2470 60264 723168 1868184 2
2471 119188 3337264 9177476 2
2472 48739 146217 292434 2
2473 98768 2370432 4444560 1
2474 71697 2581092 6309336 4
2475 53111 2549328 4992434 4
2476 117015 1872240 2223285 4
2477 97764 586584 684348 1
2478 30928 0 1670112 1
2479 3367 20202 144781 4
2480 30045 480720 1382070 5
2481 1631 32620 55454 3
2482 126883 4440905 5709735 2
2483 60155 1443720 2586665 4
2484 25807 619368 1212929 1
2485 108257 974313 6278906 3
2486 8498 178458 356916 2
2487 159564 797820 9414276 4
2488 102294 1227528 6649110 3
2489 20212 80848 161696 5
2490 98638 1578208 5326452 3
2491 115656 2313120 6245424 3
2492 110968 2219360 7434856 5
2493 8908 106896 507756 1
2494 92079 1473264 3867318 3
2495 139487 1673844 8369220 3
2496 42846 771228 1928070 4
2497 146076 292152 3651900 3
2498 828 2484 3312 4
2499 53635 214540 2789020 4
2500 26719 160314 1042041 1
2501 67328 2019840 5386240 2
2502 116655 1749825 4199580 3
2503 712 2848 26344 3
2504 109119 872952 2182380 4
2505 86408 2765056 6999048 3
2506 150600 602400 4668600 1
2507 10177 10177 162832 5
2508 134805 539220 2830905 5
2509 15308 306160 489856 1
2510 31668 950040 1425060 3
2511 42246 506952 1013904 2
2512 6703 46921 281526 3
2513 70278 421668 3795012 2
2514 150768 2412288 10101456 2
2515 72337 3038154 4991253 5
2516 23117 970914 2149881 4
2517 101818 101818 4479992 3
2518 114560 0 343680 1
2519 58308 874620 2682168 5
2520 18902 75608 321334 2
2521 10490 293720 807730 4
2522 124456 1120104 5102696 3
2523 76357 2137996 4581420 5
2524 149567 5234845 8375752 4
2525 49569 297414 1933191 3
2526 118390 0 4143650 1
2527 79385 1905240 2857860 1
2528 79014 316056 4503798 5
2529 42776 513312 1882144 2
2530 8575 171500 360150 3
2531 31230 187380 1186740 3
2532 96730 773840 4546310 5
2533 80741 1211115 2664453 1
2534 54228 216912 2765628 3
2535 60298 482384 1869238 3
2536 147422 147422 2211330 5
2537 153756 615024 5996484 2
2538 95677 1722186 2870310 1
2539 159774 319548 7988700 4
2540 17356 69424 746308 1
2541 127826 639130 5624344 2
2542 113742 227484 341226 2
2543 143033 2574594 7437716 5
2544 42277 338216 676432 3
2545 38890 816690 1633380 4
2546 108916 2613984 2722900 3
2547 161009 0 4830270 1
2548 74749 74749 149498 1
2549 72698 218094 1599356 3
2550 23441 210969 1195491 2
2551 128360 2310480 4749320 1
2552 89366 2680980 7238646 2
2553 76691 383455 1763893 5
2554 95032 950320 5321792 1
2555 37230 558450 1154130 2
2556 108606 217212 2497938 4
2557 99806 998060 1297478 2
2558 66675 1866900 5133975 2
2559 141859 4539488 4823206 1
2560 105405 948645 5902680 1
2561 46965 375720 1361985 4
2562 3822 38220 99372 3
2563 21668 433360 780048 3
2564 158056 790280 8851136 2
2565 118678 0 5221832 5
2566 98429 5512024 7382175 4
2567 126989 3047736 8889230 3
2568 14291 142910 771714 5
2569 104018 1456252 2704468 5
2570 55800 334800 2622600 2
2571 550 8800 9900 3
2572 84395 2025480 5232490 4
2573 83391 500346 750519 1
2574 104823 1257876 5870088 5
2575 135624 0 271248 4
2576 117553 2821272 8934028 3
2577 46281 647934 2591736 3
2578 111614 2343894 8371050 3
2579 109045 436180 1526630 3
2580 67626 2840292 3719430 5
2581 17479 52437 961345 5
2582 82150 985800 1725150 4
2583 49971 49971 2498550 3
2584 42321 253926 2243013 5
2585 86920 434600 3563720 2
2586 93342 2240208 6067230 5
2587 51326 410608 1745084 1
2588 70064 980896 3993648 3
2589 113328 679968 5553072 2
2590 112499 1799984 3487469 3
2591 119060 3571800 5000520 3
2592 11576 486192 555648 2
2593 152549 4271372 8390195 2
2594 131013 131013 3275325 1
2595 151374 1816488 4389846 3
2596 156163 3747912 6871172 2
2597 109337 546685 5138839 5
2598 91521 0 1281294 4
2599 147601 4428030 12103282 3
2600 67591 1622184 4461006 1
2601 90002 0 3600080 5
2602 106896 2244816 7589616 5
2603 44320 88640 398880 4
2604 52863 528630 1585890 1
2605 41026 369234 492312 2
2606 111766 447064 4135342 3
2607 52803 0 2428938 3
2608 116586 0 2331720 3
2609 43871 921291 1623227 3
2610 14111 169332 776105 3
2611 156948 2511168 5493180 5
2612 55150 1158150 1489050 1
2613 100262 802096 4712314 4
2614 40452 202260 2103504 4
2615 88282 1765640 4855510 1
2616 27005 108020 729135 2
2617 97147 777176 3302998 1
2618 140295 3507375 5611800 2
2619 128925 7219800 14052825 5
2620 119498 119498 5855402 1
2621 161370 5647950 7745760 3
2622 120971 0 6411463 2
2623 54613 873808 3822910 4
2624 94637 2365925 6246042 5
2625 156764 5016448 13168176 2
2626 72053 72053 2810067 1
2627 86009 1376144 3698387 2
2628 116115 1625610 3947910 4
2629 66452 265808 1395492 2
2630 40598 649568 1461528 4
2631 20864 292096 1084928 4
2632 79406 1588120 1667526 5
2633 144662 3616550 9258368 4
2634 40388 484656 565432 3
2635 77880 1168200 4049760 1
2636 52132 469188 1146904 1
2637 108443 4554606 5639036 2
2638 48719 146157 2046198 5
2639 69306 831672 2564322 4
2640 4309 120652 236995 3
2641 135826 271652 2444868 2
2642 92304 830736 4522896 4
2643 121436 0 607180 2
2644 48435 581220 726525 3
2645 95443 3340505 8208098 1
2646 128148 3844440 9354804 5
2647 136793 683965 2735860 1
2648 110554 2653296 6854348 5
2649 7539 22617 196014 2
2650 161249 1934988 5804964 4
2651 48696 779136 2386104 1
2652 90881 1908501 5998146 1
2653 131900 659500 1582800 2
2654 49237 590844 689318 5
2655 24927 149562 324051 2
2656 18477 92385 702126 1
2657 89850 3773700 5211300 1
2658 35118 1229130 2317788 1
2659 2964 35568 44460 2
2660 10248 61488 112728 1
2661 19294 115764 1138346 2
2662 10649 63894 383364 2
2663 4978 39824 149340 1
2664 136729 2187664 2734580 5
2665 156789 940734 8466606 4
2666 77960 623680 2026960 1
2667 110525 1768400 3978900 5
2668 28429 454864 1478308 4
2669 40601 81202 2273656 5
2670 158865 953190 8419845 2
2671 65623 65623 590607 5
2672 69836 1396720 2583932 3
2673 60001 900015 2640044 4
2674 48832 1171968 2197440 5
2675 124246 4348610 7330514 5
2676 91473 457365 3475974 3
2677 2273 68190 134107 3
2678 40636 365724 1137808 2
2679 14961 119688 388986 4
2680 97735 1368290 5179955 4
2681 27376 1314048 1615184 5
2682 118200 1182000 3309600 2
2683 109374 984366 6671814 5
2684 150500 903000 7976500 1
2685 133549 2804529 5742607 3
2686 96969 1163628 4945419 5
2687 81113 1703373 2433390 5
2688 116388 1745820 5586624 2
2689 128673 1544076 2702133 5
2690 144400 2166000 3898800 2
2691 108676 1521464 5651152 5
2692 30656 91968 735744 5
2693 36512 0 657216 1
2694 49991 99982 1449739 1
2695 2187 21870 113724 1
2696 148415 296830 6233430 3
2697 5356 10712 299936 2
2698 96841 3873640 6778870 2
2699 36344 726880 1671824 5
2700 129066 774396 1290660 1
2701 110544 3095232 7406448 2
2702 150092 900552 6303864 2
2703 105337 1896066 5266850 3
2704 24344 146064 1363264 2
2705 52313 313878 3138780 1
2706 25610 921960 1971970 3
2707 55976 167928 279880 2
2708 79129 1582580 5697288 5
2709 104591 1568865 1673456 1
2710 4547 36376 181880 5
2711 65911 1581864 3888749 1
2712 122950 491800 2950800 2
2713 129914 519656 7275184 2
2714 115200 2304000 3110400 1
2715 93183 186366 745464 1
2716 35263 423156 1269468 2
2717 150161 3003220 9610304 2
2718 96648 0 3962568 5
2719 33331 466634 1733212 3
2720 16822 538304 555126 4
2721 74456 223368 1786944 3
2722 151574 1515740 2425184 1
2723 115451 1616314 5079844 5
2724 36724 0 257068 2
2725 61648 3945472 6349744 1
2726 71623 1074345 4583872 1
2727 4409 26454 105816 1
2728 146373 2049222 3659325 1
2729 90371 542226 2168904 2
2730 67602 1014030 4664538 1
2731 59938 119876 659318 1
2732 100152 300456 2503800 5
2733 112819 451276 3384570 4
2734 67410 539280 2022300 5
2735 33924 237468 441012 1
2736 125057 2000912 8128705 5
2737 105337 0 105337 1
2738 53536 1499008 4229344 3
2739 86509 1038108 5190540 5
2740 101662 1524930 3659832 4
2741 26243 393645 682318 3
2742 133366 2000490 2133856 4
2743 78576 2200128 2828736 3
2744 54073 757022 811095 4
2745 52584 736176 1787856 5
2746 132177 4626195 7930620 2
2747 21676 0 520224 3
2748 124793 1747102 1871895 2
2749 7451 104314 260785 3
2750 143710 574840 3161620 3
2751 146783 0 7045584 1
2752 109366 3827810 9733574 2
2753 55077 771078 1101540 2
2754 144322 2020508 2742118 5
2755 112237 448948 3142636 3
2756 64603 646030 4134592 4
2757 146522 2344352 5714358 2
2758 3750 93750 281250 3
2759 67154 537232 1275926 4
2760 34816 174080 557056 1
2761 86293 517758 1035516 2
2762 45130 812340 2888320 2
2763 61612 924180 1601912 1
2764 151564 1364076 6517252 3
2765 127412 3057888 8409192 1
2766 51979 519790 571769 1
2767 109840 1647600 3514880 5
2768 112008 1344096 2352168 2
2769 46151 276906 1476832 2
2770 11019 0 143247 3
2771 79931 1598620 2397930 4
2772 63217 2528680 3793020 3
2773 106046 1272552 2226966 1
2774 56520 226080 3278160 5
2775 2983 23864 32813 5
2776 4054 97296 263510 1
2777 151916 303832 2278740 3
2778 51715 413720 1913455 3
2779 94221 1507536 1884420 3
2780 103597 1657552 4869059 5
2781 83479 83479 3172202 2
2782 144675 434025 3616875 2
2783 103630 1243560 4456090 1
2784 45228 1085472 1628208 4
2785 109030 1744480 6105680 2
2786 82446 0 3462732 4
2787 128916 5156640 11602440 1
2788 51722 413776 2327490 2
2789 89015 2136360 5073855 5
2790 93775 843975 5814050 2
2791 18154 127078 780622 1
2792 160166 480498 800830 4
2793 109399 218798 875192 2
2794 107159 535795 1285908 1
2795 150844 754220 8145576 2
2796 156409 2346135 4848679 3
2797 102816 925344 4009824 1
2798 28416 284160 994560 3
2799 70942 0 709420 4
2800 153137 4900384 9035083 3
2801 140021 5600840 8541281 4
2802 100819 2520475 4637674 4
2803 142795 428385 5283415 4
2804 44160 618240 2296320 2
2805 2231 0 26772 4
2806 90874 4907196 5361566 3
2807 26301 736428 1052040 5
2808 67190 1410990 1612560 4
2809 1353 37884 89298 3
2810 158668 793340 8726740 2
2811 37054 592864 1704484 2
2812 19243 153944 692748 1
2813 120305 2165490 5654335 2
2814 46096 553152 2258704 3
2815 81901 982812 3276040 5
2816 11577 486234 856698 5
2817 123928 3469984 5452832 4
2818 86874 1389984 5125566 1
2819 20158 241896 322528 2
2820 56571 1979985 4582251 2
2821 84567 2537010 3720948 3
2822 48497 581964 3006814 4
2823 155308 776540 7765400 5
2824 122158 2198844 2931792 3
2825 20670 330720 909480 2
2826 13666 273320 710632 1
2827 106492 2981776 7560932 1
2828 61681 2467240 5427928 2
2829 140212 2523816 8132296 5
2830 66473 199419 531784 3
2831 24965 224685 1323145 4
2832 73480 2351360 3159640 5
2833 77391 773910 3327813 4
2834 89468 536808 4831272 5
2835 140080 2801600 9665520 1
2836 76887 1230192 4305672 1
2837 126438 5310396 8344908 3
2838 52879 105758 1163338 5
2839 57903 579030 1621284 1
2840 56189 674268 2809450 5
2841 56078 0 2691744 1
2842 25785 257850 825120 3
2843 100107 2002140 5605992 1
2844 123194 2587074 3079850 5
2845 156314 468942 7346758 1
2846 25732 360248 411712 4
2847 132560 2120960 3181440 1
2848 13524 27048 378672 3
2849 90803 1089636 2088469 3
2850 147858 0 2513586 5
2851 142518 285036 5843238 1
2852 62457 1311597 3747420 1
2853 128525 1285250 3341650 3
2854 100030 600180 4801440 1
2855 18127 145016 1123874 1
2856 79192 316768 395960 2
2857 145812 2624616 3791112 3
2858 152352 1066464 2894688 2
2859 7727 92724 409531 2
2860 30996 371952 1177848 1
2861 155278 776390 931668 2
2862 151044 1208352 3322968 1
2863 88938 355752 2223450 5
2864 7879 94548 338797 4
2865 34042 408504 1599974 4
2866 68665 1716625 2540605 2
2867 12397 185955 272734 5
2868 87079 522474 4266871 5
2869 2974 35688 95168 3
2870 90163 1803260 3245868 3
2871 41116 493392 1809104 2
2872 7421 44526 111315 1
2873 96296 1155552 4333320 4
2874 20331 121986 1118205 4
2875 82112 1231680 2873920 1
2876 117098 1405176 6440390 2
2877 85802 686416 2402456 1
2878 108300 324900 5415000 3
2879 128761 772566 4377874 3
2880 135981 543924 2447658 5
2881 37550 375500 788550 4
2882 108282 2273922 5522382 4
2883 130341 1564092 6908073 3
2884 101851 509255 3870338 1
2885 114853 7350592 10681329 1
2886 95438 2004198 4199272 4
2887 6054 24216 339024 4
2888 155347 1864164 3572981 5
2889 82512 247536 4373136 3
2890 14970 224550 823350 2
2891 14443 346632 548834 3
2892 8674 69392 260220 2
2893 14175 127575 382725 5
2894 155340 3728160 4970880 5
2895 132764 2124224 4646740 2
2896 99120 198240 3667440 5
2897 65556 590004 2360016 1
2898 50786 1218864 2437728 3
2899 125621 1004968 2009936 2
2900 92808 556848 1113696 2
2901 54235 1301640 4067625 2
2902 8648 77832 371864 4
2903 160737 321474 6911691 4
2904 118009 1416108 7670585 2
2905 153622 307244 5223148 4
2906 130047 3121128 7932867 2
2907 151887 1215096 2278305 1
2908 66065 1189170 3303250 3
2909 64415 193245 3091920 3
2910 12251 588048 882072 5
2911 86174 861740 4567222 5
2912 126411 126411 3413097 4
2913 128588 3086112 5400696 2
2914 45224 271344 1673288 4
2915 13470 0 444510 3
2916 93913 187826 939130 4
2917 111818 447272 4808174 2
2918 3548 74508 81604 2
2919 35225 70450 1232875 1
2920 48442 435978 2615868 1
2921 50741 608892 2232604 5
2922 76654 2682890 6208974 5
2923 109208 109208 5460400 2
2924 145730 1311570 3643250 2
2925 45631 365048 2646598 3
2926 82330 823300 2387570 3
2927 43348 130044 2210748 5
2928 104409 313227 4385178 4
2929 100617 0 2012340 5
2930 156067 4369876 12329293 4
2931 12875 618000 952750 3
2932 102024 1020240 2448576 2
2933 122369 2447380 4650022 4
2934 7706 107884 331358 3
2935 132467 264934 3709076 5
2936 7696 192400 323232 5
2937 143223 2291568 5299251 1
2938 13702 27404 246636 2
2939 133253 799518 3198072 1
2940 155348 1242784 4971136 1
2941 145938 4670016 8610342 4
2942 94616 1135392 5771576 5
2943 123509 247018 5804923 5
2944 21500 0 193500 3
2945 68611 274444 2950273 3
2946 37662 790902 2786988 5
2947 96940 872460 4653120 2
2948 91265 0 4471985 2
2949 110149 1101490 1982682 2
2950 44065 616910 1233820 3
2951 88082 0 88082 1
2952 122407 734442 7344420 4
2953 66516 399096 2926704 1
2954 103023 2472552 3605805 2
2955 64078 2691276 4998084 4
2956 68665 1373300 2609270 2
2957 13318 0 532720 3
2958 62267 0 3237884 5
2959 19485 272790 545580 1
2960 95024 1710432 6651680 2
2961 128837 1546044 6184176 3
2962 128913 1546956 6058911 4
2963 89559 1074708 3045006 4
2964 52546 788190 2574754 2
2965 79460 317840 2940020 5
2966 25738 205904 823616 3
2967 113261 1019349 6908921 5
2968 7772 15544 178756 2
2969 16357 392568 834207 5
2970 89921 2697630 3866603 4
2971 147885 3549240 3845010 2
2972 151971 3191391 8814318 5
2973 115356 0 4383528 1
2974 82676 1736196 4877884 5
2975 159366 2231124 3506052 3
2976 95870 1438050 4410020 3
2977 48771 292626 2243466 3
2978 79336 1190040 5474184 5
2979 99142 2379408 5849378 3
2980 111843 1342116 6039522 3
2981 145296 871776 1888848 3
2982 104949 4197960 7346430 2
2983 12805 51220 435370 5
2984 94471 661297 3684369 1
2985 51540 824640 3040860 3
2986 154156 4932992 5857928 3
2987 55660 890560 2727340 5
2988 127023 2667483 5461989 2
2989 145424 436272 3344752 4
2990 160549 1926588 5137568 4
2991 24815 49630 1017415 4
2992 62925 566325 3523800 3
2993 19800 316800 633600 1
2994 14384 258912 949344 4
2995 67756 271024 2100436 4
2996 60055 480440 960880 2
2997 66837 1604088 2539806 5
2998 53740 1289760 1988380 1
2999 158712 634848 952272 4
3000 17040 102240 681600 3
