0001 48 864 2304 5
0002 24712 148272 444816 3
0003 1182 7092 29550 2
0004 8893 133395 160074 1
0005 7060 35300 70600 5
0006 7422 89064 118752 4
0007 17278 51834 172780 4
0008 23287 139722 512314 3
0009 16789 302202 822661 2
0010 19708 19708 610948 2
0011 29359 880770 1233078 5
0012 14992 599680 779584 5
0013 14087 84522 295827 4
0014 24598 295176 713342 3
0015 22798 205182 455960 5
0016 4705 28230 122330 1
0017 26205 104820 707535 1
0018 19518 351324 663612 4
0019 11238 134856 427044 3
0020 14722 132498 309162 5
0021 30402 60804 729648 2
0022 28355 113420 850650 4
0023 12207 195312 354003 4
0024 8712 217800 226512 3
0025 17534 35068 543554 3
0026 2344 7032 44536 3
0027 28414 170484 397796 2
0028 23198 208782 579950 4
0029 30777 307770 984864 5
0030 7065 56520 148365 3
0031 18459 369180 443016 2
0032 4684 112416 238884 3
0033 8587 17174 111631 3
0034 11391 68346 205038 4
0035 717 3585 7887 5
0036 13300 199500 611800 2
0037 11856 59280 284544 3
0038 14714 117712 205996 3
0039 4427 132810 194788 5
0040 20040 320640 861720 1
0041 25170 151020 377550 2
0042 20720 414400 787360 2
0043 22386 783510 1164072 1
0044 16293 0 488790 1
0045 5072 91296 152160 4
0046 15127 363048 468937 5
0047 22290 89160 289770 4
0048 16789 705138 1175230 5
0049 21649 108245 541225 2
0050 11021 176336 198378 1
0051 22618 271416 588068 1
0052 16104 48312 209352 5
0053 15589 31178 140301 3
0054 28046 168276 560920 2
0055 27367 985212 1833589 1
0056 9757 29271 234168 2
0057 19385 232620 368315 5
0058 20366 61098 203660 2
0059 16013 48039 480390 1
0060 11000 275000 319000 3
0061 28798 86394 921536 3
0062 22334 89336 759356 5
0063 21314 191826 319710 5
0064 1017 5085 6102 5
0065 1172 4688 22268 3
0066 18555 222660 333990 4
0067 23223 371568 836028 1
0068 16031 48093 128248 3
0069 17867 357340 536010 3
0070 64 640 1280 2
0071 15776 0 220864 4
0072 22433 112165 381361 2
0073 23851 71553 214659 2
0074 28312 226496 424680 5
0075 8965 161370 349635 2
0076 8079 96948 113106 5
0077 9424 113088 179056 1
0078 12124 242480 581952 4
0079 15497 232455 278946 5
0080 26054 390810 807674 4
0081 15070 90420 452100 2
0082 11919 119190 441003 2
0083 16469 65876 461132 1
0084 4756 28536 156948 3
0085 26109 261090 287199 3
0086 24998 749940 1249900 1
0087 29038 522684 1190558 3
0088 19089 152712 343602 2
0089 21558 431160 711414 4
0090 16253 243795 520096 3
0091 21385 171080 470470 2
0092 12004 180060 360120 1
0093 20628 61884 701352 3
0094 27722 415830 1053436 4
0095 28429 568580 625438 4
0096 10070 50350 231610 4
0097 13220 237960 409820 5
0098 792 4752 12672 2
0099 13234 39702 172042 5
0100 19792 118752 237504 4
0101 9790 19580 283910 2
0102 19354 0 561266 4
0103 17138 68552 222794 2
0104 7303 182575 350544 1
0105 8916 213984 427968 2
0106 1781 35620 78364 3
0107 14333 71665 100331 5
0108 22150 265800 797400 4
0109 10715 128580 321450 1
0110 16410 32820 311790 4
0111 20873 166984 647063 2
0112 268 7504 8844 2
0113 3279 114765 206577 3
0114 16439 460292 920584 5
0115 4052 81040 141820 3
0116 14054 168648 435674 1
0117 21604 86416 172832 3
0118 24352 24352 389632 2
0119 16160 161600 597920 4
0120 28789 460624 1093982 2
0121 28284 113136 650532 5
0122 26995 269950 512905 5
0123 15137 136233 393562 2
0124 12282 0 233358 5
0125 24942 374130 1097448 4
0126 19991 239892 359838 2
0127 2292 9168 34380 4
0128 464 2784 3248 3
0129 20096 60288 381824 3
0130 25435 508700 737615 4
0131 27638 497484 967330 1
0132 6968 111488 271752 5
0133 20529 615870 1129095 4
0134 16292 97752 114044 2
0135 18386 73544 386106 4
0136 9059 27177 172121 3
0137 9262 185240 222288 1
0138 30965 123860 867020 4
0139 30874 493984 648354 4
0140 19259 0 96295 5
0141 20269 121614 689146 3
0142 8363 16726 200712 2
0143 19934 179406 398680 2
0144 8046 32184 136782 3
0145 28255 28255 847650 3
0146 29376 587520 998784 1
0147 23515 141090 258665 4
0148 22125 398250 1039875 3
0149 6991 174775 272649 3
0150 21520 258240 925360 2
0151 2466 49320 71514 1
0152 14766 44298 236256 4
0153 19597 156776 725089 4
0154 16268 195216 683256 2
0155 30841 740184 1048594 1
0156 14684 29368 132156 4
0157 19449 311184 855756 4
0158 16010 96060 176110 3
0159 17666 264990 494648 4
0160 2157 25884 49611 1
0161 620 12400 24180 1
0162 29331 146655 322641 1
0163 17992 107952 215904 1
0164 24800 396800 1016800 1
0165 9088 136320 145408 1
0166 17270 69080 466290 1
0167 13913 41739 236521 3
0168 19729 295935 710244 4
0169 14894 119152 253198 3
0170 9847 118164 167399 4
0171 29016 348192 899496 5
0172 15381 230715 353763 2
0173 30465 243720 944415 1
0174 1354 8124 50098 2
0175 17023 34046 527713 1
0176 17828 320904 427872 4
0177 7578 151560 356166 3
0178 15834 95004 348348 2
0179 12914 77484 154968 2
0180 14206 0 383562 5
0181 27771 416565 472107 5
0182 3874 15496 61984 5
0183 27485 109940 714610 3
0184 13879 0 402491 1
0185 3544 70880 180744 1
0186 23613 188904 236130 5
0187 16270 130160 423020 1
0188 23689 142134 710670 1
0189 26499 529980 1086459 1
0190 25076 601824 977964 5
0191 23963 47926 527186 3
0192 11744 70464 246624 2
0193 8394 25182 83940 1
0194 15145 151450 212030 3
0195 30824 0 554832 3
0196 27868 83604 473756 1
0197 8234 65872 172914 4
0198 4032 84672 165312 4
0199 10703 10703 288981 5
0200 29254 87762 263286 5
0201 4601 18404 73616 4
0202 24667 370005 690676 2
0203 12237 97896 452769 1
0204 16383 294894 409575 1
0205 17085 256275 546720 1
0206 7823 46938 140814 4
0207 18232 0 510496 1
0208 15966 255456 494946 2
0209 24376 219384 560648 1
0210 22384 335760 1007280 3
0211 11034 132408 452394 2
0212 15911 127288 445508 4
0213 26309 105236 394635 4
0214 24019 120095 480380 2
0215 4728 37824 47280 4
0216 25565 153390 460170 2
0217 5785 11570 190905 5
0218 7947 190728 381456 1
0219 25447 458046 1145115 3
0220 20380 305700 529880 1
0221 14747 117976 221205 3
0222 12041 12041 36123 3
0223 9795 58770 225285 1
0224 15292 305840 764600 5
0225 3243 3243 51888 3
0226 27614 165684 883648 5
0227 4387 8774 135997 4
0228 16912 67648 405888 5
0229 23277 558648 861249 3
0230 24870 994800 1467330 1
0231 26358 316296 1027962 4
0232 4391 52692 74647 4
0233 9965 59790 338810 3
0234 30526 122104 305260 1
0235 10430 125160 177310 1
0236 2767 33204 113447 4
0237 29228 467648 643016 5
0238 28932 347184 607572 4
0239 7627 22881 213556 5
0240 24594 196752 713226 5
0241 1426 17112 52762 1
0242 2614 62736 88876 4
0243 14504 261072 319088 1
0244 10628 159420 255072 3
0245 28469 0 256221 5
0246 2279 18232 34185 4
0247 6877 20631 171925 4
0248 4275 34200 98325 3
0249 14029 168348 336696 1
0250 761 9132 28918 2
0251 11643 174645 535578 2
0252 13815 483525 897975 3
0253 26907 0 26907 5
0254 29898 448470 1076328 3
0255 10366 124392 445738 4
0256 10330 92970 258250 1
0257 25017 450306 725493 5
0258 14679 117432 484407 3
0259 925 11100 17575 1
0260 7925 95100 118875 5
0261 8071 32284 104923 5
0262 21014 63042 651434 4
0263 21793 0 675583 1
0264 22273 668190 735009 5
0265 13267 212272 451078 5
0266 30718 737232 1198002 5
0267 14895 238320 417060 5
0268 26817 80451 536340 3
0269 27511 660264 1127951 2
0270 275 1375 1650 5
0271 22197 399546 665910 2
0272 1421 5684 28420 5
0273 26676 26676 800280 2
0274 15053 180636 240848 3
0275 13620 408600 572040 4
0276 23847 357705 524634 1
0277 26434 105736 264340 4
0278 1643 0 3286 2
0279 3190 31900 38280 3
0280 11502 207036 356562 1
0281 29629 88887 207403 2
0282 19538 39076 273532 1
0283 23450 703500 1195950 2
0284 23685 142110 521070 2
0285 22005 132030 242055 4
0286 12360 309000 543840 5
0287 11456 91648 171840 2
0288 29756 178536 833168 1
0289 4215 101160 147525 5
0290 12415 99320 384865 4
0291 12659 253180 291157 1
0292 15913 95478 127304 2
0293 23562 565488 1272348 2
0294 6907 82884 89791 4
0295 3474 41688 138960 5
0296 10244 40976 338052 3
0297 20992 503808 818688 3
0298 11455 22910 148915 2
0299 8592 8592 266352 2
0300 2814 33768 87234 5
0301 14385 258930 676095 1
0302 13675 82050 150425 5
0303 20840 250080 375120 3
0304 4782 19128 124332 5
0305 15822 47466 79110 1
0306 6580 32900 78960 1
0307 28205 253845 451280 4
0308 20470 163760 798330 2
0309 21969 395442 856791 5
0310 12391 297384 483249 1
0311 7884 47304 157680 2
0312 14647 29294 131823 1
0313 27282 272820 709332 1
0314 13023 65115 104184 5
0315 29916 269244 717984 2
0316 22777 68331 136662 3
0317 10165 101650 365940 2
0318 10139 121668 435977 3
0319 955 15280 27695 5
0320 4204 8408 58856 2
0321 16165 193980 517280 1
0322 4303 4303 68848 3
0323 11098 99882 399528 5
0324 30166 271494 542988 1
0325 6536 39216 137256 2
0326 197 3940 4728 1
0327 16565 99390 364430 2
0328 18292 329256 457300 3
0329 17430 209160 313740 4
0330 1789 5367 55459 3
0331 13919 0 180947 5
0332 18559 74236 334062 2
0333 532 9576 10640 2
0334 2045 2045 18405 4
0335 45 810 1035 5
0336 1734 15606 43350 5
0337 24620 295440 960180 4
0338 9388 0 112656 1
0339 106 636 2226 5
0340 24653 295836 419101 5
0341 25653 718284 1180038 5
0342 11828 106452 248388 4
0343 24781 0 421277 3
0344 26260 157560 577720 2
0345 30334 30334 970688 1
0346 20158 161264 705530 4
0347 26051 625224 781530 1
0348 22413 336195 874107 3
0349 7258 87096 145160 2
0350 29663 118652 533934 4
0351 28258 423870 1299868 5
0352 6013 120260 306663 5
0353 6890 165360 337610 2
0354 12343 61715 407319 4
0355 5704 45632 102672 4
0356 21055 126330 252660 2
0357 17224 206688 602840 1
0358 12221 73326 415514 1
0359 7577 181848 371273 2
0360 27202 435232 462434 5
0361 14149 169788 410321 2
0362 5642 22568 191828 2
0363 12539 250780 589333 1
0364 14340 57360 444540 4
0365 4165 8330 24990 1
0366 21676 130056 671956 2
0367 27056 108224 757568 3
0368 5060 75900 166980 1
0369 16297 32594 358534 1
0370 15421 185052 647682 5
0371 30084 451260 782184 1
0372 1412 1412 35300 2
0373 2034 12204 56952 2
0374 7497 29988 172431 4
0375 13579 81474 271580 1
0376 7701 46206 254133 1
0377 7490 112350 164780 5
0378 24965 74895 274615 4
0379 21325 255900 490475 4
0380 4429 35432 57577 3
0381 10901 163515 261624 5
0382 7248 14496 79728 3
0383 13024 208384 286528 3
0384 2018 30270 72648 3
0385 1212 7272 13332 4
0386 12537 376110 501480 2
0387 19164 191640 402444 5
0388 13761 110088 123849 1
0389 8520 170400 187440 5
0390 10607 127284 159105 5
0391 13196 0 303508 5
0392 26624 133120 239616 2
0393 3049 73176 109764 2
0394 10438 187884 281826 5
0395 23340 350100 443460 4
0396 27673 221384 276730 5
0397 2433 36495 80289 2
0398 21656 108280 238216 5
0399 315 6300 8820 3
0400 24134 289608 796422 3
0401 22629 0 158403 3
0402 10596 254304 349668 4
0403 24353 0 730590 2
0404 24802 148812 471238 2
0405 24881 373215 398096 4
0406 30328 303280 394264 5
0407 27064 27064 378896 1
0408 17664 70656 512256 4
0409 23288 698640 838368 1
0410 13759 82554 302698 4
0411 22720 68160 522560 5
0412 10946 218920 514462 1
0413 10590 84720 190620 1
0414 3893 31144 73967 4
0415 27478 274780 357214 4
0416 28828 432420 1326088 5
0417 15002 150020 420056 3
0418 24866 74598 348124 1
0419 18476 295616 757516 4
0420 22854 45708 251394 2
0421 18311 73244 476086 3
0422 14301 57204 143010 4
0423 30164 361968 844592 2
0424 707 11312 21210 5
0425 11699 175485 222281 4
0426 10226 122712 357910 5
0427 19431 77724 233172 1
0428 15632 31264 359536 1
0429 16208 0 226912 1
0430 3313 3313 26504 3
0431 13748 0 164976 5
0432 12090 120900 169260 4
0433 27384 547680 629832 1
0434 16645 99870 199740 5
0435 24499 24499 440982 3
0436 21147 380646 1015056 5
0437 21584 86336 259008 3
0438 6706 40236 160944 1
0439 371 2226 7049 3
0440 10195 20390 254875 1
0441 14869 133821 163559 4
0442 10882 43528 250286 5
0443 30659 613180 705157 4
0444 27531 660744 1459143 3
0445 14335 43005 114680 5
0446 13519 13519 162228 1
0447 7848 15696 180504 2
0448 22699 363184 771766 1
0449 17506 350120 420144 3
0450 18811 376220 808873 4
0451 5278 105560 168896 1
0452 15103 120824 483296 1
0453 19030 38060 589930 4
0454 29 435 957 3
0455 23647 212823 898586 1
0456 26089 104356 234801 1
0457 21646 216460 779256 3
0458 1082 8656 17312 3
0459 12792 127920 179088 1
0460 27821 83463 723346 5
0461 9309 148944 288579 3
0462 23618 141708 543214 3
0463 29631 533358 740775 5
0464 7266 29064 159852 2
0465 1112 22240 41144 4
0466 9589 345204 527395 2
0467 29817 298170 536706 5
0468 5258 63096 199804 4
0469 18254 36508 474604 5
0470 16446 296028 493380 2
0471 19071 114426 667485 2
0472 16159 64636 96954 1
0473 19066 381320 495716 1
0474 22376 447520 783160 2
0475 9821 147315 343735 1
0476 22880 549120 1258400 1
0477 26469 211752 1032291 2
0478 17721 265815 744282 5
0479 4261 102264 157657 4
0480 19590 235080 626880 4
0481 15297 0 61188 2
0482 22037 44074 705184 5
0483 7842 94104 329364 1
0484 25256 50512 227304 2
0485 22628 67884 384676 4
0486 26775 107100 535500 2
0487 12954 194310 388620 5
0488 22396 335940 1007820 5
0489 15809 252944 553315 3
0490 27806 417090 1028822 4
0491 14303 71515 257454 3
0492 18373 440952 918650 2
0493 2148 77328 122436 3
0494 22768 273216 796880 2
0495 10123 161968 475781 4
0496 10374 51870 82992 3
0497 12468 249360 386508 3
0498 2111 75996 111883 4
0499 15110 30220 468410 5
0500 28977 173862 695448 3
0501 10731 32193 343392 5
0502 27476 192332 824280 1
0503 28448 199136 625856 5
0504 11381 204858 455240 2
0505 465 7440 13950 4
0506 22575 112875 744975 5
0507 24005 288060 360075 3
0508 5535 55350 221400 1
0509 7660 191500 206820 1
0510 3286 32860 59148 3
0511 9756 58536 214632 1
0512 21932 109660 372844 3
0513 16982 101892 543424 4
0514 25064 75192 150384 2
0515 2868 28680 34416 4
0516 14311 171732 529507 5
0517 21141 63423 507384 4
0518 2229 22290 44580 4
0519 11791 188656 518804 1
0520 7419 111285 244827 1
0521 25370 228330 710360 5
0522 14781 266058 724269 4
0523 28426 682224 1222318 2
0524 25722 154332 900270 3
0525 6995 139900 293790 5
0526 6846 68460 232764 1
0527 28308 679392 820932 5
0528 16421 197052 673261 1
0529 20108 361944 663564 1
0530 18252 182520 547560 3
0531 27850 696250 1531750 2
0532 6952 34760 111232 3
0533 21626 129756 670406 4
0534 2271 45420 54504 5
0535 18959 303344 739401 2
0536 8872 70976 115336 4
0537 13819 345475 773864 1
0538 633 10128 22155 2
0539 18129 217548 398838 2
0540 2643 15858 23787 4
0541 22380 402840 805680 1
0542 11250 67500 78750 1
0543 2659 21272 103701 3
0544 11312 45248 237552 4
0545 16275 97650 602175 4
0546 14684 44052 58736 5
0547 2591 20728 23319 3
0548 20575 61725 82300 4
0549 21551 172408 624979 2
0550 4599 36792 82782 4
0551 6787 67870 128953 3
0552 26956 215648 269560 3
0553 29296 234368 1083952 4
0554 18186 72744 618324 5
0555 2783 116886 128018 2
0556 24953 374295 1147838 1
0557 22972 275664 872936 3
0558 10072 30216 231656 3
0559 264 4224 10560 5
0560 29737 356844 1248954 1
0561 22465 44930 314510 5
0562 21992 175936 329880 4
0563 27942 139710 894144 1
0564 17171 0 34342 3
0565 10808 194544 226968 5
0566 22208 355328 777280 2
0567 26063 0 364882 4
0568 23934 119670 861624 4
0569 28603 171618 858090 5
0570 2880 43200 92160 1
0571 12012 0 216216 1
0572 6929 138580 159367 1
0573 10649 106490 149086 1
0574 13920 41760 180960 1
0575 27635 55270 911955 4
0576 4914 24570 39312 1
0577 15629 31258 312580 4
0578 7546 60368 196196 4
0579 20822 41644 187398 3
0580 12159 145908 425565 5
0581 25452 458136 1247148 4
0582 20424 40848 183816 3
0583 9894 9894 286926 3
0584 23804 476080 856944 1
0585 29658 237264 444870 1
0586 25374 355236 888090 3
0587 22149 221490 775215 2
0588 11893 107037 356790 4
0589 18792 338256 601344 5
0590 1925 26950 86625 5
0591 21444 192996 407436 5
0592 23851 0 214659 2
0593 29333 58666 645326 3
0594 7628 61024 251724 3
0595 8069 40345 193656 2
0596 30144 0 844032 5
0597 30876 370512 555768 4
0598 2893 23144 107041 3
0599 25870 620880 1319370 5
0600 17770 53310 142160 5
0601 19076 114456 495976 3
0602 26312 26312 131560 5
0603 11151 111510 122661 4
0604 25149 75447 829917 2
0605 17767 106602 586311 5
0606 24244 145464 727320 3
0607 17442 69768 104652 3
0608 18753 300048 431319 3
0609 6672 53376 186816 2
0610 1724 20688 37928 1
0611 24186 241860 894882 2
0612 1089 21780 27225 1
0613 6136 30680 36816 3
0614 3365 33650 114410 5
0615 21197 254364 593516 4
0616 16985 203820 441610 3
0617 11282 45128 338460 1
0618 4112 65792 127472 5
0619 20519 82076 492456 4
0620 11254 101286 247588 1
0621 7434 89208 200718 4
0622 16287 32574 260592 3
0623 30220 483520 695060 3
0624 13616 13616 435712 1
0625 10735 193230 236170 4
0626 20941 523525 879522 5
0627 21858 131148 327870 1
0628 30533 366396 977056 4
0629 27643 221144 1078077 3
0630 1661 49830 61457 5
0631 3483 17415 24381 2
0632 23265 651420 1372635 4
0633 860 5160 13760 1
0634 18467 554010 1071086 3
0635 3640 43680 127400 1
0636 29987 239896 1169493 3
0637 14984 59936 509456 4
0638 7419 89028 289341 1
0639 8441 101292 253230 2
0640 28507 85521 199549 2
0641 17164 51492 68656 1
0642 28016 168096 840480 1
0643 13759 137590 495324 1
0644 12672 228096 266112 3
0645 11411 91288 399385 5
0646 19613 235356 745294 1
0647 27925 111700 698125 2
0648 5591 22364 117411 1
0649 16203 97218 113421 4
0650 23862 190896 334068 3
0651 21686 325290 390348 5
0652 26591 159546 558411 3
0653 23888 143328 406096 5
0654 8912 53472 222800 3
0655 15191 91146 486112 4
0656 20363 183267 733068 5
0657 8071 225988 242130 4
0658 6859 102885 294937 2
0659 8810 35240 237870 4
0660 4107 41070 53391 5
0661 26712 160272 427392 2
0662 22959 0 436221 5
0663 27147 162882 488646 5
0664 25700 51400 719600 3
0665 1853 37060 42619 1
0666 4739 37912 146909 5
0667 9317 139755 223608 5
0668 23948 0 23948 5
0669 30534 152670 274806 4
0670 18207 218484 637245 5
0671 27527 275270 963445 5
0672 19524 58572 351432 3
0673 27165 54330 842115 2
0674 19450 58350 564050 5
0675 10328 82624 309840 3
0676 321 963 2568 5
0677 3921 31368 148998 4
0678 22380 111900 380460 4
0679 10238 122856 378806 2
0680 2687 67175 102106 2
0681 24676 370140 814308 1
0682 7365 73650 147300 3
0683 17599 527970 598366 3
0684 11933 0 334124 5
0685 14252 57008 427560 3
0686 6199 37194 105383 4
0687 18758 75032 243854 3
0688 12228 440208 733680 1
0689 29803 357636 983499 1
0690 11722 23444 70332 3
0691 346 3460 4152 1
0692 12806 307344 499434 5
0693 13402 40206 241236 4
0694 9461 94610 312213 4
0695 634 7608 22190 2
0696 8163 0 89793 4
0697 11827 70962 118270 4
0698 19396 77584 387920 4
0699 4019 64304 96456 2
0700 14715 176580 294300 1
0701 22994 0 574850 4
0702 14870 297400 654280 1
0703 25683 154098 565026 2
0704 6872 27488 233648 5
0705 4257 12771 106425 3
0706 7120 42720 163760 3
0707 18556 55668 148448 1
0708 15141 30282 242256 2
0709 18352 110112 220224 2
0710 12401 310025 446436 1
0711 24118 361770 916484 4
0712 22621 180968 859598 2
0713 24656 147936 813648 5
0714 16962 101772 491898 4
0715 15428 185136 663404 4
0716 2046 18414 57288 4
0717 561 11220 21879 3
0718 19807 79228 554596 2
0719 18421 165789 442104 2
0720 1535 18420 35305 5
0721 4113 37017 53469 2
0722 17763 355260 373023 4
0723 3362 6724 110946 1
0724 29655 237240 1008270 4
0725 29535 59070 679305 3
0726 25034 0 625850 1
0727 468 0 1404 3
0728 15307 0 290833 2
0729 6778 101670 203340 1
0730 21966 109830 395388 1
0731 17316 346320 571428 4
0732 6289 62890 113202 4
0733 19521 0 214731 4
0734 5200 52000 114400 4
0735 26284 105136 630816 4
0736 30798 184788 554364 2
0737 28420 113680 284200 1
0738 3175 28575 41275 2
0739 9023 36092 126322 3
0740 14569 291380 437070 4
0741 17401 87005 539431 3
0742 16814 33628 218582 3
0743 9494 0 227856 3
0744 7824 31296 211248 4
0745 11567 46268 242907 5
0746 2874 28740 91968 3
0747 7445 22335 37225 1
0748 8540 42700 230580 3
0749 6423 38538 122037 3
0750 14896 446880 491568 5
0751 18273 73092 91365 3
0752 19581 78324 156648 4
0753 30250 181500 211750 1
0754 29252 117008 292520 1
0755 1884 0 11304 1
0756 3085 55530 104890 1
0757 22409 89636 784315 2
0758 27846 55692 612612 4
0759 6163 24652 191053 3
0760 3133 65793 119054 1
0761 9512 38048 161704 3
0762 22158 265896 487476 3
0763 18633 111798 652155 4
0764 11434 182944 217246 2
0765 13214 264280 290708 4
0766 9608 48040 345888 3
0767 29018 348216 1102684 3
0768 10636 42544 127632 2
0769 11400 182400 364800 1
0770 6871 61839 109936 1
0771 15919 15919 127352 4
0772 19553 488825 782120 3
0773 25594 153564 870196 1
0774 12106 217908 290544 2
0775 24568 294816 368520 5
0776 4459 26754 35672 3
0777 15667 78335 360341 3
0778 8083 16166 218241 4
0779 29486 147430 353832 1
0780 13165 157980 513435 5
0781 7928 15856 126848 4
0782 25373 126865 456714 3
0783 23563 47126 235630 1
0784 29852 149260 1044820 2
0785 30552 366624 947112 3
0786 7906 158120 260898 5
0787 537 4296 20406 5
0788 13941 0 306702 1
0789 6308 37848 201856 4
0790 11417 342510 605101 1
0791 4129 99096 111483 3
0792 21353 170824 192177 1
0793 30769 61538 769225 5
0794 14488 260784 275272 4
0795 13647 13647 341175 2
0796 4403 17612 66045 1
0797 30237 120948 393081 4
0798 23872 286464 572928 2
0799 19666 353988 373654 4
0800 30001 360012 990033 4
0801 14421 230736 302841 3
0802 25566 409056 945942 3
0803 25613 512260 665938 5
0804 10160 121920 436880 4
0805 5603 56030 224120 4
0806 19850 238200 436700 3
0807 26213 157278 498047 1
0808 15311 229665 688995 4
0809 2601 13005 36414 5
0810 14038 421140 701900 3
0811 30756 123024 1076460 3
0812 18408 220896 607464 1
0813 9118 109416 209714 3
0814 27701 166206 387814 1
0815 28067 701675 1403350 5
0816 21865 65595 218650 1
0817 8465 25395 169300 5
0818 24642 394272 1084248 3
0819 12066 108594 120660 3
0820 6825 13650 129675 2
0821 12225 73350 452325 1
0822 8580 171600 317460 4
0823 11654 93232 151502 2
0824 16135 64540 129080 2
0825 24323 291876 1021566 1
0826 9469 170442 350353 5
0827 8646 103752 311256 2
0828 24480 122400 269280 3
0829 19075 19075 324275 2
0830 22639 45278 271668 2
0831 6769 27076 182763 5
0832 24161 48322 386576 4
0833 10473 314190 576015 4
0834 26172 104688 837504 2
0835 20173 121038 302595 4
0836 24589 245890 270479 2
0837 16156 32312 145404 1
0838 3578 53670 100184 4
0839 23093 138558 230930 5
0840 1572 18864 51876 4
0841 5320 79800 244720 3
0842 7821 39105 273735 2
0843 25827 309924 490713 1
0844 20947 251364 356099 3
0845 15906 95436 349932 1
0846 24016 480320 1200800 1
0847 27263 163578 572523 1
0848 7524 90288 248292 3
0849 17488 437200 717008 2
0850 29722 297220 386386 4
0851 13858 13858 291018 1
0852 19433 97165 505258 3
0853 13868 69340 221888 1
0854 6608 0 13216 2
0855 30556 61112 886124 1
0856 19436 77744 349848 2
0857 6685 133700 207235 4
0858 3536 56576 63648 3
0859 8466 67728 270912 3
0860 10870 195660 391320 3
0861 21413 171304 492499 3
0862 2501 20008 97539 3
0863 4780 114720 262900 4
0864 2452 9808 66204 2
0865 23615 70845 543145 4
0866 16640 133120 382720 5
0867 25371 380565 989469 5
0868 217 868 7378 3
0869 25661 179627 487559 5
0870 17145 68580 205740 3
0871 5649 67788 129927 5
0872 6896 62064 227568 1
0873 7857 94284 188568 3
0874 23621 118105 165347 1
0875 7418 0 51926 4
0876 105 420 2415 4
0877 13163 210608 355401 4
0878 22185 44370 288405 3
0879 15617 0 327957 3
0880 27393 219144 493074 1
0881 13277 39831 53108 5
0882 18431 331758 350189 4
0883 14402 172824 446462 3
0884 1778 10668 16002 3
0885 9756 175608 331704 2
0886 10636 191448 499892 4
0887 14678 88068 440340 3
0888 8631 129465 181251 5
0889 6659 26636 146498 4
0890 7347 14694 191022 3
0891 17543 210516 333317 4
0892 25290 227610 657540 4
0893 4187 104675 226098 4
0894 6327 25308 50616 1
0895 29643 237144 711432 4
0896 15889 95334 540226 2
0897 16373 196476 327460 1
0898 9694 116328 155104 2
0899 18424 55272 257936 1
0900 24886 99544 721694 4
0901 20610 82440 535860 3
0902 19782 197820 712152 2
0903 14911 298220 566618 4
0904 3292 13168 42796 2
0905 27838 222704 473246 3
0906 2448 48960 90576 4
0907 29084 58168 407176 1
0908 15126 181512 559662 1
0909 5916 141984 218892 2
0910 11316 101844 396060 4
0911 29828 59656 238624 5
0912 547 1641 11487 3
0913 15166 303320 515644 3
0914 28615 57230 85845 4
0915 21106 84424 569862 3
0916 16065 192780 674730 1
0917 15707 0 125656 3
0918 5684 22736 45472 4
0919 4323 108075 112398 3
0920 25638 307656 871692 5
0921 28127 421905 956318 3
0922 24546 98184 466374 4
0923 27318 273180 300498 1
0924 5298 15894 148344 5
0925 23374 233740 958334 1
0926 21082 168656 716788 2
0927 5074 30444 142072 2
0928 7184 28736 251440 3
0929 6194 37164 216790 4
0930 17082 0 34164 1
0931 4504 67560 108096 4
0932 6607 26428 112319 5
0933 1974 31584 84882 4
0934 26605 53210 744940 4
0935 12429 186435 298296 4
0936 9814 117768 127582 1
0937 23305 69915 209745 2
0938 792 27720 39600 2
0939 9681 19362 135534 3
0940 28431 454896 881361 1
0941 4748 28488 75968 5
0942 22814 342210 615978 5
0943 21961 219610 812557 5
0944 28620 114480 314820 3
0945 24720 98880 568560 3
0946 12063 36189 156819 5
0947 4389 52668 100947 1
0948 22484 112420 202356 2
0949 3489 13956 111648 3
0950 2365 85140 113520 2
0951 9744 116928 146160 5
0952 22254 133524 244794 3
0953 28806 172836 518508 5
0954 6260 93900 269180 2
0955 2488 29856 37320 3
0956 3803 30424 72257 4
0957 7548 37740 90576 5
0958 24091 72273 530002 4
0959 2345 14070 58625 5
0960 12963 103704 453705 5
0961 11566 34698 323848 2
0962 18976 227712 702112 5
0963 27013 135065 810390 4
0964 13064 52256 195960 4
0965 1436 1436 15796 1
0966 11466 275184 343980 2
0967 2329 0 55896 5
0968 15039 120312 571482 4
0969 12044 144528 168616 4
0970 27573 165438 772044 4
0971 7799 23397 257367 3
0972 20357 203570 549639 5
0973 26964 161784 889812 2
0974 10121 30363 172057 1
0975 23185 347775 579625 5
0976 4108 8216 12324 1
0977 17125 205500 428125 2
0978 10457 83656 345081 3
0979 24548 24548 368220 4
0980 18185 90925 509180 3
0981 8717 43585 252793 2
0982 15972 479160 702768 5
0983 8877 106524 355080 4
0984 1826 7304 31042 5
0985 10639 31917 106390 5
0986 7087 85044 184262 4
0987 28706 688944 832474 4
0988 7224 57792 252840 3
0989 9028 180560 451400 2
0990 9873 29619 217206 5
0991 26751 160506 615273 3
0992 28620 343440 572400 2
0993 22546 45092 698926 4
0994 556 5560 8896 2
0995 12753 153036 344331 3
0996 415 1245 9130 4
0997 15220 273960 532700 4
0998 10138 30414 283864 5
0999 10975 0 285350 4
1000 16204 388896 680568 4
