0001 96355 2023455 4528685 2
0002 71971 215913 1151536 1
0003 16692 467376 1218516 3
0004 82916 331664 912076 3
0005 30096 60192 1324224 5
0006 79340 952080 4998420 3
0007 41266 1733172 1898236 5
0008 107295 429180 643770 1
0009 36101 324909 2093858 1
0010 86661 259983 4073067 1
0011 136085 1633020 3538210 4
0012 117805 942440 2709515 3
0013 78066 0 3591036 5
0014 10674 149436 672462 4
0015 39535 158140 830235 5
0016 47785 238925 2054755 1
0017 142792 2284672 4997720 2
0018 161210 2256940 8382920 1
0019 102061 612366 4796867 1
0020 10446 104460 167136 4
0021 150857 7241136 7693707 4
0022 107727 215454 4955442 2
0023 7371 309582 538083 4
0024 128736 1544832 3347136 1
0025 105649 2535576 6655887 4
0026 154753 2166542 5261602 5
0027 149684 2245260 3742100 1
0028 133333 1599996 3733324 1
0029 158521 475563 7291966 5
0030 157994 4739820 5213802 4
0031 29515 354180 944480 2
0032 96503 386012 675521 1
0033 116538 233076 5593824 1
0034 69573 417438 2226336 3
0035 10498 94482 335936 5
0036 109096 763672 3491072 2
0037 65135 3126480 6643770 2
0038 121078 1089702 4722042 5
0039 16740 401760 569160 5
0040 113011 2825275 5650550 4
0041 47338 94676 946760 5
0042 147994 0 6807724 1
0043 87809 526854 4302641 1
0044 98694 592164 4441230 4
0045 150251 4507530 5258785 2
0046 129516 518064 7382412 4
0047 127822 2045152 7413676 1
0048 150344 2405504 4059288 2
0049 125296 2505920 4009472 2
0050 83062 2491860 4651472 2
0051 39661 951864 991525 2
0052 113791 3186148 5575759 5
0053 121324 485296 4246340 5
0054 53304 0 1759032 5
0055 158809 1905708 3970225 1
0056 129226 1292260 2196842 3
0057 83099 1329584 5401435 5
0058 67288 1211184 1480336 4
0059 116790 1167900 3036540 3
0060 7199 21597 367149 1
0061 111818 894544 2124542 1
0062 35752 1072560 1358576 5
0063 51122 817952 869074 5
0064 80739 1291824 2664387 1
0065 105310 2106200 4317710 5
0066 59742 298710 955872 4
0067 59242 710904 1718018 5
0068 44062 440620 2379348 2
0069 15908 222712 509056 5
0070 85420 1195880 5808560 5
0071 49164 245820 294984 1
0072 110372 1765952 5408228 3
0073 158902 794510 8898512 2
0074 78267 782670 2661078 4
0075 2508 80256 158004 4
0076 51117 1226808 2555850 3
0077 117870 942960 2828880 3
0078 144076 2305216 8932712 4
0079 2787 16722 25083 4
0080 38123 304984 1563043 2
0081 52160 834560 3651200 2
0082 37755 302040 2303055 5
0083 9015 72120 531885 3
0084 7486 209608 411730 1
0085 97609 1561744 3904360 2
0086 26552 424832 1327600 1
0087 70153 1262754 2595661 1
0088 49416 0 691824 4
0089 42590 1022160 1959140 5
0090 44636 133908 1115900 1
0091 80670 1936080 6050250 3
0092 144306 721530 2164590 3
0093 48104 577248 1010184 3
0094 154169 2312535 9250140 5
0095 5978 71736 382592 5
0096 136963 1643556 5341557 4
0097 4736 85248 331520 5
0098 63203 2022496 4803428 4
0099 62566 625660 2252376 3
0100 110270 1323240 4521070 4
0101 90441 542646 5064696 2
0102 140354 1263186 1543894 3
0103 11571 57855 566979 3
0104 154945 0 3253845 3
0105 90420 361680 3616800 4
0106 123022 4920880 9349672 3
0107 24394 0 414698 4
0108 64685 129370 3169565 2
0109 26697 160182 1521729 5
0110 12346 197536 432110 1
0111 93536 1122432 2525472 3
0112 28746 1006110 2242188 2
0113 91097 1457552 3826074 5
0114 81688 3921024 4819592 3
0115 72978 291912 2043384 4
0116 154398 617592 3705552 4
0117 100607 804856 3722459 5
0118 135137 810822 1216233 1
0119 22939 550536 1674547 4
0120 145162 2322592 8709720 3
0121 103864 2908192 4570016 1
0122 7645 61160 344025 4
0123 36948 332532 960648 5
0124 4607 27642 184280 3
0125 97016 3395560 7858296 1
0126 43039 860780 1635482 2
0127 61217 0 2693548 3
0128 161184 3868416 12411168 3
0129 2221 0 24431 5
0130 158139 1265112 9013923 2
0131 21580 647400 1273220 3
0132 11768 23536 517792 2
0133 124208 993664 3602032 4
0134 7490 14980 89880 3
0135 134603 2826663 7672371 2
0136 25448 534408 1297848 1
0137 106472 1597080 5217128 3
0138 89519 1074228 5818735 4
0139 88102 1409632 1585836 4
0140 128684 1544208 7978408 4
0141 24673 49346 1085612 3
0142 66746 1001190 3270554 1
0143 153642 4916544 6452964 2
0144 19587 78348 1096872 1
0145 21368 299152 1239344 5
0146 52358 1256592 1518382 1
0147 155595 2178330 8713320 2
0148 81457 3258280 3665565 4
0149 88137 1850877 4318713 2
0150 7138 14276 192726 2
0151 26164 78492 156984 5
0152 25786 257860 1444016 2
0153 53877 1508556 2047326 2
0154 85883 0 3607086 3
0155 11452 22904 343560 1
0156 70666 565328 2402644 5
0157 14656 87936 381056 1
0158 106666 213332 2986648 5
0159 161143 3867432 9346294 5
0160 86671 520026 1906762 2
0161 2725 2725 8175 2
0162 122392 4895680 7710696 4
0163 106742 2561808 4696648 5
0164 29846 358152 1522146 1
0165 128874 2319732 5928204 2
0166 97459 389836 3021229 5
0167 56166 673992 2976798 2
0168 133548 2003220 3205152 2
0169 54464 3049984 5991040 1
0170 148833 297666 744165 5
0171 53512 1872920 4655544 1
0172 43165 863300 2805725 2
0173 160861 321722 4504108 4
0174 148051 4441530 11992131 5
0175 61769 988304 1420687 5
0176 34326 205956 1887930 5
0177 43838 350704 2498766 1
0178 120202 0 1682828 2
0179 82088 328352 1641760 5
0180 50325 150975 352275 3
0181 133703 2139248 2272951 1
0182 131391 525564 6700941 2
0183 46794 561528 3041610 3
0184 108968 326904 5339432 5
0185 88910 1066920 2222750 5
0186 98680 2072280 3059080 4
0187 94210 1413150 4145240 2
0188 66166 396996 2381976 5
0189 6950 111200 187650 1
0190 137447 824682 4673198 2
0191 59720 238880 1791600 3
0192 31498 94494 251984 3
0193 131088 2097408 7603104 2
0194 94301 2829030 5469458 3
0195 26386 844352 1266528 2
0196 127114 1016912 7499726 1
0197 128497 128497 1670461 3
0198 141495 1131960 6791760 1
0199 105703 2959684 4439526 1
0200 10882 174112 576746 2
0201 91669 1100028 1650042 1
0202 63041 252164 1008656 1
0203 28766 460256 1265704 2
0204 19905 477720 1373445 2
0205 97612 0 3611644 3
0206 45276 90552 271656 3
0207 918 36720 55998 1
0208 90921 2909472 5546181 3
0209 42484 254904 892164 1
0210 24442 366630 953238 4
0211 119034 2499714 8094312 3
0212 29588 147940 1538576 1
0213 27358 82074 1176394 5
0214 121636 608180 2919264 2
0215 8671 130065 580957 2
0216 88624 531744 1152112 3
0217 129873 1168857 5974158 3
0218 1062 25488 76464 5
0219 65478 1047648 1571472 4
0220 20373 427833 1466856 2
0221 81263 0 2275364 3
0222 1370 9590 47950 4
0223 104185 625110 833480 1
0224 65384 1830752 2615360 2
0225 15749 47247 818948 5
0226 130610 2089760 2612200 2
0227 76394 458364 3437730 3
0228 89568 5015808 5732352 4
0229 128929 3867870 3996799 3
0230 104616 1255392 3347712 2
0231 106373 2233833 4148547 1
0232 37455 149820 861465 3
0233 55651 667812 3672966 1
0234 3642 43704 72840 3
0235 69716 2230912 4810404 2
0236 83287 666296 1415879 5
0237 125329 1879935 5514476 1
0238 54432 1143072 2231712 5
0239 26211 366954 1441605 5
0240 147014 0 588056 3
0241 158791 1270328 3334611 3
0242 110154 440616 2313234 2
0243 112230 897840 6172650 4
0244 39363 472356 629808 2
0245 141489 1697868 3537225 5
0246 87271 1047252 4189008 5
0247 92963 557778 1673334 1
0248 49999 299994 1349973 1
0249 6286 25144 270298 4
0250 141871 1276839 3972388 1
0251 12396 74376 421464 1
0252 42741 512892 2137050 1
0253 143281 573124 859686 4
0254 10862 325860 629996 3
0255 112849 2369829 4175413 1
0256 47759 955180 2483468 4
0257 31052 372624 589988 2
0258 137144 2468592 9051504 3
0259 39579 118737 1504002 1
0260 74801 598408 2468433 1
0261 23373 0 1262142 1
0262 158080 632320 6955520 2
0263 81197 1299152 3004289 4
0264 101986 611916 5099300 2
0265 148648 297296 5202680 4
0266 68860 1859220 2892120 3
0267 155498 466494 1865976 1
0268 32826 525216 1313040 1
0269 68628 2058840 2127468 5
0270 53717 1342925 2202397 5
0271 11654 0 326312 2
0272 37668 904032 1167708 1
0273 161292 161292 645168 5
0274 118712 3205224 4867192 5
0275 128487 1927305 5139480 2
0276 154068 4930176 7703400 4
0277 106719 960471 2561256 4
0278 4856 0 106832 1
0279 150538 3612912 7827976 4
0280 58623 1465575 3048396 4
0281 39563 0 1068201 1
0282 145128 1306152 2467176 3
0283 76772 153544 921264 1
0284 75358 452148 4370764 5
0285 7823 62584 242513 1
0286 44213 88426 221065 5
0287 33231 797544 2126784 2
0288 141486 424458 7923216 2
0289 19689 413469 1004139 5
0290 31423 0 1539727 2
0291 915 1830 21960 4
0292 133133 798798 7854847 1
0293 87181 1046172 2964154 3
0294 94787 473935 3886267 2
0295 108451 542255 2928177 5
0296 154277 3702648 9256620 2
0297 46283 92566 740528 1
0298 152303 7462847 14468785 4
0299 107447 214894 5694691 3
0300 40749 977976 1181721 5
0301 44783 179132 2373499 2
0302 32152 675192 1061016 1
0303 58048 1857536 4934080 1
0304 31502 283518 1039566 5
0305 57449 2068164 3906532 3
0306 34388 103164 1100416 3
0307 17583 246162 879150 4
0308 20182 484368 1412740 4
0309 102678 2874984 6674070 5
0310 50515 101030 1010300 2
0311 139588 4885580 7398164 3
0312 114897 689382 1034073 2
0313 23308 419544 1398480 3
0314 125112 1501344 4879368 3
0315 129774 4542090 5190960 1
0316 77406 928872 2089962 4
0317 117142 702852 3982828 1
0318 156549 1878588 2348235 1
0319 86298 86298 4314900 5
0320 34558 103674 1244088 4
0321 32742 392904 523872 1
0322 18810 150480 601920 3
0323 59177 828478 1065186 5
0324 26028 1249344 2498688 4
0325 42094 84188 1978418 1
0326 70068 1751700 4834692 1
0327 61844 865816 2164540 5
0328 102689 308067 3799493 2
0329 84318 1011816 2276586 1
0330 103660 310980 5286660 1
0331 54133 866128 2598384 3
0332 40122 561708 1845612 4
0333 35652 1426080 2959116 3
0334 139281 3899868 8635422 1
0335 32390 97170 1587110 3
0336 81140 1947360 4543840 5
0337 56598 679176 3282684 1
0338 108438 2277198 4771272 3
0339 116471 3494130 3610601 1
0340 34688 693760 2358784 5
0341 15689 282402 690316 5
0342 88492 1592856 3185712 4
0343 8268 16536 66144 4
0344 3611 57776 111941 3
0345 68535 548280 2467260 2
0346 88723 1330845 1508291 5
0347 64590 516720 2519010 5
0348 22175 620900 842650 2
0349 67254 0 1546842 1
0350 100757 2418168 4937093 1
0351 75941 911292 3341404 4
0352 147703 6203526 13884082 3
0353 108171 1081710 6273918 5
0354 69282 969948 4434048 2
0355 138390 1107120 5950770 5
0356 161976 4535328 9232632 1
0357 135720 1357200 3800160 2
0358 75779 682011 2349149 2
0359 32648 457072 1469160 5
0360 128503 514012 2570060 4
0361 139464 6694272 10320336 3
0362 49772 995440 1045212 1
0363 44047 44047 88094 5
0364 86049 516294 3097764 4
0365 42199 126597 1012776 1
0366 49616 396928 2976960 5
0367 147821 2365136 3843346 4
0368 46442 1114608 2554310 5
0369 77084 1850016 3931284 5
0370 136161 4901796 7761177 5
0371 37429 149716 2021166 4
0372 147131 2648358 5590978 3
0373 45903 459030 1009866 2
0374 69433 1666392 2916186 3
0375 157568 2205952 7090560 1
0376 134144 0 1878016 4
0377 15633 156330 500256 3
0378 112183 2243660 5272601 3
0379 42334 211670 677344 5
0380 61014 366084 2440560 2
0381 123313 1849695 3699390 2
0382 83962 503772 2015088 3
0383 16398 131184 737910 2
0384 145940 1751280 8318580 4
0385 134597 4307104 7672029 4
0386 159977 2879586 9278666 3
0387 48659 243295 632567 5
0388 65324 0 783888 4
0389 108735 4349400 8481330 3
0390 61140 61140 2751300 2
0391 130411 521644 1304110 1
0392 129899 1558788 4676364 4
0393 49971 899478 2498550 1
0394 45913 0 780521 1
0395 145642 582568 1019494 1
0396 4554 95634 273240 3
0397 28853 692472 1096414 2
0398 50722 1521660 3702706 2
0399 122100 4884000 9035400 2
0400 29965 359580 689195 4
0401 59630 715560 3160390 5
0402 90368 1265152 2982144 1
0403 60741 364446 2915568 1
0404 122466 5143572 8205222 4
0405 66479 199437 2592681 5
0406 59669 417683 3043119 4
0407 34704 1214640 1839312 3
0408 93180 745440 1863600 4
0409 151725 3034500 6220725 4
0410 46474 371792 2509596 2
0411 103837 2907436 3011273 2
0412 84595 507570 676760 5
0413 155209 4656270 9622958 4
0414 156122 6244880 14519346 4
0415 137266 1098128 7000566 1
0416 105994 847952 3073826 2
0417 34936 558976 1257696 4
0418 60660 1455840 1637820 4
0419 31649 569682 1265960 2
0420 55185 220740 1103700 5
0421 99220 297660 595320 1
0422 103432 724024 1551480 1
0423 79334 476004 2062684 2
0424 138817 2915157 9300739 3
0425 48216 1205400 3809064 5
0426 144796 579184 1882348 4
0427 71401 1713624 3355847 3
0428 138361 3320664 5534440 3
0429 748 14960 27676 3
0430 39570 1187100 3007320 2
0431 69461 555688 1180837 3
0432 110031 550155 2970837 5
0433 29166 1633296 2566608 3
0434 131300 525200 3151200 1
0435 32702 523232 784848 1
0436 149206 4774592 5520622 5
0437 24935 199480 398960 2
0438 85538 1026456 3079368 3
0439 131868 395604 527472 3
0440 85623 1369968 2996805 5
0441 105754 211508 1057540 3
0442 72377 1085655 3256965 2
0443 127964 2303352 7933768 5
0444 82786 993432 3063082 2
0445 158722 476166 2698274 4
0446 155206 5432210 8070712 1
0447 148210 2371360 8596180 3
0448 109265 1748240 2076035 1
0449 40243 643888 1046318 4
0450 39301 943224 2358060 3
0451 22814 182512 1163514 2
0452 23319 489699 1235907 2
0453 54475 1143975 1252925 2
0454 93178 5217968 9131444 1
0455 64056 960840 2946576 1
0456 115651 1387812 2428671 4
0457 48363 773808 1934520 2
0458 149125 2236875 5517625 2
0459 110426 0 5079596 4
0460 114200 1142000 5253200 3
0461 63058 315290 2080914 4
0462 15124 15124 105868 1
0463 118716 474864 6529380 4
0464 107579 2581896 3442528 4
0465 68899 688990 2893758 3
0466 13909 500724 904085 3
0467 103776 2490624 6745440 3
0468 53745 107490 322470 5
0469 61602 1232040 4065732 2
0470 75948 1518960 5544204 2
0471 66724 0 1334480 5
0472 91242 182484 1368630 2
0473 141612 708060 849672 2
0474 59617 596170 2623148 5
0475 8637 138192 414576 3
0476 40 720 1280 4
0477 25072 100288 1429104 5
0478 24522 686616 1373232 3
0479 60660 242640 909900 4
0480 7387 177288 317641 3
0481 62785 0 2197475 1
0482 128683 514732 7077565 2
0483 106126 1698016 7216568 4
0484 143147 1717764 8016232 5
0485 134682 1346820 2289594 4
0486 112735 676410 1127350 5
0487 109748 1646220 5377652 1
0488 36701 220206 2091957 3
0489 88619 2658570 4874045 4
0490 48452 0 2374148 1
0491 40540 608100 689180 2
0492 127337 764022 1782718 3
0493 1580 9480 71100 4
0494 87059 2176475 6094130 1
0495 99468 3978720 6465420 3
0496 23804 380864 856944 4
0497 92926 557556 5296782 5
0498 58798 58798 2763506 4
0499 57681 1442025 3864627 4
0500 65164 1563936 4822136 1
0501 47870 0 813790 1
0502 100978 1211736 5755746 4
0503 87652 701216 1840692 4
0504 65856 197568 3358656 5
0505 16095 80475 547230 3
0506 65842 1053472 2633680 3
0507 52962 847392 2912910 4
0508 29667 415338 1691019 4
0509 78525 0 1727550 4
0510 47115 848070 1272105 4
0511 83805 0 2933175 5
0512 74889 449334 3819339 4
0513 55670 111340 222680 4
0514 111197 889576 1445561 5
0515 34452 826848 1688148 3
0516 3954 31632 217470 4
0517 48695 779120 3019090 3
0518 93412 2241888 2522124 1
0519 153973 2771514 8006596 3
0520 89079 1870659 4275792 4
0521 154853 619412 1858236 3
0522 70929 1702296 4326669 2
0523 87202 610414 4534504 3
0524 127414 2293452 4332076 3
0525 54522 109044 2235402 2
0526 139218 2088270 5290284 3
0527 58447 584470 2220986 1
0528 129027 1032216 1806378 1
0529 72007 864084 1152112 4
0530 121822 2923728 8283896 2
0531 91676 183352 4492124 5
0532 82258 2467740 3043546 2
0533 19340 77360 928320 4
0534 84735 2033640 4152015 2
0535 21633 129798 692256 1
0536 6781 135620 284802 4
0537 97744 1759392 5669152 5
0538 143920 0 2302720 5
0539 58955 0 3006705 4
0540 58327 1866464 2099772 2
0541 99264 3970560 8933760 1
0542 138297 4840395 8851008 4
0543 58307 2332280 5247630 5
0544 40157 361413 401570 4
0545 133363 266726 1466993 5
0546 145169 1161352 3774394 5
0547 93648 1498368 4120512 1
0548 74426 1488520 2158354 1
0549 2963 35556 47408 3
0550 18599 390579 557970 4
0551 23058 69174 1152900 4
0552 123488 370464 5556960 4
0553 15305 15305 428540 4
0554 73339 880068 1320102 3
0555 160091 1600910 2241274 4
0556 5576 133824 278800 1
0557 128998 3869940 4256934 5
0558 114094 2738256 3993290 5
0559 2553 51060 168498 5
0560 112524 1125240 4838532 5
0561 120848 3383744 6163248 5
0562 149149 4176172 4474470 1
0563 101741 1424374 1933079 2
0564 61988 495904 2603496 5
0565 160300 5770800 13304900 1
0566 149588 3590112 4936404 4
0567 109493 1094930 4927185 5
0568 87798 263394 2633940 4
0569 117562 705372 5290290 3
0570 116619 116619 6064188 2
0571 103953 1871154 2910684 3
0572 150371 601484 7368179 5
0573 79313 951756 1744886 4
0574 102348 1637568 3582180 2
0575 6044 96704 102748 4
0576 70286 351430 4006302 4
0577 135940 679700 1359400 5
0578 98511 788088 2758308 2
0579 57854 694248 2372014 3
0580 63222 63222 632220 5
0581 75423 0 377115 4
0582 126592 632960 6076416 2
0583 155585 933510 7156910 2
0584 129529 388587 518116 1
0585 14560 218400 436800 5
0586 69255 1385100 2285415 2
0587 80605 967260 3304805 3
0588 91460 1463360 3201100 4
0589 12684 50736 88788 3
0590 3536 113152 183872 5
0591 88029 1760580 3521160 5
0592 93936 657552 751488 5
0593 72418 1013852 4634752 3
0594 151750 607000 758750 4
0595 150141 1201128 4504230 1
0596 41570 415700 872970 1
0597 68871 1101936 1446291 5
0598 119381 1790715 6088431 4
0599 151289 1210312 8472184 2
0600 11479 114790 470639 4
0601 79321 317284 3886729 1
0602 130004 520016 7410228 4
0603 6277 37662 43939 5
0604 137504 1100032 4400128 5
0605 156486 2190804 8763216 5
0606 14669 352056 1026830 5
0607 3836 15344 168784 3
0608 35749 107247 1715952 4
0609 158317 949902 8074167 5
0610 56813 454504 1590764 4
0611 157587 2521392 8036937 5
0612 9680 77440 106480 1
0613 137313 1373130 1510443 1
0614 24428 390848 1196972 4
0615 160598 963588 6905714 3
0616 21673 260076 303422 5
0617 160051 1920612 2400765 1
0618 100446 1607136 2812488 3
0619 139383 696915 2648277 5
0620 85490 427450 2051760 2
0621 160503 6741126 6901629 4
0622 149886 1498860 4946238 1
0623 73661 2651796 4935287 3
0624 119988 4199580 8399160 5
0625 111966 559830 4030776 2
0626 127822 1278220 1661686 3
0627 126150 5046000 8452050 3
0628 57764 924224 2945964 2
0629 127462 2549240 7392796 2
0630 59180 828520 3432440 5
0631 69814 837768 2862374 2
0632 35130 35130 1229550 3
0633 114902 1378824 7583532 1
0634 130851 1046808 6149997 4
0635 14159 453088 608837 2
0636 137430 687150 7008930 4
0637 5029 15087 231334 3
0638 146765 2641770 8952665 1
0639 117480 234960 2467080 4
0640 113732 3411960 7278848 1
0641 95814 191628 862326 3
0642 95928 479640 1630776 2
0643 118628 2491188 2847072 3
0644 128468 2312424 3982508 4
0645 15683 31366 737101 2
0646 32540 488100 878580 2
0647 41896 209480 502752 2
0648 110309 882472 3198961 1
0649 146100 730500 6720600 3
0650 31387 251096 1789059 1
0651 126097 756582 4917783 3
0652 83570 2005680 2423530 2
0653 125373 2507460 4011936 3
0654 117287 469148 2463027 3
0655 37738 113214 754760 4
0656 129912 3117888 3247800 4
0657 81109 324436 4542104 1
0658 34413 1204455 2271258 1
0659 3427 41124 137080 1
0660 120602 482408 4703478 1
0661 68309 546472 751399 3
0662 4592 114800 128576 2
0663 54533 545330 2508518 2
0664 104241 0 104241 3
0665 17881 429144 447025 4
0666 45998 643972 965958 4
0667 63108 504864 946620 2
0668 94402 377608 2737658 5
0669 16122 403050 612636 2
0670 68166 1090656 2794806 4
0671 14755 59020 368875 5
0672 94873 1897460 3984666 4
0673 95455 381820 2577285 3
0674 46769 935380 1215994 2
0675 95102 760816 2472652 5
0676 101923 713461 2751921 5
0677 141152 3952256 10021792 1
0678 126599 1898985 3797970 3
0679 24729 222561 247290 2
0680 77260 231780 4094780 2
0681 79803 1675863 5346801 5
0682 114885 2757240 8731260 1
0683 37595 375950 1315825 1
0684 128743 514972 1287430 1
0685 74252 1039528 4974884 5
0686 41096 287672 1684936 4
0687 146178 1754136 9063036 4
0688 131745 5269800 8036445 5
0689 52315 209260 2563435 3
0690 37466 149864 224796 2
0691 8620 34480 499960 5
0692 138970 2779400 5975710 5
0693 67102 0 2684080 3
0694 30094 421316 1564888 1
0695 33346 800304 1700646 3
0696 64091 256364 2884095 2
0697 27484 192388 1566588 2
0698 127552 382656 892864 4
0699 65679 394074 1050864 3
0700 115978 5566944 7074658 1
0701 156560 469680 5323040 5
0702 65819 394914 2435303 3
0703 110864 997776 3991104 2
0704 120665 1809975 3619950 3
0705 123078 2461560 6400056 1
0706 157221 3773304 7546608 1
0707 54960 1099200 3627360 2
0708 135382 812292 2166112 3
0709 115243 921944 4494477 2
0710 79270 475620 634160 4
0711 144842 4345260 8545678 1
0712 25883 258830 310596 2
0713 70951 1702824 5392276 5
0714 104412 835296 2923536 2
0715 76709 1227344 2608106 2
0716 8166 40830 212316 1
0717 7598 91176 311518 3
0718 97279 3112928 6031298 2
0719 127871 639355 4603356 4
0720 138177 1105416 4007133 5
0721 25093 150558 1355022 5
0722 8748 69984 402408 5
0723 70056 280224 1331064 1
0724 158899 1430091 2701283 5
0725 2256 36096 130848 1
0726 41709 125127 709053 5
0727 126599 3038376 6076752 4
0728 77845 934140 2802420 1
0729 144992 2174880 8699520 1
0730 108935 871480 3159115 2
0731 12229 171206 281267 5
0732 38694 77388 580410 3
0733 115315 1729725 7034215 5
0734 17303 34606 190333 2
0735 70697 1484637 2050213 5
0736 156472 2190608 4224744 1
0737 67129 2148128 5236062 1
0738 134621 2423178 6461808 3
0739 145346 726730 6831262 1
0740 102759 3082770 8528997 3
0741 27058 27058 730566 5
0742 60546 544914 1755834 3
0743 107170 643020 5894350 4
0744 47537 142611 1426110 4
0745 26686 667150 1761276 2
0746 33878 338780 1931046 2
0747 14105 56420 324415 4
0748 7364 412384 633304 5
0749 61618 369708 1355596 2
0750 66522 1330440 1530006 3
0751 131334 1576008 1838676 1
0752 60488 846832 2963912 2
0753 119925 1199250 6236100 5
0754 21454 0 793798 1
0755 65687 1839236 4532403 5
0756 156662 5483170 12062974 1
0757 145756 3498144 9765652 2
0758 101081 1415134 3335673 2
0759 118485 3791520 7346070 5
0760 69334 416004 3397366 3
0761 159150 1273200 3023850 1
0762 119105 2382100 5121515 3
0763 34275 308475 925425 1
0764 113364 453456 2947464 2
0765 49005 882090 931095 2
0766 9424 188480 367536 1
0767 138932 1667184 3056504 4
0768 143769 1437690 7763526 4
0769 11997 419895 935766 4
0770 65387 1569288 1961610 2
0771 11021 231441 694323 5
0772 74090 1111350 3259960 1
0773 57131 1828192 4456218 5
0774 94676 1136112 5112504 2
0775 154681 618724 4021706 4
0776 119015 4760600 10116275 2
0777 21598 107990 367166 1
0778 124720 2244960 4739360 2
0779 52846 1109766 2642300 5
0780 160119 7845831 11368449 4
0781 118852 475408 2139336 1
0782 147804 1330236 4729728 1
0783 13346 320304 520494 4
0784 46806 655284 1965852 3
0785 128682 2058912 2959686 5
0786 14563 203882 597083 1
0787 118858 1901728 2733734 2
0788 88912 2667360 6757312 3
0789 133577 534308 3606579 5
0790 7814 125024 304746 2
0791 133050 1596600 5588100 4
0792 97238 2917140 4861900 2
0793 6903 41418 296829 2
0794 158435 1267480 7129575 2
0795 123041 2583861 8120706 4
0796 155941 4990112 9356460 3
0797 151911 2734398 10026126 3
0798 102713 2054260 7189910 2
0799 68855 688550 963970 1
0800 111295 1780720 6900290 5
0801 47483 854694 3418776 3
0802 136831 273662 5336409 2
0803 82205 657640 1644100 5
0804 26592 319104 664800 3
0805 64557 451899 3163293 3
0806 15639 1126008 1892319 2
0807 26883 860256 1290384 2
0808 132282 2381076 2910204 3
0809 98812 2075052 2371488 2
0810 157641 1261128 3310461 5
0811 60346 362076 2112110 3
0812 76434 2445888 3286662 3
0813 7433 89196 453413 2
0814 60446 725352 1450704 4
0815 44573 356584 936033 3
0816 92958 185916 2138034 3
0817 57666 2018310 3863622 5
0818 79789 239367 3590505 2
0819 88533 619731 4869315 4
0820 148702 1189616 5948080 5
0821 92839 464195 5477501 1
0822 60918 365508 3350490 1
0823 19763 553364 849809 1
0824 25178 453204 1611392 1
0825 75329 903948 4369082 3
0826 151005 1510050 4983165 1
0827 154823 1548230 1703053 4
0828 128473 1541676 7322961 4
0829 156932 0 3452504 3
0830 98847 0 197694 1
0831 69817 488719 4049386 5
0832 52030 936540 3433980 4
0833 50253 100506 2361891 1
0834 136983 1369830 7808031 3
0835 32763 819075 1834728 2
0836 101770 915930 4783190 3
0837 8136 16272 284760 2
0838 102573 1230876 3179763 4
0839 159987 3199740 7039428 5
0840 159894 1279152 7994700 1
0841 111338 1002042 5566900 3
0842 111153 1333836 4334967 1
0843 86126 689008 861260 5
0844 138879 0 4860765 5
0845 6413 96195 102608 5
0846 124713 623565 6235650 2
0847 47647 1334116 3144702 3
0848 93093 1396395 6051045 5
0849 74966 299864 1274422 1
0850 32929 263432 1152515 5
0851 111429 2340009 5905737 1
0852 67245 1613880 3295005 4
0853 15084 211176 739116 2
0854 156479 1877748 3442538 3
0855 126288 757728 884016 5
0856 1932 15456 67620 2
0857 121758 0 4748562 1
0858 12975 0 467100 1
0859 70401 352005 633609 4
0860 99441 1591056 6960870 1
0861 30420 730080 1338480 3
0862 84874 678992 3394960 4
0863 48816 1025136 3514752 5
0864 98802 0 5236506 1
0865 134158 0 5366320 5
0866 110272 441088 3969792 3
0867 26756 267560 1230776 5
0868 41730 125190 2169960 4
0869 51556 309336 2577800 1
0870 54035 648420 3079995 1
0871 50138 150414 1303588 5
0872 34968 139872 1748400 3
0873 54901 823515 2031337 1
0874 53863 323178 861808 3
0875 92202 2766060 4333494 2
0876 21545 754075 1723600 2
0877 24904 298848 1145584 1
0878 15260 183120 640920 2
0879 48213 578556 1783881 3
0880 7230 202440 498870 1
0881 45389 0 1543226 1
0882 62432 1123776 2559712 2
0883 59545 357270 2739070 3
0884 144115 3026415 5908715 2
0885 84696 1355136 2710272 3
0886 101191 708337 1922629 2
0887 64454 64454 3222700 3
0888 138525 1662300 7341825 4
0889 103855 3323360 3427215 5
0890 145881 4668192 7002288 3
0891 102616 1641856 3591560 5
0892 12731 50924 140041 2
0893 28914 115656 780678 2
0894 96705 870345 3481380 4
0895 90773 1633914 3358601 3
0896 23745 94980 261195 2
0897 128070 896490 3842100 3
0898 121992 0 1463904 4
0899 39754 159016 238524 1
0900 75162 300648 4284234 5
0901 21378 85512 149646 2
0902 104064 2497536 6035712 1
0903 77511 620088 1240176 4
0904 125403 376209 6897165 4
0905 157546 1575460 2363190 3
0906 5803 46424 266938 4
0907 149819 5992760 10637149 5
0908 112133 448532 5606650 3
0909 134323 3223752 7522088 5
0910 148306 2966120 3262732 2
0911 13853 277060 886592 3
0912 95429 190858 3149157 1
0913 1241 6205 37230 2
0914 117235 937880 6799630 3
0915 19557 234684 645381 2
0916 78616 1650936 4559728 4
0917 68271 2048130 4096260 1
0918 49285 443565 3104955 1
0919 76989 461934 3695472 1
0920 157561 1260488 6460001 3
0921 101449 811592 4666654 4
0922 141353 848118 2685707 3
0923 54922 878752 2910866 2
0924 4054 121620 162160 2
0925 143483 2152245 5452354 5
0926 104364 834912 5322564 4
0927 82383 1235745 3377703 1
0928 14529 101703 348696 2
0929 31364 501824 1254560 4
0930 96039 1536624 6146496 4
0931 27006 216048 918204 5
0932 8020 144360 529320 2
0933 132701 1592412 8758266 3
0934 35247 1057410 2255808 2
0935 119182 1906912 2026094 3
0936 124806 1497672 3868986 1
0937 6543 45801 137403 4
0938 117901 0 1650614 1
0939 59263 355578 474104 5
0940 33364 500460 1000920 4
0941 93288 1959048 4197960 1
0942 79524 397620 1033812 5
0943 44543 890860 1559005 2
0944 53797 268985 1506316 4
0945 110627 663762 4867588 1
0946 3790 0 147810 3
0947 133991 1071928 6431568 2
0948 145279 581116 3486696 4
0949 54044 216176 1351100 3
0950 91306 2282650 2373956 2
0951 115507 693042 3465210 4
0952 122263 2200734 7458043 1
0953 107483 3009524 4406803 1
0954 10581 52905 423240 1
0955 15358 30716 783258 3
0956 48611 388888 1798607 2
0957 4539 127092 149787 5
0958 107326 0 2361172 4
0959 59298 59298 474384 5
0960 51942 831072 2077680 1
0961 123389 740334 3825059 1
0962 132644 6366912 8621860 2
0963 91610 1923810 3023130 4
0964 48489 775824 1260714 3
0965 76973 615784 2386163 5
0966 158371 5542985 6651582 2
0967 2593 20744 140022 1
0968 128934 644670 6446700 1
0969 34396 619128 1754196 1
0970 135432 1083456 1896048 2
0971 44810 89620 2016450 5
0972 49457 1483710 3709275 5
0973 155497 1399473 1865964 1
0974 115258 5647642 11410542 2
0975 40291 161164 2175714 1
0976 48005 672070 2544265 3
0977 118803 2138454 2376060 1
0978 128826 3864780 7600734 1
0979 38889 350001 1516671 3
0980 70224 210672 3581424 4
0981 112071 1568994 2801775 3
0982 6624 79488 264960 2
0983 118157 1181570 5789693 2
0984 76864 1844736 3920064 3
0985 28378 0 624316 2
0986 23041 138246 1036845 1
0987 69751 348755 3696803 2
0988 63880 1533120 4663240 2
0989 40827 408270 1959696 2
0990 106219 318657 1805723 5
0991 85860 2060640 3520260 1
0992 46956 0 1643460 5
0993 23507 235070 1457434 1
0994 115730 1388760 7290990 3
0995 42049 168196 294343 1
0996 53162 425296 2392290 2
0997 151630 1364670 3487490 4
0998 117220 1641080 2109960 4
0999 115202 345606 1612828 3
1000 105366 3687810 5479032 1
1001 57435 114870 459480 4
1002 9355 65485 523880 5
1003 131846 1845844 2768766 1
1004 80420 1286720 4986040 4
1005 6990 41940 55920 5
1006 48784 97568 2146496 4
1007 10290 154350 586530 5
1008 122875 3686250 5037875 4
1009 13412 563304 576716 1
1010 25044 375660 1677948 1
1011 49869 498690 2992140 2
1012 32602 1043264 1858314 1
1013 18392 147136 901208 3
1014 153639 6145560 7681950 2
1015 90054 2161296 2701620 2
1016 69539 625851 3337872 3
1017 48494 775904 2812652 1
1018 101479 2435496 4769513 4
1019 55293 663516 1603497 4
1020 135085 1621020 7564760 1
1021 103587 1553805 5490111 2
1022 66635 266540 999525 1
1023 77382 3250044 7119144 3
1024 74540 1118100 1490800 5
1025 55702 167106 389914 4
1026 150493 4514790 7825636 3
1027 104096 1561440 2706496 3
1028 2819 2819 143769 1
1029 103868 207736 4466324 3
1030 86478 2767296 4842768 5
1031 55107 0 1212354 3
1032 45053 270318 1531802 2
1033 103507 1656112 5796392 5
1034 38808 931392 1280664 3
1035 66437 531496 2856791 2
1036 42754 1026096 2607994 3
1037 136755 2188080 3282120 5
1038 147552 0 1327968 3
1039 103318 2479632 6405716 5
1040 42455 169820 2250115 5
1041 108590 434360 760130 5
1042 17143 205716 274288 1
1043 78968 1421424 1974200 1
1044 28944 1215648 1649808 5
1045 154333 0 4012658 4
1046 75470 1584870 3018800 5
1047 43005 258030 2451285 5
1048 39311 275177 550354 4
1049 74900 149800 299600 2
1050 111542 1673130 6023268 4
1051 82610 1239150 2478300 3
1052 43093 258558 603302 2
1053 75537 453222 2568258 4
1054 15636 312720 578532 4
1055 141302 5934684 13141086 4
1056 160697 0 2731849 1
1057 91757 4496093 6055962 1
1058 136859 1094872 5884937 2
1059 27514 550280 797906 5
1060 78043 1873032 2341290 5
1061 43806 788508 1533210 5
1062 105800 2116000 3385600 4
1063 55235 552350 2319870 4
1064 135700 3256800 6106500 3
1065 115527 2888175 7047147 1
1066 629 8806 15725 2
1067 39279 1099812 1571160 1
1068 109330 655980 6013150 1
1069 60215 1445160 1746235 3
1070 160868 2413020 3056492 5
1071 142425 142425 7548525 1
1072 42953 902013 2663086 3
1073 144606 867636 2458302 1
1074 47924 431316 1916960 3
1075 120935 0 967480 2
1076 35963 1078890 1474483 5
1077 79372 634976 3492368 5
1078 159665 1915980 3352965 2
1079 66852 0 935928 5
1080 42374 338992 2288196 4
1081 67514 0 67514 4
1082 31611 1770216 2623713 4
1083 128510 2570200 7710600 5
1084 113649 2727576 6591642 2
1085 128174 256348 5767830 4
1086 93320 1493120 4386040 1
1087 148460 296920 1336140 4
1088 117834 942672 3770688 2
1089 87864 878640 5271840 1
1090 10042 120504 592478 4
1091 61852 1113336 1917412 2
1092 150980 301960 754900 3
1093 30137 361644 602740 2
1094 128828 2705388 3993668 2
1095 13299 93093 571857 4
1096 76196 457176 685764 1
1097 70011 840132 3360528 3
1098 62856 439992 2325672 2
1099 50201 401608 1556231 1
1100 136242 817452 3951018 1
1101 68492 1369840 2191744 4
1102 77359 1237744 3867950 1
1103 158768 317536 4763040 3
1104 92182 1290548 1382730 5
1105 154291 1388619 7097386 1
1106 151919 2126866 9874735 3
1107 96928 96928 1841632 4
1108 156067 3121340 6398747 5
1109 112532 2700768 4051152 2
1110 76402 0 1451638 5
1111 33113 331130 2019893 5
1112 82844 2899540 4556420 2
1113 96562 869058 4345290 4
1114 49160 491600 3097080 5
1115 141886 141886 4256580 4
1116 80031 240093 3041178 5
1117 122273 2200914 5013193 4
1118 89018 534108 4985008 1
1119 79887 2236836 5112768 3
1120 4717 113208 146227 4
1121 67464 1619136 3035880 2
1122 89606 0 4569906 1
1123 110396 1766336 7396532 2
1124 140085 560340 1400850 2
1125 50128 1604096 4010240 4
1126 107983 539915 2375626 2
1127 109933 3078124 4507253 4
1128 96767 1354738 2225641 5
1129 89330 2143920 3662530 2
1130 156156 1405404 2030028 5
1131 82144 1725024 5339360 1
1132 14045 56180 744385 2
1133 47619 1999998 2190474 2
1134 75160 1202560 4735080 3
1135 47399 379192 2085556 1
1136 104716 1675456 5026368 4
1137 98071 1176852 2942130 1
1138 62530 937950 4064450 5
1139 135718 1085744 7057336 5
1140 51076 0 1174748 5
1141 100474 3014220 8238868 2
1142 15487 371688 433636 1
1143 127853 3196325 5753385 5
1144 45700 959700 1599500 4
1145 144319 432957 5484122 4
1146 78259 939108 4539022 1
1147 112388 1573432 4383132 3
1148 46759 1122216 3226371 4
1149 72886 1311948 2551010 3
1150 49512 297072 2129016 4
1151 67597 1892716 4055820 2
1152 145520 2182800 5820800 3
1153 782 6256 18768 1
1154 55486 998748 3495618 5
1155 67393 808716 1819611 5
1156 120751 362253 3139526 5
1157 64992 324960 2924640 1
1158 108782 3263460 8593778 3
1159 79941 2398230 2717994 5
1160 86142 344568 1033704 1
1161 65445 1832460 5170155 2
1162 44818 1792720 4078438 2
1163 92847 557082 4456656 3
1164 6207 24828 297936 2
1165 36104 361040 794288 2
1166 157889 1894668 6315560 2
1167 132410 1986150 4237120 5
1168 88672 709376 4344928 5
1169 174 348 6960 4
1170 116941 1754115 2689643 3
1171 155019 2170266 6510798 2
1172 77008 308032 1694176 3
1173 54330 108660 2716500 4
1174 314 8792 13188 1
1175 13224 317376 1031472 3
1176 70264 70264 1756600 1
1177 44977 674655 854563 5
1178 95226 2666328 3809040 2
1179 129395 1293950 5563985 1
1180 30915 463725 865620 1
1181 120480 1204800 5060160 5
1182 66344 199032 796128 1
1183 82292 329168 1728132 3
1184 149628 2244420 8079912 3
1185 37808 264656 529312 3
1186 83096 1246440 4154800 5
1187 9829 78632 599569 1
1188 161300 1129100 8871500 5
1189 156297 937782 7658553 1
1190 95953 767624 4797650 4
1191 102078 1429092 6226758 3
1192 128181 1153629 6280869 2
1193 157917 5527095 12791277 5
1194 121663 4258205 7543106 4
1195 69089 414534 1243602 4
1196 157330 2359950 8653150 4
1197 153344 2300160 2453504 1
1198 68305 2390675 5122875 2
1199 82199 1726179 5096338 3
1200 43110 258660 1077750 4
1201 161496 645984 4683384 5
1202 138090 4418880 5385510 2
1203 139998 2099970 9519864 5
1204 22365 357840 760410 1
1205 67490 607410 1754740 5
1206 159140 636560 1591400 5
1207 21289 127734 340624 3
1208 77060 462360 2851220 1
1209 146419 2196285 9077978 2
1210 41956 335648 503472 5
1211 13186 184604 290092 2
1212 11530 92240 288250 4
1213 120391 361173 6139941 4
1214 122939 245878 1352329 4
1215 81359 1464462 4149309 2
1216 159662 1117634 2394930 4
1217 53889 538890 1077780 1
1218 22757 409626 1524719 3
1219 137372 3296928 7830204 4
1220 84389 84389 4472617 3
1221 58501 468008 2632545 3
1222 9010 180200 351390 1
1223 22338 111690 714816 3
1224 157544 4726320 9137552 1
1225 122326 244652 5504670 4
1226 129850 649250 2597000 1
1227 142635 1283715 3280605 1
1228 124355 1865325 2487100 5
1229 132206 1057648 2115296 2
1230 13401 482436 536040 4
1231 90236 541416 2346136 2
1232 19400 77600 795400 4
1233 23676 284112 1278504 1
1234 123997 2231946 6819835 2
1235 21665 303310 909930 2
1236 106188 424752 2229948 2
1237 102165 1532475 5619075 5
1238 59425 1663900 4100325 5
1239 66233 1059728 1457126 1
1240 139073 6675504 13629154 2
1241 107821 1078210 2695525 2
1242 48709 487090 1315143 4
1243 52458 209832 262290 2
1244 16984 33968 628408 1
1245 138413 553652 6643824 1
1246 31151 747624 1682154 4
1247 3902 187296 366788 3
1248 12978 51912 402318 5
1249 33863 203178 372493 5
1250 107325 1287900 4829625 5
1251 84814 1781094 6106608 4
1252 30840 277560 1850400 3
1253 58038 0 3076014 3
1254 16310 32620 309890 1
1255 45182 406638 451820 5
1256 17319 86595 467613 1
1257 37984 227904 1291456 2
1258 78784 630272 4727040 1
1259 699 2796 9087 5
1260 131266 2756586 5513172 4
1261 74906 1797744 4494360 4
1262 39576 237456 1622616 2
1263 97069 970690 2329656 5
1264 114510 1832160 3664320 4
1265 141435 2828700 9193275 5
1266 74644 74644 4030776 5
1267 65056 0 1105952 5
1268 69605 835260 3271435 3
1269 5187 25935 290472 2
1270 70546 1058190 1481466 5
1271 80346 964152 3856608 5
1272 59490 713880 1665720 5
1273 89510 1342650 2416770 2
1274 134419 1613028 7527464 2
1275 24195 387120 1572675 3
1276 136405 2455290 7093060 2
1277 142179 2132685 5829339 4
1278 137125 1645500 6582000 3
1279 147570 3689250 6640650 5
1280 51274 2768796 4563386 4
1281 48493 872874 1988213 2
1282 30288 605760 726912 5
1283 65024 3121152 3901440 4
1284 107876 3452032 4638668 5
1285 54486 217944 1089720 4
1286 76840 1844160 2996760 3
1287 72688 1744512 1817200 2
1288 41863 376767 1800109 1
1289 99278 4169676 5559568 3
1290 82913 1492434 4643128 1
1291 138169 829014 4697746 5
1292 80857 2587424 5255705 5
1293 2118 16944 44478 3
1294 125794 754764 6415494 2
1295 64437 1353177 3672909 3
1296 138281 2903901 8849984 5
1297 5979 143496 245139 4
1298 29162 233296 612402 4
1299 56202 899232 3372120 1
1300 138954 2501172 9170964 4
1301 64656 258624 905184 5
1302 19213 345834 365047 3
1303 38451 1076628 2191707 3
1304 96391 385564 1831429 2
1305 12158 486320 1045588 1
1306 129731 4540585 9989287 1
1307 115371 1730565 6806889 5
1308 68342 205026 2938706 4
1309 16790 402960 1175300 4
1310 82947 331788 4562085 2
1311 106843 1282116 5876365 3
1312 86345 1813245 5957805 5
1313 152129 3651096 4868128 4
1314 34995 1119840 1714755 2
1315 63647 1336587 3755173 3
1316 6899 0 324253 2
1317 136222 2724440 9126874 4
1318 83903 2936605 6796143 1
1319 53555 642660 3534630 1
1320 117217 937736 6798586 3
1321 28313 566260 792764 1
1322 86730 1821330 5290530 5
1323 77062 1541240 5240216 5
1324 37477 899448 2548436 2
1325 142579 2994159 8127003 4
1326 33168 1592064 2089584 5
1327 120051 2521071 2881224 4
1328 94940 2848200 5506520 2
1329 67634 1014510 1961386 3
1330 20985 461670 1049250 1
1331 106692 1280304 2240532 5
1332 45088 135264 1758432 4
1333 123887 2973288 7433220 1
1334 72614 1742736 5518664 2
1335 152392 1828704 8229168 4
1336 94331 943310 2546937 5
1337 89326 0 4555626 5
1338 45379 726064 2405087 1
1339 140981 2960601 9727689 1
1340 138036 1380360 2898756 1
1341 12650 455400 898150 4
1342 57469 689628 2930919 5
1343 102155 817240 5414215 4
1344 80118 2804130 6569676 2
1345 3669 58704 179781 3
1346 71647 1432940 4370467 1
1347 55530 222120 2998620 3
1348 20336 813440 854112 3
1349 88065 352260 2465820 3
1350 148580 297160 5646040 5
1351 70235 280940 2528460 2
1352 18828 150624 433044 3
1353 104660 1674560 3453780 1
1354 85124 510744 851240 1
1355 107653 215306 3229590 2
1356 4330 69280 255470 4
1357 104519 2508456 7525368 3
1358 143668 2298688 9051084 3
1359 133555 267110 6677750 1
1360 69898 1957144 5312248 1
1361 69968 1119488 3218528 2
1362 32411 1361262 1879838 2
1363 153501 2302515 10591569 3
1364 135281 811686 4870116 3
1365 101930 1223160 5810010 3
1366 7234 151914 318296 3
1367 1702 15318 54464 1
1368 131455 6309840 6835660 5
1369 143869 2301904 3884463 1
1370 103484 620904 5070716 5
1371 109971 219942 4508811 3
1372 8943 160974 214632 5
1373 87813 702504 1405008 3
1374 142748 1141984 5567172 3
1375 110518 442072 4973310 2
1376 69785 976990 2023765 2
1377 72740 872880 4218920 5
1378 18321 458025 714519 5
1379 132494 5299760 8214628 2
1380 69737 836844 976318 1
1381 123602 3708060 4078866 5
1382 141425 2969925 4384175 4
1383 113651 3182228 4318738 4
1384 88884 2133216 3999780 1
1385 37784 302272 831248 5
1386 133000 1596000 2394000 1
1387 95372 286116 858348 3
1388 85941 343764 4898637 4
1389 138180 414540 4836300 5
1390 33710 404520 640490 1
1391 43342 173368 1430286 5
1392 13191 105528 501258 4
1393 97988 1959760 6467208 2
1394 22331 111655 937902 1
1395 6055 18165 260365 3
1396 154146 308292 8478030 3
1397 80469 1689849 2655477 3
1398 55465 2218600 3383365 2
1399 138774 1110192 6106056 2
1400 116081 1741215 6964860 2
1401 49638 1786968 3226470 1
1402 48373 386984 1741428 3
1403 108154 1297848 4650622 4
1404 18752 75008 318784 3
1405 35904 71808 1579776 2
1406 75566 377830 1813584 4
1407 110388 441552 772716 1
1408 39696 79392 1826016 5
1409 11306 180896 712278 5
1410 65695 985425 4467260 3
1411 141522 849132 1415220 3
1412 147888 2070432 8429616 4
1413 35941 323469 1617345 4
1414 62017 558153 3721020 4
1415 87429 874290 3322302 2
1416 27194 81582 924596 2
1417 135757 543028 6244822 4
1418 22976 91904 551424 2
1419 1604 4812 76992 3
1420 125607 5275494 7159599 1
1421 156628 3132560 6735004 4
1422 66289 1590936 4839097 5
1423 108506 2170120 5642312 4
1424 35490 248430 1916460 3
1425 103597 3625895 6008626 5
1426 7288 51016 65592 2
1427 50552 808832 2527600 5
1428 13689 574938 629694 3
1429 50792 914256 1219008 1
1430 29109 232872 1542777 5
1431 10068 100680 231564 5
1432 105676 3381632 5072448 2
1433 160150 5124800 8487950 1
1434 31323 1315566 2004672 1
1435 91747 1926687 2568916 4
1436 83782 1508076 3267498 4
1437 99314 1589024 5362956 5
1438 144926 4347780 9854968 3
1439 113604 227208 1136040 5
1440 150455 4814560 11585035 1
1441 109053 545265 654318 3
1442 45162 0 993564 5
1443 158523 951138 6975012 3
1444 80493 724437 1448874 3
1445 51812 777180 1813420 3
1446 69256 831072 3601312 1
1447 28507 199549 1624899 5
1448 105070 630420 4833220 4
1449 2401 7203 38416 3
1450 50705 811280 1369035 3
1451 157083 3141660 4241241 1
1452 94717 757736 3504529 4
1453 34047 510705 1429974 2
1454 36910 1107300 2915890 5
1455 151341 3632184 4540230 5
1456 37307 186535 1156517 5
1457 1301 5204 39030 3
1458 101626 0 914634 1
1459 132229 1190061 5950305 1
1460 8017 0 248527 5
1461 54062 486558 864992 4
1462 153140 0 3215940 4
1463 119701 4788040 7301761 1
1464 15658 156580 516714 3
1465 13972 0 754488 5
1466 142477 2992017 6553942 1
1467 129684 129684 1945260 4
1468 136657 546628 4373024 4
1469 129622 2592440 5314502 3
1470 100654 805232 2113734 5
1471 5952 11904 47616 1
1472 132329 529316 5690147 1
1473 72985 1751640 3211340 3
1474 39276 235656 628416 5
1475 125763 1006104 5030520 3
1476 50267 502670 1407476 1
1477 139940 1679280 6297300 3
1478 83164 1746444 4989840 4
1479 88785 710280 2929905 1
1480 160581 3853944 11240670 1
1481 107724 0 5063028 2
1482 112865 451460 5078925 3
1483 28453 597513 2048616 1
1484 47920 383360 1773040 5
1485 154830 1548300 4180410 1
1486 2309 13854 16163 5
1487 119610 2392200 6100110 3
1488 71080 0 3198600 5
1489 7622 60976 68598 4
1490 127477 2039632 3569356 3
1491 49115 2357520 2455750 2
1492 17391 69564 365211 3
1493 67381 808572 3099526 4
1494 115059 1610826 4142124 1
1495 38586 154344 733134 2
1496 48339 96678 870102 2
1497 20378 855876 998522 5
1498 120688 1448256 7844720 1
1499 41789 877569 2967019 2
1500 51560 206240 360920 4
1501 28039 448624 1289794 5
1502 33237 66474 1628613 2
1503 152982 305964 3365604 4
1504 88500 0 1416000 5
1505 65989 527912 1253791 5
1506 149370 4182360 6273540 1
1507 23752 498792 1567632 4
1508 83479 1001748 3506118 3
1509 156018 4680540 6396738 4
1510 93419 0 3643341 4
1511 45998 1379940 1931916 3
1512 114383 2745192 7778044 3
1513 70899 1276182 3261354 3
1514 139941 559764 4338171 1
1515 114790 1033110 1607060 2
1516 127218 3053232 7378644 3
1517 104706 104706 628236 5
1518 160491 1925892 5135712 3
1519 61435 1290135 3378925 2
1520 62721 250884 3073329 4
1521 55769 1394225 3680754 2
1522 45644 273864 2282200 4
1523 67887 814644 1832949 4
1524 4786 57432 81362 3
1525 59085 1418040 3308760 1
1526 52920 158760 846720 5
1527 110207 440828 4408280 1
1528 91091 2186184 4099095 1
1529 158262 2532192 3165240 1
1530 79247 1109458 1822681 5
1531 111141 1333692 2667384 4
1532 87549 1838529 6128430 2
1533 43029 688464 1678131 2
1534 114723 458892 1261953 3
1535 118822 1425864 5228168 5
1536 155200 310400 2793600 3
1537 5272 31632 226696 1
1538 117244 703464 3400076 3
1539 97946 195892 5387030 5
1540 75198 751980 3083118 1
1541 155619 311238 7314093 4
1542 53064 1698048 2228688 1
1543 21654 346464 1299240 4
1544 124439 4977560 6221950 5
1545 82568 247704 4210968 1
1546 150262 450786 2854978 2
1547 142830 2856600 5427540 2
1548 152407 2286105 8992013 5
1549 102852 1234224 4011228 2
1550 121732 486928 4625816 4
1551 133536 801216 2136576 2
1552 44776 2820888 5194016 3
1553 65481 785772 3732417 5
1554 153540 2456640 2610180 5
1555 27651 193557 221208 4
1556 50672 456048 2584272 3
1557 55011 660132 2200440 1
1558 34435 206610 2066100 3
1559 112409 899272 3259861 3
1560 107365 1932570 2362030 1
1561 135229 405687 7708053 5
1562 100477 602862 3315741 3
1563 141562 3397488 7644348 4
1564 111746 2011428 3911110 3
1565 69670 139340 2577790 3
1566 18827 527156 1336717 4
1567 103640 1036400 6322040 1
1568 10624 63744 191232 2
1569 90706 0 4444594 5
1570 112343 1348116 1685145 5
1571 43118 646770 2673316 5
1572 148781 892686 6843926 1
1573 18103 162927 452575 5
1574 97826 1173912 5478256 2
1575 102174 3269568 4904352 5
1576 289 4046 12427 5
1577 22988 275856 528724 4
1578 151337 1362033 3934762 3
1579 32392 777408 2105480 1
1580 18970 455280 644980 4
1581 82584 991008 2807856 4
1582 124131 744786 4096323 5
1583 81447 1140258 1628940 1
1584 87906 263718 3252522 2
1585 153050 4591500 7958600 1
1586 76719 0 3989388 1
1587 69126 2488536 2626788 3
1588 38628 1892772 2974356 4
1589 112436 899488 2473592 4
1590 130818 784908 7718262 2
1591 102056 612336 3571960 5
1592 68453 1095248 3354197 2
1593 138283 5807886 9818093 1
1594 88450 796050 3184200 4
1595 151846 1214768 3188766 2
1596 11670 280080 746880 5
1597 158214 949284 6012132 1
1598 17860 714400 1535960 3
1599 104766 1466724 1676256 1
1600 42622 170488 2003234 1
1601 161423 1291384 6941189 2
1602 105657 211314 2747082 1
1603 96850 1162200 5133050 4
1604 133272 666360 2931984 5
1605 57891 1389384 3184005 3
1606 151386 605544 6963756 4
1607 115192 4607680 5414024 4
1608 16875 50625 607500 1
1609 71957 1295226 3525893 2
1610 64546 968190 2517294 3
1611 7127 0 185302 3
1612 7687 46122 99931 4
1613 7096 28384 163208 1
1614 36523 438276 803506 5
1615 40307 241842 1692894 1
1616 68642 68642 2951606 4
1617 43126 905646 1207528 1
1618 6202 86828 111636 4
1619 127650 1787100 4084800 5
1620 152649 305298 3510927 4
1621 112322 224644 1572508 2
1622 62263 0 809419 5
1623 141346 0 1696152 1
1624 156490 7042050 10797810 1
1625 138726 4855410 8878464 2
1626 140797 703985 1830361 5
1627 159999 639996 4799970 3
1628 27931 1173102 1675860 4
1629 160131 1281048 7045764 3
1630 80588 1934112 2095288 2
1631 86664 2426592 4419864 3
1632 77317 695853 2164876 3
1633 131722 1053776 3951660 1
1634 148693 1486930 3419939 3
1635 23411 187288 444809 4
1636 139389 2927169 8223951 2
1637 73391 1174256 4770415 4
1638 122249 2200482 2811727 2
1639 54423 163269 489807 2
1640 146103 584412 3944781 3
1641 90832 3269952 4541600 3
1642 90721 1360815 6259749 1
1643 53707 107414 1127847 2
1644 90962 727696 1637316 3
1645 90214 1443424 3337918 1
1646 127274 890918 3563672 2
1647 132476 0 2517044 1
1648 818 39264 71984 3
1649 63990 383940 2303640 4
1650 151678 1820136 9707392 3
1651 134514 2152224 4977018 3
1652 135651 4069530 10445127 1
1653 102184 1839312 3372072 3
1654 147984 887904 1775808 5
1655 38499 269493 1193469 1
1656 11749 246729 270227 3
1657 54051 1081020 3513315 4
1658 117204 2109672 4102140 3
1659 147763 4728416 10786699 3
1660 70259 421554 3793986 4
1661 140134 140134 5885628 1
1662 37287 0 186435 1
1663 141814 3970792 11061492 3
1664 40590 649440 1420650 5
1665 96394 4723306 6169216 3
1666 71977 143954 1295586 5
1667 141056 1269504 7617024 3
1668 82046 328184 2707518 2
1669 29576 443640 1685832 3
1670 21948 438960 570648 2
1671 103672 207344 3524848 5
1672 17755 177550 514895 3
1673 88885 533310 2044355 2
1674 45528 273168 500808 5
1675 126321 378963 4168593 2
1676 23564 23564 377024 1
1677 103725 1244700 2178225 1
1678 52714 263570 1265136 5
1679 45802 45802 870238 3
1680 88961 622727 889610 5
1681 139245 2506410 4038105 5
1682 13824 193536 525312 2
1683 49291 246455 788656 1
1684 59603 59603 1609281 1
1685 121722 486888 6572988 1
1686 90631 1268834 3715871 2
1687 160094 640376 2881692 1
1688 50676 2432448 4560840 2
1689 140091 0 2101365 4
1690 100628 1811304 2113188 1
1691 84931 509586 1189034 2
1692 21111 253332 865551 3
1693 73507 661563 1764168 1
1694 3233 96990 226310 2
1695 116039 1392468 3249092 5
1696 4155 24930 54015 2
1697 126093 1513116 2269674 5
1698 125055 1000440 1375605 4
1699 32391 97173 647820 1
1700 145698 1456980 2768262 1
1701 129875 7273000 13377125 4
1702 60109 1502725 4087412 2
1703 63189 505512 3917718 1
1704 63787 1148166 3763433 4
1705 55015 330090 2035555 3
1706 78634 1887216 5189844 5
1707 59278 711336 1956174 2
1708 69923 839076 3216458 2
1709 140687 2813740 8019159 3
1710 120606 361818 1809090 3
1711 17924 752808 1308452 3
1712 61953 247812 2602026 1
1713 121128 2907072 8236704 4
1714 135899 815394 2174384 1
1715 52733 316398 2214786 3
1716 30715 368580 552870 1
1717 19981 0 39962 5
1718 56918 341508 967606 1
1719 15796 63184 205348 5
1720 160273 1442457 6250647 2
1721 10782 226422 301896 2
1722 18395 110370 294320 3
1723 16461 197532 921816 1
1724 55955 1566740 3972805 2
1725 3486 13944 87150 1
1726 67834 814008 3459534 2
1727 71970 1439400 3742440 1
1728 19227 134589 346086 4
1729 14364 57456 775656 5
1730 156218 1874616 2499488 4
1731 124511 1992176 7470660 4
1732 133178 1997670 5859832 3
1733 112564 675384 5853328 1
1734 17617 211404 1004169 1
1735 66186 264744 1257534 3
1736 14092 253656 958256 4
1737 66497 2327395 2992365 2
1738 24441 48882 122205 2
1739 148104 5924160 9774864 2
1740 124190 248380 869330 1
1741 39995 199975 1519810 1
1742 47904 383232 1485024 5
1743 136296 1090368 3816288 2
1744 156059 468177 5618124 2
1745 32137 1124795 1510439 2
1746 100846 403384 5143146 2
1747 130530 2610600 6004380 1
1748 54070 1297680 1405820 1
1749 99462 1491930 3282246 4
1750 101057 2021140 6265534 3
1751 64618 258472 1744686 5
1752 96831 5422536 5616198 2
1753 52213 261065 678769 5
1754 128891 1031128 5026749 4
1755 17993 755706 1187538 1
1756 12127 254667 460826 4
1757 121457 3400796 6194307 2
1758 63719 764628 2230165 5
1759 99824 1397536 3194368 2
1760 153944 1231552 3694656 1
1761 117117 702702 7027020 1
1762 130065 130065 1820910 5
1763 17781 284496 426744 3
1764 120707 241414 965656 5
1765 130030 3640840 8321920 2
1766 125565 1506780 6152685 5
1767 44458 266748 577954 2
1768 130902 1963530 8115924 5
1769 15149 121192 621109 1
1770 79545 159090 1352265 5
1771 106974 534870 6097518 2
1772 155551 933306 2333265 5
1773 37327 111981 783867 3
1774 131323 2757783 5646889 3
1775 57864 1041552 3529704 3
1776 93119 465595 1955499 5
1777 78357 705213 4309635 1
1778 20605 0 1071460 5
1779 129035 5419470 8903415 4
1780 145944 2335104 9632304 1
1781 78500 628000 2669000 3
1782 95181 1332534 1808439 5
1783 136246 408738 953722 3
1784 144806 4633792 8398748 3
1785 6539 156936 392340 3
1786 52596 788940 3208356 4
1787 104271 417084 5213550 2
1788 33109 331090 893943 1
1789 155379 1864548 6370539 2
1790 74207 667863 2448831 1
1791 70199 421194 3369552 5
1792 112487 674922 6074298 2
1793 81232 1299712 4305296 1
1794 22461 314454 943362 2
1795 138415 276830 3045130 2
1796 87065 2089560 2437820 5
1797 77310 1236960 2473920 4
1798 106192 849536 2867184 4
1799 38687 309496 928488 1
1800 28451 682824 853530 5
1801 134692 3232608 6330524 1
1802 37503 300024 637551 3
1803 125259 0 5135619 2
1804 108188 2163760 5625776 4
1805 79411 0 2699974 1
1806 42676 341408 1109576 5
1807 130288 10423040 16807152 4
1808 21124 21124 211240 1
1809 138564 2909844 5819688 1
1810 102614 4925472 7798664 1
1811 61265 612650 1531625 5
1812 151043 3171903 5437548 2
1813 149543 5981720 7327607 5
1814 36471 875304 2370615 2
1815 51814 621768 3264282 1
1816 135415 3249960 9749880 3
1817 71614 286456 1861964 2
1818 117309 2815416 7273158 2
1819 86915 1390640 5127985 4
1820 61804 494432 2039532 1
1821 59489 237956 2974450 2
1822 103004 1648064 3502136 2
1823 70936 425616 3050248 2
1824 46240 739840 2913120 1
1825 140560 1405600 7168560 5
1826 113950 2734800 4785900 3
1827 89087 2138088 6859699 4
1828 93239 372956 3822799 2
1829 121265 363795 3516685 1
1830 19666 19666 1081630 1
1831 66298 1060768 2718218 3
1832 113829 1365948 5691450 3
1833 12786 38358 332436 1
1834 150780 4824960 6181980 1
1835 82604 495624 991248 4
1836 87619 175238 2015237 4
1837 159374 1434366 7649952 1
1838 38110 342990 381100 3
1839 102454 819632 1844172 1
1840 87455 874550 2886015 4
1841 55089 1928115 4241853 3
1842 39924 0 1038024 3
1843 67832 203496 746152 3
1844 38190 0 2062260 3
1845 92576 277728 1666368 5
1846 71652 859824 4370772 2
1847 64041 1024656 4354788 5
1848 146480 2636640 3369040 5
1849 120925 483700 6046250 1
1850 72048 2017344 5835888 5
1851 58188 931008 3607656 5
1852 5723 34338 251812 4
1853 43583 130749 2048401 5
1854 154200 3700800 4317600 4
1855 53161 265805 1063220 3
1856 74310 1560510 5573250 5
1857 116517 932136 1281687 5
1858 29216 175296 1168640 2
1859 137037 2192592 9592590 1
1860 96332 3853280 6550576 1
1861 109161 436644 4148118 4
1862 158811 635244 6034818 2
1863 55495 832425 3662670 3
1864 139976 139976 6578872 5
1865 154389 1852668 4477281 2
1866 3184 47760 146464 1
1867 153627 921762 8142231 3
1868 147546 2065644 9442944 4
1869 121303 242606 849121 2
1870 11252 0 450080 5
1871 101047 3233504 3839786 1
1872 108153 648918 3244590 1
1873 116345 3723040 4421110 1
1874 86780 0 2516620 3
1875 141529 283058 707645 2
1876 4864 58368 291840 1
1877 49474 1978960 2622122 5
1878 156771 940626 4859901 5
1879 35966 215796 1978130 1
1880 131870 791220 923090 5
1881 81008 81008 891088 1
1882 89077 2850464 4453850 5
1883 79918 719262 3915982 2
1884 99757 598542 2094897 5
1885 22369 178952 357904 3
1886 94049 5266744 6395332 5
1887 46226 647164 1617910 1
1888 25951 830432 1115893 5
1889 12771 25542 676863 3
1890 72645 726450 4649280 3
1891 150702 1808424 7987206 5
1892 70651 1130416 2755389 4
1893 152286 8528016 13553454 4
1894 8250 24750 445500 3
1895 103297 2582425 6611008 1
1896 77966 0 467796 2
1897 54338 1901830 2173520 5
1898 132228 528912 2644560 1
1899 99020 0 4257860 2
1900 16897 101382 946232 5
1901 120496 120496 1807440 4
1902 42088 1683520 3914184 1
1903 145179 290358 2758401 4
1904 123288 1972608 8137008 3
1905 14834 29668 222510 2
1906 87150 261450 3224550 3
1907 4600 27600 138000 1
1908 145715 3060015 4808595 2
1909 118632 711792 4626648 1
1910 18253 54759 438072 5
1911 56196 1798272 4776660 5
1912 96926 1356964 2713928 3
1913 106428 1064280 6385680 2
1914 67741 1083856 3861237 1
1915 156878 0 5961364 5
1916 35729 428748 1286244 1
1917 90330 1896930 6594090 4
1918 74632 895584 3059912 4
1919 92781 1855620 2690649 2
1920 58406 876090 4030014 2
1921 143230 859380 3294290 4
1922 102406 3072180 7987668 1
1923 93144 931440 4098336 3
1924 157278 6605676 13368630 2
1925 139742 4890970 12297296 3
1926 120014 1680196 2040238 3
1927 13840 346000 442880 1
1928 160072 1920864 4962232 3
1929 157662 3783888 9932706 5
1930 137879 551516 2206064 1
1931 10068 241632 563808 5
1932 111017 444068 4440680 1
1933 14620 116960 467840 1
1934 43247 0 908187 4
1935 135276 2705520 3111348 5
1936 88037 1320555 5106146 5
1937 9927 238248 526131 3
1938 4514 36112 216672 4
1939 22720 477120 795200 1
1940 25300 910800 2049300 3
1941 26453 158718 529060 4
1942 8097 113358 137649 4
1943 70081 1401620 3784374 5
1944 114457 2060226 2861425 2
1945 35846 71692 1075380 1
1946 145233 4647456 6971184 3
1947 107863 1510082 4530246 2
1948 106856 3205680 7266208 5
1949 140462 421386 2949702 1
1950 107842 107842 4313680 2
1951 244 2928 16104 2
1952 42134 252804 2485906 2
1953 137422 549688 7008522 3
1954 63145 2525800 5493615 1
1955 107024 2140480 3638816 3
1956 124490 3983680 5851030 4
1957 23969 431442 575256 4
1958 25251 202008 454518 5
1959 131821 3163704 9622933 1
1960 92235 737880 3597165 4
1961 36661 219966 953186 2
1962 150629 2259435 5874531 2
1963 120276 1683864 2405520 4
1964 10425 166800 573375 3
1965 76688 0 3834400 1
1966 94583 567498 5391231 4
1967 13947 446304 1032078 5
1968 120296 721776 2766808 5
1969 83100 2908500 4155000 2
1970 145193 4646176 9582738 3
1971 161136 322272 805680 3
1972 120546 482184 3978018 4
1973 64152 256608 1283040 4
1974 18712 74848 598784 3
1975 139194 1391940 5289372 2
1976 143472 286944 6456240 5
1977 15917 95502 732182 5
1978 136790 1094320 5061230 5
1979 60402 483216 3020100 4
1980 104751 314253 5970807 2
1981 99401 1391614 4473045 4
1982 76883 1614543 5304927 5
1983 23081 553944 1523346 1
1984 137375 824250 7418250 1
1985 143721 2874420 7760934 3
1986 90415 1356225 6148220 5
1987 78865 630920 3864385 2
1988 75214 1203424 3083774 5
1989 27073 324876 758044 2
1990 111386 556930 3452966 3
1991 52137 782055 3128220 5
1992 61290 1225800 3370950 5
1993 116720 2801280 5952720 5
1994 160489 1283912 4975159 5
1995 80871 808710 4609647 4
1996 30397 486352 729528 3
1997 123564 617820 6796020 3
1998 40313 0 806260 4
1999 106464 319392 425856 1
2000 23749 23749 759968 1
2001 54640 163920 1803120 2
2002 74887 1572627 4418333 1
2003 145067 6963216 14796834 1
2004 161781 2264934 6471240 1
2005 35102 842448 1053060 2
2006 118886 2139948 5349870 2
2007 124774 0 2370706 1
2008 56724 340344 907584 2
2009 83300 0 3165400 5
2010 57029 1596812 1938986 5
2011 65387 261548 3203963 1
2012 111850 0 5480650 4
2013 42028 420280 1681120 1
2014 2789 33468 61358 1
2015 15401 492832 693045 3
2016 52337 628044 3297231 1
2017 1356 21696 71868 2
2018 161605 2585680 10989140 5
2019 60127 0 1142413 2
2020 161688 5174016 8407776 2
2021 119762 5030004 6946196 5
2022 6691 133820 294404 5
2023 148338 296676 5488506 3
2024 24777 297324 1635282 3
2025 67516 3240768 5941408 2
2026 41028 246168 2215512 3
2027 45759 91518 1647324 3
2028 77860 1090040 2335800 5
2029 152899 4281172 6115960 3
2030 82834 994008 1408178 5
2031 144603 0 2747457 1
2032 93240 0 4009320 4
2033 111620 334860 3348600 5
2034 100440 1004400 1205280 5
2035 61695 1542375 1974240 1
2036 129010 3096240 7998620 2
2037 36397 291176 1346689 5
2038 156866 3764784 6431506 5
2039 142971 1000797 1572681 4
2040 10381 207620 726670 1
2041 6720 0 329280 2
2042 123478 493912 1358258 2
2043 131824 263648 4613840 3
2044 22920 366720 1237680 4
2045 123396 493584 5182632 5
2046 146651 3519624 8652409 2
2047 24965 499300 1722585 5
2048 159032 477096 6838376 2
2049 126774 2028384 3296124 1
2050 40794 856674 1101438 3
2051 161221 967326 6932503 5
2052 140407 842442 8143606 4
2053 358 10024 26850 4
2054 77752 2799072 6997680 2
2055 153964 153964 4772884 5
2056 38565 192825 1311210 2
2057 79291 2537312 5867534 3
2058 24665 394640 419305 4
2059 64212 770544 3660084 3
2060 62538 938070 1500912 4
2061 139751 838506 5310538 3
2062 158295 1266360 6331800 3
2063 146651 1173208 5132785 5
2064 153388 766940 7669400 1
2065 147898 4141144 11388146 1
2066 116559 2447739 4196124 5
2067 34995 524925 1889730 5
2068 72984 437904 3065328 5
2069 42344 508128 2667672 2
2070 142343 3416232 10248696 5
2071 102387 2457288 6962316 1
2072 121682 0 4137188 4
2073 130024 1560288 3250600 4
2074 114772 229544 4246564 3
2075 116297 5582256 11280809 5
2076 101156 3236992 4956644 4
2077 65662 1050592 3086114 2
2078 57177 914832 1200717 1
2079 4246 0 55198 1
2080 150865 603460 3469895 4
2081 48272 868896 2413600 5
2082 3367 50505 84175 4
2083 67980 815760 3738900 5
2084 89414 1341210 4828356 2
2085 6970 69700 341530 4
2086 14459 115672 737409 2
2087 100695 302085 1309035 3
2088 34547 172735 1969179 2
2089 52710 2108400 3847830 1
2090 65554 3212146 4654334 3
2091 12673 38019 114057 3
2092 92959 1487344 4276114 4
2093 32319 193914 646380 5
2094 61058 1831740 3968770 3
2095 51364 256820 1130008 4
2096 119981 359943 6838917 5
2097 62064 993024 1179216 1
2098 161925 2266950 10687050 1
2099 94547 283641 2930957 1
2100 10446 125352 407394 3
2101 4226 152136 194396 4
2102 70231 0 1966468 3
2103 93008 1116096 5952512 2
2104 154505 3090100 4480645 1
2105 39858 318864 2112474 1
2106 37275 521850 1751925 4
2107 79771 1675191 1914504 3
2108 98020 1176240 3332680 2
2109 121338 485352 2548098 4
2110 28637 143185 945021 3
2111 106632 1599480 3518856 4
2112 118792 2851008 8315440 2
2113 94753 568518 2937343 5
2114 69031 828372 2416085 5
2115 46985 93970 1456535 4
2116 53561 214244 3052977 3
2117 106739 1921302 5657167 4
2118 43055 430550 602770 3
2119 154635 2319525 10515180 4
2120 10678 0 85424 5
2121 93184 1304576 6336512 2
2122 10227 81816 327264 3
2123 21581 647430 1014307 2
2124 37814 378140 718466 5
2125 92204 1475264 1751876 1
2126 55162 1103240 1820346 1
2127 5635 11270 236670 2
2128 83167 998004 3160346 1
2129 61763 123526 2038179 3
2130 161860 3884640 8740440 2
2131 66193 198579 2118176 1
2132 23613 661164 1912653 3
2133 31729 951870 1903740 3
2134 92264 461320 3967352 5
2135 57013 684156 3363767 2
2136 7170 28680 121890 3
2137 133314 799884 7998840 5
2138 104120 1041200 4997760 2
2139 135001 2835021 4455033 3
2140 40233 724194 1367922 1
2141 3543 24801 60231 1
2142 56972 1595216 2962544 2
2143 7760 31040 271600 5
2144 85161 85161 3917406 2
2145 54407 1523396 4298153 1
2146 61777 247108 3459512 1
2147 14829 148290 874911 3
2148 149869 1348821 3297118 5
2149 98303 3932120 5406665 4
2150 91688 1283632 2475576 3
2151 130110 260220 1431210 4
2152 155102 465306 7289794 4
2153 126871 2029936 8246615 4
2154 133859 401577 7629963 2
2155 1806 10836 93912 2
2156 115752 0 2893800 4
2157 156778 1254224 2038114 2
2158 39666 1110648 3212946 1
2159 5369 10738 91273 5
2160 71762 861144 4162196 3
2161 45272 407448 2852136 3
2162 115340 0 2537480 1
2163 7123 14246 306289 3
2164 92448 1109376 3882816 5
2165 68338 1913464 4031942 3
2166 29591 118364 1094867 3
2167 64073 320365 832949 2
2168 116709 2100762 8286339 1
2169 26385 527700 1899720 4
2170 106253 637518 3400096 4
2171 106470 1490580 4365270 2
2172 99654 2790312 4883046 2
2173 115855 1390260 4865910 3
2174 97999 2351976 5291946 1
2175 48076 288456 721140 1
2176 101793 305379 5700408 1
2177 7874 47244 409448 5
2178 55038 220152 330228 2
2179 95918 767344 2781622 5
2180 91416 1096992 2193984 4
2181 79491 0 1192365 1
2182 53942 647304 1887970 4
2183 94412 566472 4909424 2
2184 114723 2753352 5047812 4
2185 160415 4491620 6737430 1
2186 153556 4299568 5220904 3
2187 24035 192280 1249820 2
2188 141564 0 1981896 4
2189 104304 2607600 6675456 3
2190 140988 986916 7049400 4
2191 161215 3869160 10640190 5
2192 82007 984084 2952252 2
2193 110979 665874 2108601 2
2194 65224 1174032 2935080 3
2195 154839 619356 2941941 5
2196 156047 4681410 12639807 1
2197 101867 2037340 3361611 4
2198 126598 759588 3291548 1
2199 118645 2135610 2966125 3
2200 14453 433590 505855 1
2201 92053 1104636 2393378 5
2202 10105 242520 788190 1
2203 104056 624336 1456784 4
2204 62690 752280 2444910 3
2205 56035 560350 1512945 4
2206 125773 2012368 4653601 4
2207 128860 1159740 6700720 1
2208 30876 247008 1759932 2
2209 120908 362724 2901792 1
2210 143150 1431500 3149300 5
2211 142245 2133675 4978575 3
2212 2055 16440 86310 5
2213 70956 567648 4399272 5
2214 56794 1363056 4259550 2
2215 127497 2677437 5482371 3
2216 21544 64632 452424 1
2217 161889 647556 5828004 4
2218 9580 76640 584380 2
2219 37871 1060388 1249743 5
2220 111062 3331860 6330534 4
2221 150264 3606336 7062408 1
2222 138573 2494314 4434336 1
2223 102648 1437072 4413864 5
2224 76033 380165 1064462 1
2225 24233 218097 339262 3
2226 27495 82485 659880 3
2227 117442 3523260 5284890 2
2228 17503 280048 1137695 3
2229 66719 133438 533752 3
2230 125736 2514720 8927256 3
2231 6191 43337 235258 5
2232 131739 3161736 7245645 2
2233 8502 17004 25506 2
2234 2760 27600 124200 1
2235 73528 3602872 5294016 1
2236 136784 0 4513872 3
2237 45208 723328 2441232 5
2238 155415 621660 4040790 4
2239 130224 1823136 7943664 3
2240 7331 87972 234592 1
2241 117265 820855 2697095 5
2242 160367 1603670 1764037 1
2243 144800 2027200 9846400 5
2244 138727 693635 3329448 1
2245 49392 740880 1679328 2
2246 137107 2879247 10008811 3
2247 123293 2959032 6534529 4
2248 63377 570393 2154818 5
2249 135370 1082960 2030550 3
2250 150134 3603216 9458442 3
2251 132286 264572 6746586 1
2252 94755 379020 1231815 3
2253 147326 2357216 9870842 3
2254 45862 2568272 4081718 5
2255 74455 893460 2010285 1
2256 98670 1578720 3157440 4
2257 158240 2215360 9336160 1
2258 29078 465248 1134042 2
2259 65808 394848 1250352 1
2260 30531 244248 488496 2
2261 11739 11739 199563 3
2262 69294 831528 4504110 2
2263 158662 7774438 9361058 1
2264 68353 820236 4511298 2
2265 103234 1548510 3509956 4
2266 94891 0 1423365 1
2267 29530 177180 915430 4
2268 32844 394128 1280916 3
2269 103417 2171757 4343514 2
2270 54229 650748 1843786 3
2271 80971 971652 1214565 1
2272 63838 893732 1404436 4
2273 17065 341300 409560 1
2274 67824 542592 3119904 4
2275 90789 272367 4085505 5
2276 65729 197187 3352179 2
2277 89067 2137608 2493876 3
2278 141978 2271648 6814944 1
2279 93537 467685 1870740 1
2280 10112 0 293248 2
2281 30392 91176 1701952 4
2282 6097 146328 457275 3
2283 132666 3183984 3449316 5
2284 54352 108704 869632 5
2285 67118 268472 3825726 3
2286 37042 740840 1222386 2
2287 4382 105168 148988 1
2288 75429 905148 2338299 1
2289 91050 2185200 6646650 1
2290 153150 765750 1531500 5
2291 109078 1636170 4254042 3
2292 62277 373662 1307817 3
2293 11696 0 619888 4
2294 82204 1315264 1561876 3
2295 133853 1338530 6558797 4
2296 5092 81472 218956 4
2297 63239 252956 1201541 5
2298 61879 309395 2351402 3
2299 128968 1805552 2192456 3
2300 36077 288616 1082310 4
2301 59937 239748 3416409 1
2302 47566 570792 2425866 3
2303 69301 415806 2841341 5
2304 145516 873096 3783416 5
2305 157882 3157640 7262572 3
2306 141009 0 4935315 5
2307 143255 573020 2005570 5
2308 46399 92798 1438369 2
2309 139834 1678008 5313692 4
2310 139857 279714 2517426 1
2311 105022 0 2520528 5
2312 68237 1637688 2729480 5
2313 22885 91540 503470 1
2314 90406 271218 452030 5
2315 119233 476932 1430796 4
2316 18722 74888 93610 5
2317 103518 0 4451274 5
2318 29134 87402 349608 5
2319 79582 795820 4058682 2
2320 136194 953358 4222014 4
2321 73898 886776 1182368 3
2322 14366 114928 617738 1
2323 93410 0 5044140 4
2324 54252 434016 1898820 4
2325 25922 1088724 1166490 2
2326 149141 2087974 4474230 4
2327 44204 1547140 2608036 4
2328 72533 580264 4351980 4
2329 96999 1454985 4946949 5
2330 15373 430444 1091483 3
2331 70410 140820 3590910 5
2332 8374 133984 184228 4
2333 71934 215802 1150944 3
2334 152829 2750922 5043357 3
2335 65987 2771454 3893233 1
2336 126406 3033744 3792180 2
2337 81001 972012 4131051 3
2338 154206 0 7710300 2
2339 13812 82872 704412 1
2340 12264 183960 821688 3
2341 20604 164832 473892 3
2342 143730 862380 7186500 4
2343 85509 513054 2394252 1
2344 127372 2292696 3184300 3
2345 76959 1616139 3078360 3
2346 121936 1219360 2926464 1
2347 109974 879792 6818388 5
2348 18163 90815 690194 3
2349 29956 748900 1707492 1
2350 120265 0 360795 4
2351 4387 78966 118449 1
2352 38061 570915 2397843 1
2353 10939 0 371926 5
2354 60207 481656 1023519 5
2355 158287 158287 6014906 5
2356 73110 1315980 2193300 2
2357 124466 1742524 4978640 3
2358 26850 751800 1960050 3
2359 42098 757764 2778468 4
2360 71884 646956 2803476 5
2361 148345 1780140 8010630 3
2362 137713 1101704 2065695 5
2363 99698 299094 2093658 4
2364 49461 593532 1780596 1
2365 22434 134604 1121700 3
2366 66486 797832 1994580 5
2367 15752 94512 693088 2
2368 41102 328816 1315264 3
2369 111296 779072 5342208 4
2370 77259 1545180 1854216 4
2371 156058 936348 7490784 5
2372 56075 448600 897200 5
2373 88566 2656980 7085280 1
2374 113330 3626560 4419870 4
2375 15287 137583 198731 3
2376 141153 1129224 3387672 5
2377 11828 141936 248388 4
2378 155430 1865160 9792090 5
2379 116409 465636 3608679 1
2380 150154 2402464 10210472 3
2381 97022 1746396 3589814 1
2382 84868 1018416 2376304 1
2383 96338 2312112 3371830 3
2384 12875 180250 489250 1
2385 6744 94416 411384 4
2386 66365 265460 597285 2
2387 128568 5399856 11828256 2
2388 87621 350484 2628630 2
2389 65929 791148 4021669 4
2390 55394 110788 941698 3
2391 96872 1453080 2421800 1
2392 161601 808005 2585616 2
2393 73822 221466 3543456 3
2394 43842 526104 2411310 2
2395 2354 14124 129470 2
2396 132063 3169512 9376473 1
2397 12589 50356 717573 2
2398 100200 3006000 4308600 2
2399 57294 687528 916704 1
2400 88870 444350 1244180 5
2401 100583 2413992 5129733 1
2402 128935 515740 5286335 4
2403 157529 0 7718921 2
2404 75063 1125945 4503780 5
2405 148525 594100 8317400 5
2406 82057 820570 2461710 2
2407 70829 1274922 1487409 1
2408 25488 127440 994032 1
2409 87834 2459352 4655202 3
2410 15589 249424 857395 1
2411 18762 525336 844290 4
2412 48749 389992 2973689 2
2413 119818 479272 4193630 1
2414 76036 304144 988468 2
2415 644 5152 37996 5
2416 60927 121854 2985423 3
2417 30260 756500 1906380 1
2418 86902 434510 2954668 2
2419 107555 1720880 4947530 3
2420 94668 0 4828068 2
2421 128969 7222264 11607210 2
2422 10333 123996 402987 5
2423 76962 307848 1462278 5
2424 143918 5037130 10074260 5
2425 128050 0 1408550 2
2426 77685 388425 2952030 5
2427 98631 789048 1873989 3
2428 101872 305616 1833696 1
2429 98848 1581568 6326272 5
2430 59579 1251159 2323581 2
2431 117785 0 3769120 1
2432 116898 3740736 9468738 3
2433 82479 1237185 5443614 1
2434 2094 12564 98418 3
2435 6787 95018 278267 2
2436 111765 670590 6035310 2
2437 161289 3870936 5806404 3
2438 94942 759536 2468492 5
2439 85486 1538748 4787216 2
2440 143354 860124 4157266 3
2441 133986 1071888 4153566 2
2442 159419 1913028 5579665 3
2443 55821 111642 1060599 3
2444 123691 1979056 5442404 1
2445 147824 5173840 9017264 3
2446 49976 1199424 1549256 2
2447 123430 493720 5801210 5
2448 135483 406449 1354830 4
2449 24626 246260 418642 3
2450 4017 72306 140595 5
2451 55846 781844 949382 4
2452 98026 882234 3921040 2
2453 40753 163012 2159909 1
2454 4610 73760 133690 2
2455 21820 763700 1025540 5
2456 3969 35721 55566 3
2457 52048 1561440 1613488 4
2458 37113 0 705147 5
2459 51392 1233408 1695936 3
2460 155757 5451495 6853308 4
2461 135105 1215945 3107415 4
2462 16939 67756 779194 3
2463 115067 1610938 7709489 5
2464 81072 162144 486432 4
2465 147246 2208690 10012728 5
2466 30807 431298 677754 1
2467 97016 1940320 5141848 3
2468 85824 1287360 2059776 3
2469 24305 48610 486100 2
2470 136976 821856 3287424 1
2471 147170 2649060 5886800 5
2472 159430 956580 4782900 3
2473 81572 815720 5139036 3
2474 127761 255522 2299698 2
2475 72147 1154352 3246615 5
2476 146077 5112695 10663621 3
2477 24053 288636 1419127 3
2478 74179 1780296 4524919 3
2479 41843 0 2050307 5
2480 85939 257817 2835987 1
2481 71179 640611 1494759 1
2482 14037 84222 140370 1
2483 17387 417288 556384 3
2484 43830 1534050 1840860 5
2485 6727 67270 242172 1
2486 74846 299384 4041684 5
2487 45449 454490 636286 1
2488 152625 4273500 5189250 4
2489 81404 1709484 3011948 5
2490 15534 93204 372816 4
2491 38276 574140 2449664 5
2492 104464 3656240 6685696 4
2493 106724 0 3842064 3
2494 136121 1088968 8167260 4
2495 24688 123440 691264 2
2496 54981 329886 2089278 1
2497 148038 296076 4885254 1
2498 38036 456432 1521440 5
2499 43180 647700 1209040 5
2500 90453 904530 1356795 3
2501 126190 4416650 5552360 3
2502 2857 11428 28570 4
2503 133801 2676020 5753443 2
2504 22746 568650 1251030 5
2505 110699 442796 2213980 2
2506 89965 719720 2608985 5
2507 22600 90400 542400 3
2508 100411 803288 4719317 2
2509 118234 1773510 5084062 5
2510 12737 305688 713272 3
2511 28879 231032 981886 1
2512 21478 0 859120 4
2513 4849 38792 145470 3
2514 27693 664632 1080027 5
2515 160862 3217240 4504136 5
2516 2256 72192 187248 4
2517 102153 1838754 5209803 3
2518 26201 235809 1624462 4
2519 155330 776650 5902540 5
2520 158140 2213960 3320940 2
2521 61945 743340 2168075 3
2522 79336 714024 3728792 3
2523 117872 1768080 2828928 2
2524 24496 293952 563408 4
2525 118840 1426080 4991280 4
2526 78534 314136 471204 3
2527 102076 1020760 2551900 3
2528 157570 1890840 8981490 5
2529 49224 886032 1378272 2
2530 152663 1221304 6869835 4
2531 93282 1119384 1212666 3
2532 37557 75114 1727622 1
2533 14568 29136 524448 2
2534 13545 0 704340 3
2535 78024 468144 4135272 5
2536 19419 621408 1106883 1
2537 139984 1399840 2659696 2
2538 63659 763908 1082203 5
2539 127597 3572716 9952566 2
2540 61657 1109826 1356454 3
2541 125685 3016440 9300690 4
2542 134885 539540 4316320 3
2543 120781 966248 2777963 3
2544 39624 237744 2298192 1
2545 51281 615372 1487149 4
2546 50341 251705 755115 3
2547 144273 1442730 5193828 1
2548 158648 793240 9042936 3
2549 62730 752760 3763800 3
2550 29013 928416 1044468 4
2551 121837 731022 1705718 5
2552 27262 490716 1444886 3
2553 16950 152550 288150 4
2554 103320 1033200 6509160 5
2555 80770 1130780 3150030 2
2556 161435 0 2582960 2
2557 10465 251160 387205 4
2558 53105 1699360 1858675 4
2559 86425 2074200 3975550 3
2560 70946 709460 1064190 5
2561 89181 2140344 4459050 1
2562 59521 1666588 3571260 1
2563 85104 1276560 3829680 3
2564 30164 603280 1809840 2
2565 45724 1097376 2926336 1
2566 87340 4279660 8559320 4
2567 146637 2346192 9091494 4
2568 59936 359616 3476288 3
2569 77618 310472 2561394 3
2570 101434 2130114 4361662 2
2571 85680 0 1285200 4
2572 4397 17588 35176 3
2573 113320 2039760 2833000 4
2574 135792 814752 3666384 5
2575 41016 1148448 2994168 4
2576 102860 2880080 5657300 2
2577 101830 814640 5498820 1
2578 30611 612220 2081548 3
2579 31392 251136 910368 2
2580 50173 1003460 3211072 2
2581 93426 467130 3923892 3
2582 31592 0 63184 3
2583 7488 7488 217152 5
2584 44791 895820 2373923 2
2585 14516 0 725800 5
2586 99648 1594368 3886272 1
2587 144079 1008553 3746054 5
2588 126350 1516200 7328300 5
2589 123017 2460340 5043697 3
2590 62215 559935 1430945 1
2591 101017 1212204 3232544 3
2592 155259 4347252 4968288 1
2593 3274 32740 81850 4
2594 142535 2280560 6699145 3
2595 7799 46794 148181 4
2596 135232 405696 7572992 5
2597 80427 3377934 3538788 1
2598 17591 351820 562912 3
2599 93922 1878440 3005504 5
2600 63156 2020992 4168296 3
2601 43190 2418640 2548210 3
2602 120008 1440096 4680312 4
2603 56363 507267 1916342 1
2604 8394 201456 377730 3
2605 43326 519912 1213128 3
2606 10502 73514 399076 1
2607 31180 0 1496640 4
2608 125421 1755894 3010104 1
2609 116577 1748655 2331540 1
2610 134388 2418984 3359700 4
2611 45959 1103016 2711581 3
2612 141833 2978493 10353809 3
2613 49857 199428 1246425 2
2614 132189 1321890 2115024 3
2615 92407 1848140 5636827 1
2616 95432 2004072 4580736 4
2617 161143 322286 7734864 3
2618 621 0 14904 5
2619 101439 1217268 1318707 3
2620 158209 3164180 5220897 5
2621 99601 996010 4083641 5
2622 72058 720580 2954378 1
2623 97819 978190 2445475 1
2624 88857 1421712 1865997 3
2625 20733 725655 829320 1
2626 98817 2371608 5138484 2
2627 34905 209430 1919775 2
2628 41747 0 41747 3
2629 157238 2358570 8333614 1
2630 148459 445377 1039213 3
2631 25483 0 25483 1
2632 98770 592620 5728660 1
2633 150499 4213972 4815968 3
2634 145616 3640400 6261488 3
2635 78143 547001 4454151 1
2636 74320 445920 3493040 4
2637 113094 452376 1244034 5
2638 127929 0 1151361 2
2639 157550 1260400 8035050 4
2640 11305 361760 813960 1
2641 112296 1684440 7523832 1
2642 397 4764 18659 1
2643 55294 2322348 4036462 3
2644 110844 3103632 6318108 4
2645 123056 1968896 3814736 2
2646 109688 3071264 3510016 2
2647 131674 263348 1448414 4
2648 39378 472536 2362680 4
2649 9582 76656 277878 4
2650 107546 967914 5592392 4
2651 16308 521856 538164 1
2652 138288 0 2489184 5
2653 124368 248736 4352880 3
2654 91487 1829740 5489220 5
2655 35712 1714176 2642688 5
2656 103935 831480 5300685 1
2657 79278 1585560 4281012 5
2658 156014 2496224 9048812 4
2659 138771 4856985 10824138 3
2660 13434 80604 712002 5
2661 148977 1191816 8938620 4
2662 155505 933030 5753685 2
2663 67955 1902740 5572310 5
2664 146015 876090 2628270 4
2665 17387 139096 591158 5
2666 16804 201648 369688 4
2667 71345 428070 1498245 3
2668 58881 588810 1413144 5
2669 18600 595200 1264800 2
2670 141467 1131736 7639218 4
2671 117967 2123406 4718680 3
2672 52135 1042700 1564050 1
2673 57428 918848 1895124 2
2674 15340 184080 705640 2
2675 99401 695807 5467055 2
2676 129981 0 5849145 4
2677 88281 1853901 5032017 2
2678 79581 1909944 3024078 4
2679 17576 140608 333944 1
2680 123847 1981552 7306973 3
2681 126176 504704 2271168 3
2682 64184 1283680 3273384 4
2683 116350 814450 5235750 2
2684 69040 483280 2692560 5
2685 144151 576604 1873963 4
2686 64632 387792 2003592 4
2687 68977 965678 1586471 5
2688 17152 34304 222976 4
2689 49304 1380512 2810328 5
2690 75619 0 907428 3
2691 17968 71872 179680 5
2692 73512 147024 1176192 4
2693 155689 3269469 8874273 2
2694 11267 22534 191539 1
2695 72734 581872 3127562 1
2696 35645 1425800 2709020 5
2697 77953 1091342 2494496 3
2698 90736 1270304 3447968 1
2699 21405 21405 749175 2
2700 92805 1948905 3155370 1
2701 42695 0 469645 4
2702 89522 3759924 4386578 1
2703 56757 0 1305411 1
2704 102299 409196 1739083 1
2705 78375 1097250 2508000 2
2706 26629 798870 2183578 2
2707 147330 2209950 8250480 3
2708 99897 1398558 2097837 3
2709 39605 237630 1465385 1
2710 62605 751260 1940755 1
2711 4973 79568 188974 3
2712 27258 54516 1117578 5
2713 62234 933510 1742552 2
2714 69970 839640 1959160 2
2715 138057 0 6350622 2
2716 148130 2666340 9924710 4
2717 155887 0 4676610 3
2718 139712 1257408 6147328 3
2719 110445 1656675 2982015 5
2720 60222 180666 2288436 3
2721 127895 2046320 6011065 1
2722 12670 50680 709520 2
2723 99334 2980020 7251382 5
2724 73034 2921360 6573060 3
2725 69800 977200 4467200 2
2726 79523 3339966 3737581 4
2727 39108 1251456 2854884 5
2728 134357 5374280 9001919 4
2729 96546 386184 2510196 1
2730 62256 747072 3424080 5
2731 38426 230556 1498614 3
2732 81579 81579 163158 3
2733 19731 59193 118386 4
2734 17152 17152 583168 5
2735 75778 1212448 1894450 2
2736 55554 833310 944418 5
2737 46848 983808 3091968 4
2738 90958 1819160 5457480 2
2739 133369 3200856 7068557 2
2740 37052 333468 1074508 2
2741 103085 2061700 7628290 1
2742 146205 1462050 7310250 5
2743 158428 1425852 7604544 2
2744 31361 94083 344971 3
2745 112594 788158 4954136 2
2746 140140 3363360 10510500 3
2747 126697 1013576 5954759 2
2748 125754 0 1634802 2
2749 39224 1098272 2510336 5
2750 66843 534744 3408993 3
2751 4338 121464 325350 5
2752 129579 1036632 2850738 2
2753 108906 871248 5989830 4
2754 133967 2143472 8305954 1
2755 59563 1786890 2263394 4
2756 137117 4387744 7267201 5
2757 88414 1856694 6012152 3
2758 105775 846200 6452275 1
2759 125989 755934 1889835 1
2760 88389 2651670 6982731 4
2761 135188 4326016 7300152 3
2762 61975 1301475 4090350 2
2763 75078 450468 1051092 5
2764 63284 1012544 1392248 4
2765 7015 126270 364780 2
2766 93780 750240 1969380 1
2767 37477 224862 1648988 5
2768 145415 581660 727075 3
2769 134577 1614924 6998004 3
2770 161279 2903022 8709066 2
2771 75876 607008 3490296 4
2772 155971 1403739 3587333 4
2773 18848 301568 791616 2
2774 160826 964956 5468084 4
2775 66352 796224 1592448 5
2776 2116 38088 90988 4
2777 33227 132908 166135 1
2778 24034 504714 1466074 2
2779 10480 20960 220080 2
2780 89786 3591440 6823736 4
2781 155622 1867464 3890550 1
2782 130266 130266 2735586 3
2783 13467 53868 309741 2
2784 31394 1098790 2009216 2
2785 18128 271920 978912 4
2786 66335 265340 3449420 1
2787 97134 1165608 6313710 2
2788 42250 126750 1732250 5
2789 156250 3281250 9218750 5
2790 99684 1196208 1893996 5
2791 77164 1080296 4552676 1
2792 73680 1105200 3315600 1
2793 104835 838680 5556255 3
2794 153893 2308395 7694650 2
2795 4881 0 34167 5
2796 114883 229766 6088799 3
2797 32779 491685 1999519 3
2798 128445 642225 2312010 4
2799 124759 748554 1996144 2
2800 66706 1600944 4936244 2
2801 33290 0 332900 4
2802 138940 694700 6669120 1
2803 10155 142170 497595 5
2804 65171 1564104 4952996 5
2805 29985 629685 1679160 2
2806 70973 1135568 3477677 2
2807 110890 1330680 5655390 4
2808 59203 118406 3315368 5
2809 124194 0 2359686 2
2810 96369 578214 3469284 1
2811 35364 1414560 3288852 1
2812 81034 1620680 3079292 3
2813 36697 440364 844031 2
2814 131770 790620 5797880 5
2815 128442 5137680 9890034 5
2816 34244 68488 1095808 1
2817 31105 186630 1648565 5
2818 99231 595386 1290003 5
2819 58579 2870371 5565005 2
2820 95896 479480 5561968 2
2821 40334 201670 2178036 3
2822 87108 261324 4268292 1
2823 54794 876704 2904082 3
2824 64867 583803 2464946 3
2825 98777 1382878 2666979 4
2826 24944 99776 673488 2
2827 12527 375810 425918 1
2828 63324 2026368 5445864 2
2829 18110 271650 452750 1
2830 82814 828140 4803212 4
2831 28347 85041 1389003 3
2832 41519 0 913418 4
2833 159489 1913868 4465692 4
2834 43001 516012 2537059 1
2835 156533 2817594 3756792 1
2836 133075 1064600 6254525 2
2837 38072 114216 1446736 4
2838 141367 706835 4523744 4
2839 106410 2128200 6384600 2
2840 22692 567300 1724592 4
2841 104495 1567425 3552830 4
2842 118707 1780605 4629573 3
2843 33540 503100 905580 2
2844 51868 311208 2489664 3
2845 2569 7707 102760 3
2846 60249 722988 2650956 2
2847 139001 1946014 3753027 3
2848 1161 0 16254 1
2849 30187 241496 543366 3
2850 10336 330752 578816 5
2851 98261 3930440 8745229 3
2852 6897 96558 358644 1
2853 100933 2119593 4844784 4
2854 13960 209400 544440 4
2855 114742 2753808 8376166 5
2856 114845 1148450 5742250 3
2857 37372 896928 1195904 2
2858 24172 362580 942708 5
2859 135937 3262488 7068724 1
2860 59298 474384 1126662 4
2861 89378 1072536 3843254 2
2862 148122 740610 8294832 4
2863 87178 523068 4707612 5
2864 49527 1188648 1981080 5
2865 113016 565080 6215880 4
2866 140358 5614320 8000406 3
2867 138557 2078355 3325368 4
2868 119812 1198120 5750976 5
2869 121420 728520 4249700 4
2870 82872 1243080 4309344 5
2871 109809 329427 6039495 2
2872 25879 232911 543459 1
2873 42407 127221 212035 2
2874 90108 4325184 4685616 4
2875 138136 414408 3867808 5
2876 114609 802263 1375308 4
2877 129160 645800 1549920 5
2878 91832 1928472 6060912 2
2879 96917 1744506 5815020 4
2880 131298 1312980 4726728 3
2881 32955 692055 922740 5
2882 118566 948528 1659924 5
2883 91817 2203608 4958118 3
2884 62884 377304 754608 1
2885 74623 1193968 1641706 5
2886 32919 526704 2139735 4
2887 42014 0 1176392 2
2888 31580 189480 915820 2
2889 49263 1724205 2413887 2
2890 72048 576384 2521680 3
2891 56029 560290 3585856 1
2892 131991 791946 2243847 3
2893 29098 0 407372 3
2894 59071 945136 2480982 5
2895 128301 2694321 6286749 4
2896 51092 255460 357644 3
2897 98165 392660 2650455 2
2898 157395 2833110 8656725 2
2899 738 23616 41328 2
2900 26607 478926 1676241 5
2901 85610 1540980 5050990 2
2902 154808 2786544 9443288 4
2903 8029 64232 120435 5
2904 22461 786135 1729497 4
2905 106094 1485316 2546256 3
2906 72654 726540 4649856 2
2907 154518 1390662 6180720 4
2908 17604 246456 264060 4
2909 61115 1222300 1772335 4
2910 13834 41502 498024 5
2911 57379 229516 401653 4
2912 39456 394560 1223136 3
2913 78222 3128880 6257760 3
2914 59375 534375 1009375 4
2915 77147 231441 2545851 5
2916 158711 1269688 7141995 5
2917 41153 0 1440355 1
2918 45611 684165 1322719 2
2919 157615 157615 1576150 5
2920 4067 28469 138278 5
2921 150310 7214880 12475730 1
2922 146346 439038 6878262 5
2923 53287 426296 3143933 3
2924 106818 4272720 8759076 4
2925 121220 0 5212460 2
2926 130461 782766 5740284 5
2927 9019 144304 261551 2
2928 112943 2032974 4630663 3
2929 65773 1841644 2565147 3
2930 153579 307158 6296739 5
2931 20527 61581 1170039 5
2932 48033 960660 1729188 1
2933 26927 269270 350051 3
2934 14626 219390 1009194 1
2935 139149 417447 834894 1
2936 34873 836952 2231872 1
2937 10295 30885 380915 5
2938 90528 362112 1538976 4
2939 149429 448287 1643719 2
2940 20825 166600 916300 2
2941 129555 0 777330 5
2942 109937 989433 3188173 3
2943 150992 452976 3472816 2
2944 156355 3908875 9694010 5
2945 86416 86416 3975136 5
2946 127380 1146420 6369000 4
2947 36346 363460 1199418 4
2948 89031 1602558 5965077 4
2949 31805 0 1081370 4
2950 151647 3639528 4094469 5
2951 4290 21450 90090 5
2952 105687 2219427 4650228 3
2953 48987 1371636 2596311 3
2954 69991 699910 2729649 1
2955 40568 973632 3083168 3
2956 11972 107748 442964 2
2957 158278 2215892 9021846 4
2958 62539 1500936 1813631 1
2959 160602 2569632 4175652 2
2960 73304 439824 1685992 5
2961 22449 89796 606123 3
2962 40248 643968 1891656 2
2963 158014 1264112 4424392 1
2964 159682 958092 7345372 3
2965 65099 260396 1171782 1
2966 58528 292640 2048480 1
2967 31296 1314432 1533504 1
2968 16448 131584 460544 4
2969 148225 2223375 4891425 1
2970 96555 1158660 2896650 4
2971 86321 1208494 3021235 2
2972 33746 539936 2024760 3
2973 15955 287190 749885 4
2974 129663 3241575 8946747 5
2975 106717 1067170 3735095 1
2976 123513 3458364 4940520 4
2977 141050 6770400 9027200 4
2978 38968 389680 1987368 2
2979 85745 342980 3001075 5
2980 101440 2840320 4361920 1
2981 35706 142824 1999536 2
2982 145119 5079165 12625353 2
2983 38125 381250 800625 5
2984 71736 0 3371592 1
2985 150922 2716596 7998866 4
2986 81203 162406 2679699 5
2987 91249 2281225 3011217 1
2988 65093 260372 3645208 5
2989 159741 958446 4951971 4
2990 131635 2369430 9214450 5
2991 153566 153566 7678300 1
2992 144255 3462120 10242105 5
2993 144741 1736892 6079122 3
2994 27766 83298 472022 5
2995 104804 2515296 6183436 4
2996 41622 166488 2164344 1
2997 142465 3419160 11112270 5
2998 29907 1046745 2033676 1
2999 115581 346743 2542782 3
3000 113717 909736 2842925 3
