0001 108012 1080120 5832648 1
0002 66969 1205442 3951171 5
0003 54751 1095020 2573297 5
0004 109835 109835 5272080 2
0005 54683 218732 1913905 5
0006 41301 330408 1404234 2
0007 69699 1463679 3066756 4
0008 58980 1061640 2300220 5
0009 108342 1516788 3033576 4
0010 23589 188712 495369 2
0011 54165 487485 2437425 2
0012 69942 1049130 2447970 2
0013 55389 0 1495503 5
0014 53108 212432 1380808 5
0015 34723 833352 1458366 2
0016 55665 667980 2226600 2
0017 45130 541560 2662670 5
0018 46135 692025 738160 4
0019 58866 0 1530516 4
0020 86124 1033488 1464108 2
0021 46050 138150 2440650 4
0022 64697 258788 3364244 3
0023 55038 220152 1981368 2
0024 29890 179340 807030 2
0025 14915 119320 193895 4
0026 18358 110148 862826 3
0027 101548 1523220 3046440 2
0028 51206 1792210 3379596 4
0029 59346 949536 2255148 3
0030 75729 1893225 4392282 4
0031 31997 31997 63994 2
0032 26717 267170 1416001 1
0033 75234 526638 1579914 3
0034 38385 115155 1765710 2
0035 78411 470466 4234194 4
0036 111067 1332804 5109082 5
0037 72038 1512798 1800950 4
0038 119833 359499 3235491 5
0039 43954 263724 2285608 1
0040 33603 604854 873678 5
0041 117514 2937850 5875700 4
0042 89593 1433488 5913138 1
0043 76228 1219648 2896664 1
0044 15739 283302 928601 3
0045 100690 0 1611040 4
0046 109588 1534232 4493108 1
0047 116800 1868800 7124800 1
0048 61850 432950 1237000 3
0049 59646 357876 2206902 4
0050 114684 0 2981784 1
0051 49231 196924 393848 3
0052 14396 14396 359900 1
0053 15725 125800 188700 2
0054 64989 1169802 3639384 1
0055 116629 3498870 5248305 2
0056 118080 590400 3660480 1
0057 610 1220 31720 3
0058 11629 69774 186064 1
0059 89604 268812 2150496 4
0060 24884 0 373260 1
0061 4671 46710 158814 5
0062 19843 694505 1210423 1
0063 110870 665220 2217400 2
0064 107484 859872 2579616 5
0065 5033 90594 276815 1
0066 2321 48741 118371 1
0067 1247 69832 120959 4
0068 8576 128640 325888 5
0069 118629 1067661 3558870 5
0070 30255 0 151275 1
0071 73952 887424 1405088 4
0072 79490 476940 4212970 1
0073 107506 860048 1075060 2
0074 114017 228034 1254187 1
0075 32745 65490 916860 3
0076 65110 1367310 1757970 1
0077 72624 871488 2469216 4
0078 107101 856808 5355050 5
0079 85748 685984 2229448 2
0080 124974 2249532 2374506 3
0081 105294 3158820 4422348 4
0082 50406 0 151218 4
0083 49650 49650 347550 4
0084 40864 367776 1471104 2
0085 17546 421104 526380 5
0086 13571 162852 597124 4
0087 77780 622240 2177840 1
0088 69744 0 906672 4
0089 104917 944253 1363921 4
0090 53916 1078320 2587968 5
0091 108198 1081980 2704950 1
0092 42672 170688 213360 5
0093 95603 478015 3346105 4
0094 41247 164988 824940 1
0095 38263 573945 2487095 1
0096 81225 649800 3167775 1
0097 80949 485694 3076062 1
0098 40423 565922 2304111 1
0099 39692 39692 1270144 4
0100 98508 788064 2758224 2
0101 44419 310933 399771 3
0102 103123 515615 5362396 2
0103 42899 257394 686384 4
0104 32024 1152864 1985488 4
0105 13567 54268 325608 4
0106 99716 99716 4387504 2
0107 96172 577032 2019612 5
0108 42591 638865 2129550 5
0109 109762 3841670 5488100 5
0110 30136 361632 1657480 2
0111 75175 75175 3758750 4
0112 10222 51110 439546 5
0113 26268 26268 1208328 2
0114 3105 74520 189405 3
0115 93000 93000 1953000 1
0116 122726 1718164 2822698 1
0117 4004 96096 140140 3
0118 5652 67824 254340 5
0119 41434 124302 248604 1
0120 4224 42240 54912 3
0121 41226 824520 1071876 4
0122 124087 124087 3846697 3
0123 81142 1622840 4706236 4
0124 82161 1314576 4518855 3
0125 61281 0 1593306 1
0126 121912 2925888 4023096 5
0127 62118 1552950 2174130 5
0128 25079 0 1203792 3
0129 65246 456722 717706 1
0130 50745 1065645 2638740 3
0131 3871 23226 85162 3
0132 858 18018 33462 1
0133 30093 361116 1715301 2
0134 118426 1421112 2960650 4
0135 7008 98112 329376 2
0136 53451 801765 1015569 2
0137 36141 542115 2349165 1
0138 43912 1317360 2107776 4
0139 113127 1357524 7013874 4
0140 6481 116658 324050 4
0141 95584 1338176 2771936 5
0142 23474 352110 1267596 2
0143 103795 2179695 4982160 5
0144 42728 341824 1709120 5
0145 86961 86961 4348050 2
0146 121978 731868 3293406 2
0147 63279 3037392 3227229 4
0148 81120 811200 4704960 4
0149 3003 6006 126126 2
0150 79182 712638 1821186 1
0151 89481 715848 4921455 5
0152 47597 285582 999537 4
0153 64886 194658 1751922 1
0154 23568 471360 1060560 3
0155 3233 9699 42029 4
0156 121734 1460808 6451902 3
0157 17197 103182 842653 2
0158 72842 1311156 3569258 1
0159 36198 36198 1737504 3
0160 77261 1158915 4403877 1
0161 60423 483384 2779458 1
0162 105987 2119740 5723298 2
0163 33326 199956 1532996 4
0164 26899 322788 537980 3
0165 59201 236804 1006417 4
0166 122977 2951448 3320379 1
0167 14070 253260 534660 1
0168 100957 2120097 4038280 2
0169 5816 81424 203560 3
0170 81182 1704822 2597824 4
0171 116727 233454 5602896 3
0172 70013 560104 3220598 1
0173 77217 308868 3397548 4
0174 78305 1174575 2114235 3
0175 51836 622032 829376 5
0176 81540 2283120 5463180 1
0177 63295 506360 1645670 3
0178 122085 2197530 5249655 4
0179 124076 496304 4963040 3
0180 32025 64050 544425 1
0181 106463 1490482 2448649 1
0182 99499 596994 4377956 1
0183 36649 513086 1502609 1
0184 15736 330456 519288 4
0185 54105 432840 865680 5
0186 30615 244920 1745055 4
0187 99932 1998640 5696124 1
0188 5752 57520 201320 1
0189 28322 679728 849660 3
0190 71133 711330 3983448 3
0191 44656 937776 1339680 1
0192 51250 1025000 2818750 2
0193 51936 623232 1298400 3
0194 22996 45992 643888 4
0195 104508 1672128 2403684 5
0196 55426 55426 942242 4
0197 79919 3356598 4715221 5
0198 37829 1059212 2912833 3
0199 47277 0 1560141 4
0200 61421 491368 1719788 5
0201 35183 35183 211098 3
0202 24440 219960 1148680 4
0203 50648 506480 1873976 3
0204 50949 1426572 2445552 3
0205 31586 252688 663306 2
0206 10870 65220 86960 3
0207 103346 1446844 3203726 3
0208 97951 1175412 3330334 4
0209 39489 1895472 2724741 5
0210 108847 2612328 4136186 3
0211 51030 102060 153090 2
0212 22354 357664 1207116 5
0213 39369 944856 1220439 4
0214 76177 1828248 2285310 4
0215 32977 65954 560609 1
0216 7989 15978 391461 4
0217 100138 600828 2303174 5
0218 30604 734496 1560804 2
0219 18176 272640 999680 1
0220 41659 1249770 2791153 1
0221 29310 468960 703440 4
0222 31867 669207 1880153 3
0223 86395 691160 777555 4
0224 62892 503136 2075436 3
0225 13604 54416 421724 1
0226 2167 8668 30338 2
0227 59104 0 2541472 3
0228 82304 987648 2057600 5
0229 79095 632760 4271130 3
0230 51951 0 2181942 1
0231 8056 96672 120840 1
0232 16188 97128 194256 3
0233 87212 610484 1395392 5
0234 97561 2439025 5853660 5
0235 28479 1196118 1395471 4
0236 43298 173192 1861814 4
0237 72627 217881 1089405 2
0238 35270 846480 1022830 2
0239 11197 358304 918154 1
0240 81345 732105 4555320 1
0241 67979 1359580 3127034 3
0242 101897 611382 3770189 5
0243 26382 237438 474876 1
0244 55084 330504 2699116 5
0245 29182 525276 1546646 5
0246 79911 1278576 2237508 3
0247 3854 69372 238948 1
0248 19931 179379 538137 5
0249 37092 667656 1965876 2
0250 9473 56838 530488 1
0251 120996 2903904 5807808 3
0252 13482 107856 620172 3
0253 6931 83172 381205 5
0254 120748 3622440 6278896 1
0255 7539 75390 339255 2
0256 58408 1635424 2277912 3
0257 11049 11049 419862 1
0258 37501 600016 2287561 5
0259 16931 355551 1066653 2
0260 18851 263914 885997 2
0261 16800 0 537600 5
0262 60761 546849 2734245 3
0263 51480 154440 2522520 3
0264 119300 477200 4652700 4
0265 19801 396020 752438 4
0266 85122 85122 851220 5
0267 19321 135247 289815 3
0268 109097 218194 4472977 2
0269 62801 1884030 2888846 4
0270 101982 1529730 3875316 3
0271 29274 117096 439110 5
0272 53575 1339375 2785900 4
0273 115281 806967 4957083 2
0274 115819 2316380 6254226 2
0275 110684 1992312 6973092 5
0276 39722 556108 873884 2
0277 88882 1066584 1510994 5
0278 52471 2571079 2885905 3
0279 7983 0 351252 4
0280 13754 0 467636 1
0281 6862 109792 384272 1
0282 121404 485616 5584584 5
0283 92027 552162 4601350 2
0284 75685 454110 2346235 4
0285 114734 458936 1262074 2
0286 76807 614456 2073789 5
0287 16119 483570 934902 2
0288 81338 325352 3822886 4
0289 4371 52452 262260 1
0290 121616 1824240 2067472 1
0291 19676 177084 924772 5
0292 114898 1378776 2297960 4
0293 55303 663636 995454 1
0294 37123 1336428 1559166 3
0295 93063 372252 4932339 3
0296 53157 318942 2923635 5
0297 30786 307860 1231440 5
0298 110486 2651664 3756524 3
0299 22725 363600 659025 2
0300 63235 189705 2149990 1
0301 87915 439575 3428685 1
0302 43055 0 387495 3
0303 92418 739344 4158810 1
0304 17187 34374 120309 5
0305 6544 39264 274848 2
0306 110489 552445 3204181 1
0307 45508 1274224 2275400 3
0308 53397 961146 2936835 3
0309 6764 142044 196156 1
0310 46081 552972 829458 1
0311 76425 2674875 5349750 5
0312 35602 0 498428 2
0313 7747 30988 147193 3
0314 31953 191718 1214214 5
0315 123318 739908 6659172 2
0316 56900 0 1934600 1
0317 69497 1459437 3683341 1
0318 62886 377316 3207186 1
0319 81664 1306624 3266560 5
0320 92969 1952349 4741419 2
0321 8745 69960 437250 5
0322 70886 708860 2622782 3
0323 40693 569702 2441580 2
0324 82279 82279 3784834 1
0325 12586 37758 352408 3
0326 113444 340332 3289876 3
0327 101040 1616640 3839520 2
0328 17273 69092 500917 5
0329 36307 217842 1851657 5
0330 84298 1348768 1517364 1
0331 61029 366174 3417624 5
0332 39577 79154 1424772 4
0333 27878 278780 1616924 4
0334 115917 579585 6375435 5
0335 9885 148275 543675 1
0336 85584 342336 3423360 1
0337 37857 227142 2044278 4
0338 42165 252990 2276910 1
0339 67064 2011920 3420264 2
0340 78831 630648 4256874 3
0341 92150 460750 2948800 1
0342 33756 337560 1451508 3
0343 56756 227024 2383752 4
0344 39129 391290 2152095 4
0345 20819 416380 832760 1
0346 7937 47622 134929 1
0347 46990 704850 2678430 5
0348 39116 39116 938784 5
0349 13441 161292 188174 1
0350 37931 341379 910344 4
0351 56694 1020492 3571722 1
0352 3402 61236 231336 2
0353 106255 2550120 7012830 1
0354 56299 900784 2646053 4
0355 109792 988128 6148352 2
0356 7855 47130 141390 5
0357 103643 1036430 2902004 4
0358 63125 126250 315625 4
0359 106483 3726905 5856565 4
0360 12925 361900 426525 4
0361 55016 660192 1100320 5
0362 103431 620586 4964688 3
0363 24713 790816 1853475 2
0364 79542 2227176 5170230 2
0365 114666 1605324 4013310 4
0366 59994 1799820 3659634 1
0367 123832 619160 4953280 3
0368 83260 999120 4829080 4
0369 21051 421020 652581 4
0370 26694 53388 533880 1
0371 122090 1220900 1587170 1
0372 117329 5631792 8095701 4
0373 90520 1810400 3982880 4
0374 37167 223002 1486680 4
0375 80973 242919 971676 5
0376 121871 1706194 6337292 4
0377 45049 900980 3153430 4
0378 56026 0 448208 2
0379 62445 249780 2060685 4
0380 116984 818888 2456664 1
0381 59682 895230 2267916 5
0382 46215 462150 2772900 2
0383 81003 729027 2673099 1
0384 25072 25072 551584 5
0385 108903 435612 4465023 1
0386 8034 16068 56238 4
0387 10681 10681 96129 4
0388 65053 1366113 2016643 1
0389 96138 0 2403450 5
0390 120522 2169396 3856704 5
0391 103525 310575 5486825 4
0392 79330 1269280 4601140 2
0393 101904 611424 1120944 5
0394 112900 1354800 4741800 3
0395 45806 229030 1007732 2
0396 18995 75980 493870 2
0397 236 2832 4720 4
0398 25047 175329 200376 4
0399 50259 301554 2010360 5
0400 95535 191070 2770515 1
0401 31369 188214 313690 4
0402 124689 374067 5611005 2
0403 100676 2818928 6141236 4
0404 49372 987440 2024252 4
0405 79980 1919520 3359160 4
0406 67001 134002 938014 3
0407 95311 285933 4479617 3
0408 97172 2040612 5927492 1
0409 83151 1247265 1746171 4
0410 123838 1486056 1981408 1
0411 114844 1378128 3789852 2
0412 92567 0 833103 5
0413 58123 697476 1453075 4
0414 60686 1092348 2609498 2
0415 76860 1152900 1921500 3
0416 13514 243252 702728 5
0417 119327 596635 1789905 5
0418 74801 74801 3066841 1
0419 124904 1998464 5245968 3
0420 19675 413175 1082125 4
0421 8388 125820 301968 3
0422 12487 299688 524454 2
0423 118052 472208 5076236 1
0424 10302 164832 381174 1
0425 53305 319830 2878470 5
0426 79572 954864 3421596 3
0427 39528 355752 869616 4
0428 108009 1620135 1836153 1
0429 74258 445548 965354 5
0430 53912 646944 1024328 2
0431 111477 668862 3232833 2
0432 23652 425736 733212 3
0433 114777 459108 803439 5
0434 60467 967472 1269807 3
0435 9150 549000 768600 2
0436 32826 262608 1509996 5
0437 114601 1375212 4927843 5
0438 103622 2176062 4973856 3
0439 58251 116502 1165020 4
0440 81384 976608 1464912 1
0441 85052 170104 2551560 1
0442 70665 423990 2119950 4
0443 36098 1010744 2490762 1
0444 66609 532872 1532007 3
0445 100335 802680 5418090 1
0446 115649 115649 5782450 4
0447 77457 1161855 4260135 1
0448 62428 187284 1498272 5
0449 15258 45774 335676 1
0450 46401 696015 2598456 5
0451 5828 34968 285572 2
0452 32769 393228 1081377 3
0453 102055 0 612330 3
0454 41058 246348 1847610 4
0455 117423 2818152 5049189 1
0456 123165 3694950 9483705 3
0457 13143 210288 854295 3
0458 99470 397880 2088870 3
0459 106493 3194790 6496073 5
0460 101145 303435 3438930 3
0461 4187 66992 180041 5
0462 71487 500409 1429740 5
0463 75318 602544 1581678 4
0464 84180 3030480 4629900 1
0465 37915 341235 1023705 2
0466 28228 254052 790384 2
0467 34995 174975 419940 4
0468 43658 261948 1178766 4
0469 1295 27195 75110 3
0470 40745 733410 2770660 1
0471 51324 102648 461916 3
0472 69465 1111440 2431275 1
0473 78511 942132 4789171 5
0474 71008 284032 426048 4
0475 74392 1115880 1264664 4
0476 5862 52758 216894 5
0477 81901 819010 3521743 3
0478 73787 1106805 4427220 3
0479 8445 33780 126675 3
0480 14311 572440 1202124 2
0481 82167 1725507 4272684 4
0482 2345 82075 86765 4
0483 122826 2579346 3561954 2
0484 34534 138136 448942 5
0485 103096 3092880 4639320 5
0486 73144 73144 1536024 2
0487 18985 56955 835340 2
0488 71856 1005984 3089808 5
0489 117814 471256 4948188 5
0490 105661 1267932 3909457 5
0491 83892 1006704 1677840 3
0492 49458 0 1483740 3
0493 52348 1099308 3036184 5
0494 108009 1512126 6804567 4
0495 113004 678024 1130040 4
0496 42197 506364 801743 2
0497 100637 3019110 5635672 5
0498 33650 201900 370150 2
0499 116397 931176 2444337 5
0500 16295 195540 570325 5
0501 111681 2792025 8376075 3
0502 64934 389604 2077888 2
0503 57697 0 115394 5
0504 16378 65512 786144 4
0505 14233 170796 227728 4
0506 77417 387085 3096680 1
0507 33190 464660 1427170 5
0508 95390 572340 3624820 3
0509 60964 731568 3779768 4
0510 109803 329409 2415666 3
0511 79311 237933 3806928 4
0512 101864 3667104 6621160 3
0513 44566 1247848 1693508 2
0514 84253 842530 2864602 4
0515 64135 1795780 3078480 2
0516 39732 158928 1033032 2
0517 12133 145596 752246 2
0518 5643 11286 50787 2
0519 74048 0 1480960 1
0520 61739 987824 3025211 3
0521 28710 57420 1291950 2
0522 99797 2794316 4590662 5
0523 103480 827840 4242680 3
0524 63205 1580125 3476275 1
0525 3594 14376 86256 4
0526 43329 866580 2686398 5
0527 52063 520630 1874268 4
0528 75279 1053906 3312276 4
0529 121520 1458240 2673440 5
0530 66511 1197198 3791127 3
0531 53470 0 2620030 1
0532 102133 1838394 6842911 1
0533 70037 1260666 2661406 4
0534 72189 1010646 4186962 1
0535 101835 814680 3156885 1
0536 34376 171880 962528 3
0537 119663 358989 5504498 5
0538 115840 347520 1621760 1
0539 115288 1614032 6801992 4
0540 24559 491180 638534 1
0541 34105 341050 443365 4
0542 97464 4775736 5360520 4
0543 124880 374640 3746400 2
0544 104720 2513280 3141600 3
0545 44827 806886 1658599 2
0546 72996 583968 3576804 1
0547 92473 2219352 3606447 4
0548 42386 1059650 3136564 5
0549 45125 541500 2030625 4
0550 62939 377634 1447597 4
0551 14640 58560 717360 2
0552 89066 1870386 2761046 1
0553 83845 838450 3689180 5
0554 61136 489088 2384304 2
0555 72493 72493 2247283 2
0556 86951 173902 1825971 5
0557 31977 383724 1119195 2
0558 57760 173280 1155200 2
0559 3168 63360 218592 3
0560 66342 796104 3648810 5
0561 16557 49671 447039 1
0562 19690 708840 1575200 4
0563 75042 600336 2401344 2
0564 64571 258284 3293121 5
0565 107477 1934586 7200959 3
0566 9921 208341 357156 4
0567 73187 292748 3000667 5
0568 40825 653200 2286200 2
0569 35281 493934 1093711 3
0570 10696 64176 577584 3
0571 54024 864384 1458648 2
0572 22597 90388 1152447 3
0573 45885 1284780 3441375 5
0574 82447 1319152 4781926 4
0575 64693 2587720 3428729 5
0576 66627 599643 3264723 5
0577 97063 1358882 4853150 1
0578 9305 74440 381505 5
0579 83342 2083550 3917074 3
0580 47550 570600 951000 4
0581 59819 538371 2512398 4
0582 68101 681010 2111131 3
0583 20357 305355 814280 5
0584 32549 130196 162745 1
0585 13223 158676 436359 4
0586 102942 6485346 8441244 5
0587 75983 2127524 4407014 5
0588 105472 421888 5062656 5
0589 32649 130596 326490 2
0590 68634 1029510 1990386 4
0591 84025 504150 1848550 4
0592 28160 337920 535040 5
0593 97892 2740976 4992492 1
0594 21894 394092 613032 4
0595 109213 764491 2948751 2
0596 53080 530800 1751640 2
0597 4665 23325 88635 5
0598 93913 1502608 4038259 2
0599 51653 309918 2324385 3
0600 35401 424812 1345238 3
0601 38896 1089088 2683824 1
0602 100957 1514355 4341151 4
0603 40992 204960 2172576 1
0604 87181 1046172 2005163 3
0605 23845 286140 953800 3
0606 123346 1110114 7277414 5
0607 71975 863700 4462450 5
0608 96929 678503 3392515 4
0609 26480 264800 529600 2
0610 60632 181896 303160 3
0611 101031 101031 3131961 2
0612 64305 192915 257220 5
0613 28166 56332 647818 2
0614 23730 142380 1186500 5
0615 49211 246055 1623963 1
0616 90781 363124 2632649 2
0617 32309 0 1130815 3
0618 11803 0 507529 3
0619 50910 1018200 3360060 1
0620 36242 906050 2536940 3
0621 87333 0 4017318 4
0622 41472 248832 1741824 4
0623 31495 629900 1385780 5
0624 91321 2739630 6301149 3
0625 5155 46395 231975 5
0626 37558 938950 2215922 1
0627 28832 864960 1412768 5
0628 103028 721196 4121120 2
0629 12929 116361 620592 3
0630 4782 119550 143460 4
0631 111821 447284 5143766 2
0632 124672 1122048 5859584 1
0633 46737 747792 1402110 2
0634 53543 160629 321258 1
0635 69817 139634 349085 2
0636 10218 143052 429156 5
0637 50137 300822 2406576 2
0638 66911 1003665 3144817 5
0639 60571 847994 2786266 2
0640 3629 25403 174192 4
0641 53662 321972 3005072 3
0642 37838 681084 718922 1
0643 27550 330600 771400 1
0644 5184 10368 98496 3
0645 35637 498918 1568028 1
0646 46923 93846 1642305 2
0647 120244 0 5410980 1
0648 84968 3568656 6882408 5
0649 12546 62730 439110 4
0650 70405 844860 1408100 4
0651 22760 569000 773840 1
0652 101827 305481 4582215 5
0653 21881 612668 1509789 3
0654 84076 252228 1008912 4
0655 41128 987072 1603992 1
0656 87076 1219064 5311636 1
0657 41343 124029 950889 4
0658 105391 2529384 7482761 2
0659 24766 1040172 1609790 2
0660 70726 1697424 4809368 2
0661 12849 102792 424017 1
0662 109898 2307858 3406838 3
0663 81760 2289280 4169760 5
0664 19283 77132 906301 4
0665 98683 1480245 4440735 5
0666 805 11270 28980 1
0667 116152 1161520 2555344 3
0668 26724 213792 1282752 4
0669 58912 1060416 1178240 4
0670 47106 942120 1177650 3
0671 84121 672968 4037808 1
0672 40297 564158 1088019 4
0673 86270 1035240 4917390 5
0674 11610 58050 522450 3
0675 119274 477096 4055316 3
0676 109117 3928212 4364680 4
0677 93727 0 2155721 4
0678 35377 707540 1238195 4
0679 58403 58403 2861747 2
0680 50712 101424 1470648 4
0681 124318 1989088 3480904 4
0682 25429 127145 406864 5
0683 99823 399292 3793274 4
0684 65042 260168 2341512 1
0685 8667 26001 329346 2
0686 90004 2160096 6660296 5
0687 117770 2826480 4357490 2
0688 26346 632304 1870566 4
0689 41808 501696 2090400 1
0690 113973 1367676 1709595 4
0691 28976 173856 550544 2
0692 65594 262376 1443068 2
0693 70838 212514 2621006 5
0694 50129 1002580 2406192 4
0695 113875 227750 4782750 4
0696 18489 369780 1201785 4
0697 20106 422226 965088 2
0698 52068 1041360 3280284 2
0699 23002 115010 1196104 1
0700 7898 189552 315920 1
0701 53664 214656 2897856 5
0702 98749 888741 3752462 1
0703 57772 115544 462176 5
0704 10690 267250 577260 1
0705 102840 617040 1851120 3
0706 106625 959625 5971000 2
0707 113742 2047356 3071034 1
0708 96036 672252 1344504 2
0709 87021 1740420 2523609 5
0710 54361 978498 2228801 5
0711 104295 2607375 5006160 1
0712 103666 310998 2384318 3
0713 95130 570780 2853900 1
0714 1518 42504 78936 5
0715 37772 75544 1813056 5
0716 85878 2061072 4980924 2
0717 84626 1184764 2115650 5
0718 22522 450440 1306276 5
0719 89924 2517872 2967492 4
0720 68812 137624 3302976 4
0721 48381 96762 2515812 3
0722 85285 852850 2046840 4
0723 65759 920626 1183662 3
0724 82965 497790 1659300 4
0725 62554 750648 3878348 5
0726 32533 325330 1854381 3
0727 1094 3282 15316 5
0728 70503 634527 3031629 5
0729 114491 228982 1030419 4
0730 90589 2445903 5525929 3
0731 33872 33872 541952 4
0732 40504 567056 2025200 2
0733 99255 1191060 5359770 4
0734 69822 279288 2653236 4
0735 53125 1115625 1965625 5
0736 51469 926442 2521981 1
0737 5212 72968 156360 4
0738 96153 769224 5288415 1
0739 26520 556920 981240 2
0740 82953 1990872 2654496 1
0741 65522 131044 262088 1
0742 114900 689400 3332100 2
0743 104038 3745368 8843230 4
0744 50410 604920 957790 5
0745 11419 456760 787911 5
0746 120308 1924928 5774784 3
0747 117127 1874032 5504969 2
0748 51520 206080 2318400 1
0749 51647 413176 2788938 2
0750 24548 490960 1472880 1
0751 13395 26790 348270 1
0752 77625 1086750 4424625 1
0753 106835 747845 2991380 5
0754 32837 131348 1674687 1
0755 47272 283632 2647232 3
0756 114473 2861825 7440745 1
0757 44113 132339 617582 4
0758 4266 85320 174906 4
0759 100228 400912 4109348 3
0760 99105 594630 2180310 5
0761 5705 159740 336595 2
0762 96607 483035 2608389 2
0763 20597 247164 617910 1
0764 118588 1423056 2727524 5
0765 66939 1405719 2677560 3
0766 14393 172716 345432 3
0767 96306 481530 5296830 2
0768 38334 38334 1226688 1
0769 41608 208040 291256 2
0770 1701 13608 45927 1
0771 6870 41220 123660 3
0772 111912 2014416 5819424 5
0773 81348 976176 3091224 5
0774 82386 411930 2801124 3
0775 101209 607254 4756823 3
0776 8947 178940 447350 2
0777 55999 0 839985 4
0778 122902 860314 3809962 5
0779 59881 718572 1377263 4
0780 79293 158586 1110102 5
0781 53000 1484000 3763000 1
0782 106122 1061220 5412222 3
0783 111648 669888 4577568 4
0784 84518 169036 3718792 3
0785 110613 442452 3760842 2
0786 53553 321318 2516991 3
0787 51500 206000 2523500 4
0788 61262 183786 2144170 1
0789 38589 0 926136 5
0790 40508 324064 2146924 2
0791 35815 501410 2148900 4
0792 48474 96948 2520648 2
0793 547 16410 32820 3
0794 48604 194416 826268 1
0795 90936 2546208 5456160 1
0796 50197 2108274 3363199 5
0797 114182 3653824 5594918 2
0798 10327 0 351118 1
0799 16974 84870 543168 3
0800 42283 0 1649037 5
0801 19874 119244 1053322 3
0802 70002 840024 3920112 1
0803 76178 609424 4342146 1
0804 64497 967455 2708874 2
0805 123604 0 741624 1
0806 59728 537552 3046128 2
0807 78544 78544 706896 5
0808 76143 609144 2132004 5
0809 65888 527104 1251872 1
0810 105569 1266828 6228571 2
0811 89763 2692890 4577913 5
0812 38875 1088500 1555000 1
0813 118650 949200 1779750 5
0814 298 596 10728 3
0815 19906 0 696710 3
0816 82445 1154230 1731345 5
0817 5792 23168 167968 5
0818 88959 355836 1868139 3
0819 762 7620 22860 4
0820 75107 225321 2253210 5
0821 38620 617920 1351700 1
0822 86036 1204504 4645944 4
0823 75007 450042 4050378 3
0824 104621 1046210 3870977 1
0825 77584 310336 2948192 3
0826 36746 183730 955396 2
0827 101067 404268 3335211 1
0828 121565 3403820 5956685 2
0829 55271 1160691 3647886 2
0830 120708 1448496 2655576 4
0831 86922 1825362 5649930 2
0832 54810 438480 1699110 2
0833 87556 875560 4640468 1
0834 24405 146430 585720 4
0835 41993 251958 2015664 1
0836 118507 1422084 1777605 4
0837 106627 319881 4371707 2
0838 113919 911352 1253109 3
0839 46785 187140 467850 2
0840 114774 459096 3902316 5
0841 101810 814480 5904980 1
0842 58430 1227030 2512490 4
0843 6153 61530 332262 3
0844 60331 1206620 3981846 3
0845 10678 21356 395086 3
0846 34904 69808 1012216 2
0847 39405 315240 1773225 5
0848 118143 118143 2008431 1
0849 72935 364675 2917400 4
0850 107839 3774365 5391950 5
0851 50770 1776950 2589270 2
0852 116340 2094120 3722880 2
0853 77897 1246352 2960086 1
0854 110760 775320 4762680 5
0855 18898 75592 207878 3
0856 96099 768792 1153188 4
0857 35015 0 1540660 1
0858 65758 1972740 4340028 1
0859 26705 133525 1201725 5
0860 121450 1943200 8015700 5
0861 75118 1126770 1802832 5
0862 121434 5950266 6678870 2
0863 67017 402102 3216816 5
0864 28194 789432 1973580 3
0865 71796 215388 3446208 5
0866 74199 0 1261383 5
0867 39486 394860 1460982 4
0868 123899 371697 743394 3
0869 107710 2261910 6031760 1
0870 106989 1069890 6419340 5
0871 75183 150366 1278111 2
0872 71596 1718304 3794588 1
0873 7853 31412 188472 2
0874 4432 88640 257056 3
0875 113780 2730720 6713020 5
0876 90423 542538 1356345 1
0877 21174 529350 1355136 3
0878 68537 2741480 5071738 2
0879 49230 738450 836910 2
0880 831 9972 24099 1
0881 43465 217325 1521275 4
0882 19367 96835 813414 4
0883 118763 356289 831341 2
0884 94213 1413195 5746993 2
0885 33821 236747 777883 2
0886 88828 266484 3286636 2
0887 23813 0 452447 5
0888 11675 105075 175125 3
0889 28887 231096 1675446 5
0890 114797 8954166 13775640 2
0891 92997 557982 1022967 4
0892 59015 531135 2655675 1
0893 22044 462924 1366728 3
0894 60020 0 1200400 1
0895 4553 18212 191226 3
0896 52600 105200 473400 1
0897 79705 1115870 2789675 3
0898 121702 1460424 6450206 4
0899 123304 1972864 6905024 2
0900 109388 437552 5031848 5
0901 44389 710224 1287281 2
0902 1449 20286 65205 5
0903 50872 203488 1373544 2
0904 92047 1656846 3037551 4
0905 73714 147428 3390844 5
0906 85186 2385208 6303764 3
0907 112332 449328 4605612 3
0908 50915 2138430 3869540 1
0909 19817 39634 574693 3
0910 88297 264891 1324455 3
0911 67029 201087 1340580 4
0912 115263 2305260 7722621 5
0913 89668 1793360 5649084 4
0914 55542 55542 2499390 3
0915 76351 305404 3435795 1
0916 57351 229404 917616 1
0917 65752 1578048 4799896 4
0918 93265 466325 1585505 4
0919 17367 52101 642579 4
0920 4033 40330 241980 2
0921 15280 152800 183360 4
0922 106641 639846 3945717 4
0923 36259 145036 1232806 1
0924 15141 181692 696486 5
0925 22466 0 1010970 1
0926 90425 904250 4249975 2
0927 38461 192305 538454 5
0928 113722 454888 3639104 4
0929 84409 253227 2701088 2
0930 89250 892500 4105500 5
0931 17973 287568 988515 5
0932 112538 2700912 7540046 5
0933 29491 176946 324401 5
0934 82081 1149134 3693645 1
0935 45015 270090 1530510 4
0936 31548 252384 567864 3
0937 47217 424953 1322076 2
0938 21779 348464 1197845 3
0939 11423 22846 354113 4
0940 46544 186176 698160 4
0941 90037 720296 4231739 5
0942 10349 124188 476054 4
0943 102317 1637072 6139020 3
0944 30335 60670 394355 5
0945 66528 399168 2062368 1
0946 57903 1042254 1968702 3
0947 118220 945760 2955500 5
0948 7054 70540 112864 3
0949 53715 161145 1181730 4
0950 11658 0 116580 1
0951 103438 620628 3723768 5
0952 54101 54101 1514828 4
0953 97636 390544 976360 2
0954 93979 751832 939790 2
0955 21651 259812 866040 4
0956 113721 1705815 2729304 1
0957 95839 958390 2683492 3
0958 60844 121688 912660 3
0959 62017 248068 930255 1
0960 61871 247484 742452 2
0961 70058 840696 1611334 3
0962 71969 1151504 1799225 5
0963 57808 346848 1734240 1
0964 35068 350680 666292 1
0965 38271 191355 306168 1
0966 34081 954268 1124673 4
0967 124432 1119888 3359664 4
0968 82790 331160 1655800 1
0969 107398 2147960 5799492 5
0970 37240 521360 558600 5
0971 57206 457648 686472 1
0972 114246 1599444 6397776 4
0973 117914 2476194 3891162 3
0974 41730 333840 1043250 2
0975 29761 238088 1011874 3
0976 1095 1095 21900 3
0977 66927 803124 3413277 2
0978 111547 892376 3457957 4
0979 118430 1184300 4737200 2
0980 75577 302308 3325388 4
0981 64552 258208 3356704 4
0982 99186 3471510 4165812 2
0983 19013 57039 228156 2
0984 26189 261890 995182 2
0985 67939 1087024 4416035 5
0986 29797 238376 1340865 1
0987 121174 484696 1090566 4
0988 86862 1216068 2866446 5
0989 75316 0 602528 4
0990 104284 417136 3962792 2
0991 40131 722358 1123668 1
0992 72073 720730 3747796 3
0993 6636 33180 185808 5
0994 67693 270772 1624632 3
0995 33690 404280 1650810 5
0996 102275 511375 4704650 5
0997 120611 1447332 4221385 1
0998 43418 173672 1172286 4
0999 13036 365008 469296 2
1000 59135 295675 3193290 1
1001 86083 688664 1205162 1
1002 114213 0 5710650 1
1003 103764 3631740 4254324 3
1004 97503 975030 2145066 2
1005 40754 203770 366786 1
1006 60421 362526 1993893 3
1007 80511 966132 3945039 5
1008 50860 813760 2899020 2
1009 14413 57652 86478 5
1010 122791 1227910 6753505 4
1011 20924 41848 564948 1
1012 29342 880260 1643152 1
1013 20261 81044 830701 5
1014 114152 3196256 7648184 2
1015 104001 3640035 3848037 2
1016 100105 3503675 6406720 5
1017 67278 605502 2422008 5
1018 64155 2245425 5453175 2
1019 19473 116838 292095 2
1020 110389 441556 551945 4
1021 117575 2351500 4938150 5
1022 9318 27954 260904 1
1023 115271 922168 2535962 1
1024 27529 192703 1018573 1
1025 57119 1599332 3370021 2
1026 24816 49632 744480 4
1027 17418 156762 818646 4
1028 64637 387822 3361124 2
1029 17054 170540 733322 5
1030 110135 440540 4625670 4
1031 27453 54906 1125573 2
1032 117824 589120 3416896 2
1033 80419 1206285 2251732 4
1034 35834 860016 1612530 5
1035 103570 724990 1139270 2
1036 95461 668227 4868511 1
1037 62645 313225 3320185 1
1038 95242 1714356 4571616 5
1039 63864 319320 1277280 4
1040 116567 1049103 6294618 4
1041 97100 388400 1942000 2
1042 98503 985030 5910180 1
1043 86635 1299525 4331750 1
1044 10104 121248 151560 4
1045 106590 3197700 8527200 2
1046 112150 2355150 3140200 1
1047 83062 166124 2990232 4
1048 84122 0 1766562 5
1049 113654 0 2045772 5
1050 36763 294104 698497 2
1051 86371 2418388 6736938 1
1052 17024 102144 697984 5
1053 60857 0 608570 4
1054 236 5664 14632 2
1055 24612 123060 787584 2
1056 45957 735312 919140 3
1057 1265 3795 54395 4
1058 121448 607240 3036200 4
1059 99854 898686 5292262 2
1060 35996 35996 1115876 3
1061 41181 205905 329448 1
1062 106585 1065850 5116080 2
1063 24760 297120 519960 2
1064 51182 1228368 1842552 4
1065 123319 1973104 3822889 5
1066 11145 100305 312060 3
1067 18529 37058 74116 5
1068 4567 54804 182680 5
1069 44239 353912 398151 2
1070 75432 1357776 2413824 5
1071 47133 377064 801261 2
1072 18938 265132 511326 4
1073 93372 466860 1867440 2
1074 111032 1332384 6106760 1
1075 97204 1749672 6123852 3
1076 50785 355495 1777475 2
1077 117764 0 4357268 5
1078 21389 598892 1197784 3
1079 85815 343260 2660265 4
1080 108615 5213520 7168590 5
1081 98822 197644 3952880 2
1082 5884 35304 105912 1
1083 45522 273132 546264 2
1084 68647 411882 1990763 4
1085 123504 617520 6422208 4
1086 105697 105697 4333577 4
1087 3852 57780 123264 5
1088 20665 206650 681945 2
1089 10753 215060 344096 2
1090 99332 1390648 4668604 3
1091 879 5274 49224 2
1092 124874 749244 6743196 1
1093 67114 604026 2013420 2
1094 73179 1463580 4756635 2
1095 109881 2307501 3955716 4
1096 83011 830110 4814638 4
1097 81021 324084 2187567 5
1098 56115 336690 2637405 2
1099 109060 2617440 6979840 5
1100 120097 600485 1681358 2
1101 56978 284890 1025604 1
1102 53154 53154 1009926 2
1103 80032 160064 2561024 4
1104 100947 807576 5350191 3
1105 114768 688608 1836288 1
1106 12197 146364 231743 2
1107 110597 1327164 4534477 4
1108 85473 256419 1623987 5
1109 77358 309432 1933950 1
1110 99030 1485450 3664110 5
1111 69518 1042770 4310116 5
1112 10806 43224 237732 1
1113 75698 1211168 3482108 3
1114 124835 1498020 2746370 4
1115 45754 183016 777818 3
1116 45502 364016 1501566 4
1117 13420 201300 805200 1
1118 93121 186242 2514267 1
1119 59731 836234 2568433 2
1120 4486 0 206356 1
1121 81347 0 1952328 3
1122 41250 371250 1072500 3
1123 20084 80336 281176 5
1124 22946 68838 160622 5
1125 73422 440532 2643192 3
1126 106390 851120 2872530 3
1127 88625 886250 974875 4
1128 60184 240736 300920 2
1129 103089 2061780 6906963 5
1130 76266 686394 3813300 3
1131 85989 257967 687912 5
1132 57994 173982 2261766 1
1133 47296 567552 2553984 3
1134 73882 1034348 2290342 3
1135 100435 3515225 5624360 3
1136 66132 661320 3438864 3
1137 29151 874530 2157174 2
1138 10898 43592 425022 2
1139 87625 1226750 5608000 1
1140 59837 478696 3410709 4
1141 37291 447492 1156021 5
1142 18989 189890 721582 2
1143 85729 1543122 3514889 3
1144 5060 50600 227700 3
1145 104667 314001 5024016 3
1146 30512 549216 732288 4
1147 81376 2278528 3010912 3
1148 104524 418096 3658340 1
1149 26567 531340 1089247 1
1150 34061 170305 238427 3
1151 4788 57456 258552 2
1152 38801 543214 1319234 4
1153 35558 284464 924508 2
1154 79677 1434186 4700943 2
1155 52990 476910 1960630 5
1156 59054 0 649594 4
1157 92331 461655 2677599 2
1158 104438 1462132 4490834 1
1159 93217 745736 3262595 4
1160 84162 1767402 3366480 1
1161 117810 117810 5065830 2
1162 60754 243016 1883374 2
1163 38030 532420 2433920 5
1164 51382 205528 2466336 4
1165 10202 122424 632524 1
1166 31844 636880 764256 3
1167 59889 898335 3353784 2
1168 37106 0 1113180 4
1169 107625 322875 430500 3
1170 41740 0 1502640 1
1171 60364 241456 3018200 4
1172 111098 1110980 2110862 5
1173 106780 427120 3737300 4
1174 48630 680820 1604790 4
1175 47672 190688 2526616 2
1176 123753 1485036 1608789 3
1177 95768 1436520 3351880 2
1178 44161 1324830 3400397 3
1179 122019 3416532 7321140 5
1180 86523 1038276 2595690 2
1181 68088 1021320 2927784 1
1182 99300 595800 3972000 1
1183 55048 1376200 2477160 2
1184 58541 702492 1229361 1
1185 88864 1421824 4620928 2
1186 39940 479280 2276580 3
1187 110669 3873415 4980105 2
1188 92236 2213664 3597204 1
1189 63401 1268020 1711827 5
1190 15972 399300 926376 1
1191 40585 608775 892870 4
1192 112685 901480 4169345 2
1193 39327 471924 1179810 3
1194 107007 856056 4066266 3
1195 119336 1074024 1432032 5
1196 44218 1061232 1105450 5
1197 103001 2163021 5768056 2
1198 101239 404956 2227258 2
1199 10683 21366 480735 5
1200 18014 72056 954742 5
1201 62454 249816 1249080 3
1202 58164 0 2035740 5
1203 71426 1428520 2214206 2
1204 65829 0 658290 5
1205 79007 790070 2844252 4
1206 58925 2121300 2946250 1
1207 99450 596700 4674150 3
1208 122852 491408 5651192 5
1209 15701 31402 628040 3
1210 72454 72454 3115522 3
1211 13715 0 219440 4
1212 67305 2422980 5317095 5
1213 104826 1048260 5765430 4
1214 94248 188496 942480 2
1215 5647 84705 361408 1
1216 114359 1601026 4574360 3
1217 99189 297567 396756 2
1218 53842 538420 1992154 2
1219 36528 109584 767088 4
1220 21208 84832 593824 1
1221 56376 225504 2198664 2
1222 86137 2067288 4651398 3
1223 95176 190352 951760 2
1224 16350 327000 948300 2
1225 69910 419460 2516760 4
1226 15566 31132 669338 1
1227 29208 58416 1168320 2
1228 73403 293612 1321254 5
1229 88006 352024 3432234 3
1230 76317 228951 610536 4
1231 78733 1180995 2834388 1
1232 15922 668724 859788 5
1233 76176 457056 3580272 1
1234 85104 425520 3999888 1
1235 100731 503655 1611696 1
1236 79720 159440 4145440 2
1237 108123 1729968 1838091 3
1238 55098 1101960 1487646 3
1239 84938 0 3057768 4
1240 60060 1081080 3963960 1
1241 45789 1098936 3205230 2
1242 60836 0 2615948 2
1243 92536 277608 2313400 1
1244 67521 675210 742731 4
1245 55318 331908 1161678 3
1246 89638 806742 1972036 1
1247 54037 54037 108074 4
1248 98957 791656 5244721 3
1249 106250 1275000 5100000 5
1250 62843 188529 2010976 1
1251 69863 838356 1117808 3
1252 108868 1633020 5987740 5
1253 50749 0 761235 4
1254 13545 108360 582435 5
1255 97785 1173420 2737980 4
1256 25139 25139 351946 2
1257 102612 513060 5027988 4
1258 17575 35150 579975 5
1259 83315 499890 3749175 5
1260 88440 1415040 4775760 1
1261 29163 58326 233304 4
1262 51485 102970 308910 4
1263 97743 2443575 4202949 2
1264 18028 126196 288448 4
1265 100284 802272 2908236 1
1266 50813 304878 1930894 3
1267 46358 278148 1390740 1
1268 41984 1175552 1301504 3
1269 5576 27880 234192 5
1270 80574 322296 2497794 2
1271 33750 202500 1417500 1
1272 107268 429072 5256132 4
1273 42276 211380 1817868 3
1274 19305 289575 1003860 5
1275 1321 5284 21136 2
1276 18507 74028 832815 3
1277 119275 2146950 7395050 3
1278 124608 2492160 7601088 1
1279 123017 6027833 7011969 1
1280 77389 154778 928668 1
1281 9162 109944 375642 1
1282 48582 291492 777312 1
1283 37682 452184 1959464 3
1284 118845 237690 3565350 3
1285 34322 171610 1887710 4
1286 103986 3639510 3951468 5
1287 17596 158364 879800 4
1288 106613 533065 2025647 3
1289 93298 932980 1399470 1
1290 44732 447320 849908 2
1291 7779 46674 241149 1
1292 58640 703680 2404240 4
1293 98122 588732 3630514 1
1294 37727 75454 1282718 5
1295 33514 502710 1608672 2
1296 53479 641748 1336975 3
1297 10407 124884 572385 5
1298 63795 1531080 4210470 3
1299 97562 487810 5268348 4
1300 64814 1166652 1490722 1
1301 66461 2326135 4984575 5
1302 85194 1703880 1789074 5
1303 69873 0 2515428 4
1304 90905 727240 5272490 3
1305 91268 0 638876 3
1306 48380 96760 338660 4
1307 109547 0 2190940 5
1308 4382 17528 74494 2
1309 41057 574798 2627648 4
1310 108577 0 1737232 1
1311 176 4928 10736 5
1312 20899 167192 250788 2
1313 34676 138704 1109632 1
1314 52611 420888 1367886 3
1315 29683 178098 326513 2
1316 74837 149674 3816687 5
1317 48088 961760 1346464 3
1318 22695 181560 544680 5
1319 12073 72438 84511 4
1320 57410 1607480 3731650 2
1321 8814 211536 282048 3
1322 99037 0 3763406 3
1323 24127 144762 1133969 4
1324 55391 0 2714159 4
1325 12923 129230 529843 1
1326 98151 98151 4613097 1
1327 77146 925752 3240132 5
1328 25514 153084 484766 2
1329 86303 863030 3279514 5
1330 110925 887400 4991625 2
1331 71531 2145930 4434922 1
1332 33651 67302 1245087 5
1333 54192 433536 704496 2
1334 24945 873075 1147470 3
1335 75094 0 3529418 4
1336 8111 121665 202775 2
1337 56151 1010718 1066869 2
1338 99250 595500 1687250 2
1339 89067 3562680 5967489 5
1340 43337 216685 1906828 2
1341 101314 101314 4153874 4
1342 84235 2527050 3453635 1
1343 91991 1379865 1931811 2
1344 9839 236136 688730 1
1345 122077 732462 3784387 2
1346 35196 140784 1830192 2
1347 39725 834225 2462950 4
1348 58170 349020 3257520 2
1349 90868 545208 2453436 1
1350 57077 285385 1198617 4
1351 99961 2499025 4898089 5
1352 101324 0 2330452 4
1353 23181 162267 394077 4
1354 14568 0 509880 3
1355 17131 411144 976467 2
1356 53176 159528 478584 1
1357 123724 371172 866068 2
1358 43656 436560 2619360 5
1359 24883 298596 423011 2
1360 808 5656 9696 5
1361 41664 374976 2416512 3
1362 106191 1699056 2017629 5
1363 31982 127928 1375226 1
1364 104849 419396 4927903 4
1365 117599 2822376 6585544 5
1366 115612 2890300 7746004 2
1367 118035 1062315 6137820 1
1368 99706 997060 4387064 2
1369 32002 320020 1024064 5
1370 115034 690204 2530748 5
1371 17713 106278 159417 5
1372 82739 1737519 4633384 5
1373 48991 146973 2547532 5
1374 124316 497264 4599692 4
1375 60516 302580 1694448 4
1376 118444 1065996 4145540 1
1377 122959 2213262 7869376 5
1378 75047 900564 1425893 5
1379 79125 0 1186875 4
1380 15420 370080 585960 1
1381 121684 1825260 2311996 4
1382 57013 228052 1197273 3
1383 58733 117466 2466786 1
1384 88979 1067748 4715887 5
1385 48206 482060 2506712 5
1386 63960 1279200 2686320 3
1387 71141 1707384 3343627 1
1388 16334 65336 816700 3
1389 12877 180278 231786 2
1390 105562 4433604 4961414 4
1391 7140 99960 228480 3
1392 114263 1713945 2628049 3
1393 16256 81280 812800 1
1394 73867 221601 2954680 4
1395 80205 2245740 4732095 3
1396 21296 170368 1043504 1
1397 66802 467614 1002030 3
1398 77582 2172296 3103280 4
1399 42907 514884 2574420 3
1400 111193 3113404 6226808 5
1401 47707 190828 2337643 1
1402 91859 91859 1102308 5
1403 122339 1835085 7829696 2
1404 10162 71134 294698 1
1405 65794 1381674 3618670 3
1406 7499 179976 202473 5
1407 61544 369264 2584848 5
1408 76764 1919100 2379684 3
1409 1737 15633 38214 2
1410 16056 192672 738576 3
1411 57790 173370 2716130 1
1412 70469 140938 845628 1
1413 120070 0 960560 2
1414 12296 295104 897608 2
1415 91607 1099284 1282498 5
1416 9072 181440 217728 5
1417 7771 62168 101023 1
1418 53301 959418 3411264 5
1419 8566 179886 402602 1
1420 71700 1075500 4445400 5
1421 44169 618366 2782647 1
1422 17770 266550 817420 2
1423 118557 474228 1541241 2
1424 90238 1804760 5504518 4
1425 114844 2067192 7235172 1
1426 44696 893920 938616 2
1427 122525 735150 3798275 3
1428 19085 477125 725230 5
1429 37886 530404 2083730 4
1430 61999 867986 3037951 1
1431 275 550 14025 2
1432 60661 303305 1455864 5
1433 1216 9728 20672 1
1434 91382 456910 548292 2
1435 11957 358710 645678 1
1436 83684 1255260 2845256 1
1437 92030 184060 1472480 1
1438 32843 197058 755389 1
1439 84758 678064 1525644 4
1440 71092 639828 2843680 5
1441 70990 425940 3194550 1
1442 123213 739278 3326751 3
1443 38781 542934 1900269 2
1444 1721 10326 48188 4
1445 496 4960 14880 4
1446 79250 1664250 5468250 1
1447 1187 18992 72407 2
1448 70515 423090 3455235 5
1449 65512 196536 327560 2
1450 13031 78186 130310 5
1451 21367 320505 1367488 1
1452 93859 281577 2909629 4
1453 117006 234012 3159162 2
1454 73871 443226 1846775 4
1455 52926 793890 1905336 2
1456 106105 424420 5199145 2
1457 97712 1954240 3224496 4
1458 13295 398850 452030 5
1459 10240 20480 491520 2
1460 50698 304188 2585598 1
1461 112613 337839 5743263 1
1462 69513 834156 3267111 3
1463 90599 362396 1087188 4
1464 4949 29694 207858 4
1465 120443 5058606 5901707 5
1466 70510 0 1269180 3
1467 19569 58707 978450 3
1468 31405 125620 1319010 2
1469 98845 395380 1680365 4
1470 89658 537948 896580 3
1471 115086 2762064 5984472 5
1472 98245 1768410 2063145 3
1473 47545 332815 2662520 1
1474 98902 494510 890118 2
1475 33181 33181 1161335 5
1476 3830 3830 118730 5
1477 47429 1422870 3746891 5
1478 15840 63360 586080 1
1479 93376 1400640 2147648 2
1480 18115 36230 344185 4
1481 122705 2576805 5030905 3
1482 83797 1173158 1843534 1
1483 2891 8673 28910 1
1484 74259 742590 2821842 1
1485 11076 221520 653484 1
1486 45001 810018 2700060 4
1487 65946 989190 2571894 2
1488 124637 1869555 5110117 1
1489 850 12750 17000 5
1490 66720 1601280 3135840 5
1491 11697 116970 573153 4
1492 41087 493044 1561306 3
1493 116351 1396212 6050252 2
1494 13405 134050 308315 1
1495 31134 311340 1743504 4
1496 122139 977112 1465668 3
1497 58673 352038 2288247 5
1498 52277 418216 1829695 2
1499 33644 706524 841100 4
1500 43070 861400 1852010 3
1501 26206 0 262060 3
1502 27059 541180 947065 2
1503 27493 82479 714818 1
1504 63757 2677794 3187850 3
1505 44743 536916 2013435 3
1506 31206 156030 717738 4
1507 121512 0 2308728 3
1508 40228 120684 1126384 1
1509 88062 704496 5107596 4
1510 98350 885150 1278550 5
1511 4825 72375 164050 2
1512 11717 117170 609284 1
1513 21175 127050 995225 3
1514 75307 1054298 3464122 4
1515 64984 1039744 1884536 5
1516 77530 232590 1938250 1
1517 12603 75618 390693 5
1518 31049 0 993568 1
1519 54327 543270 1412502 5
1520 57494 57494 2299760 5
1521 17125 513750 1130250 3
1522 119114 119114 3335192 2
1523 1545 18540 24720 2
1524 4404 39636 215796 2
1525 36732 183660 1175424 1
1526 42078 0 1809354 5
1527 85338 768042 1536084 1
1528 325 3250 13325 2
1529 71750 1722000 3874500 5
1530 31152 249216 1028016 2
1531 104237 938133 1980503 4
1532 26720 133600 1148960 2
1533 105881 3388192 8576361 1
1534 83014 498084 2656448 5
1535 73854 221562 1403226 4
1536 113625 2386125 3522375 2
1537 51576 0 567336 1
1538 60658 1273818 3214874 2
1539 124296 745776 5344728 2
1540 33930 848250 2510820 1
1541 28714 574280 775278 4
1542 16762 335240 620194 5
1543 120104 0 3963432 5
1544 39929 319432 359361 4
1545 40364 80728 282548 2
1546 81428 732852 3338548 4
1547 53854 646248 3123532 2
1548 22619 316666 882141 3
1549 59159 414113 1893088 4
1550 49245 393960 2265270 1
1551 11460 91680 263580 2
1552 56653 226612 3059262 2
1553 86874 1042488 3214338 4
1554 104293 625758 5631822 3
1555 47611 476110 952220 2
1556 5089 10178 198471 5
1557 12427 149124 497080 4
1558 26092 782760 1643796 3
1559 58644 175932 996948 5
1560 106536 2983008 6498696 2
1561 72914 364570 2916560 1
1562 30568 91704 489088 5
1563 83323 666584 4416119 5
1564 69181 691810 3943317 3
1565 16585 33170 779495 2
1566 79855 1437390 2794925 3
1567 36290 217740 1705630 2
1568 74856 299424 2170824 4
1569 77233 0 1544660 4
1570 102986 823888 5767216 5
1571 46166 1107984 1754308 4
1572 64753 453271 1748331 2
1573 104225 1459150 1563375 3
1574 116097 1160970 5340462 1
1575 90556 0 1358340 5
1576 39146 0 1604986 5
1577 34264 0 239848 5
1578 57715 346290 981155 4
1579 45156 541872 2122332 3
1580 122339 1712746 6973323 5
1581 112343 3932005 6403551 3
1582 29336 586720 645392 4
1583 3507 35070 168336 1
1584 33032 66064 1255216 5
1585 92488 554928 1849760 2
1586 77323 695907 927876 4
1587 2721 10884 54420 5
1588 98112 1471680 3630144 3
1589 39365 826665 1102220 4
1590 86541 1038492 3634722 5
1591 7452 0 141588 2
1592 41653 208265 1457855 2
1593 64617 387702 1744659 4
1594 65406 196218 392436 4
1595 41768 1253040 1963096 3
1596 27563 385882 1212772 5
1597 105233 315699 3472689 5
1598 53500 856000 1337500 2
1599 107875 3020500 7443375 3
1600 87192 87192 3749256 1
1601 22412 134472 896480 5
1602 66875 1404375 3945625 4
1603 26316 631584 1026324 1
1604 76480 76480 2447360 1
1605 13909 27818 111272 4
1606 121721 1460652 4503677 2
1607 85694 342776 942634 1
1608 25811 361354 955007 4
1609 8577 68616 291618 3
1610 70818 1416360 4036626 2
1611 31099 466485 1337257 4
1612 43654 654810 1178658 2
1613 14100 56400 338400 2
1614 12989 181846 662439 2
1615 9781 117372 273868 2
1616 11431 68586 331499 3
1617 28982 608622 927424 1
1618 110167 1322004 3305010 1
1619 113118 2036124 6108372 2
1620 3073 12292 76825 1
1621 42398 169592 890358 2
1622 55963 1007334 2574298 4
1623 33585 302265 940380 5
1624 40870 613050 1512190 4
1625 122548 6862688 11887156 1
1626 109329 218658 1202619 4
1627 113881 1708215 2733144 5
1628 47732 190928 1909280 4
1629 119970 1679580 6118470 2
1630 44822 358576 1389482 2
1631 118796 1306756 4276656 2
1632 110719 1660785 5646669 1
1633 92095 736760 1841900 4
1634 49334 2072028 2466700 3
1635 119550 2391000 8009850 2
1636 25757 25757 798467 5
1637 69745 2929290 4463680 5
1638 80578 241734 3223120 5
1639 110528 3868480 7294848 4
1640 45771 411939 1922382 1
1641 19607 39214 901922 1
1642 95764 0 478820 5
1643 37420 898080 2357460 2
1644 121378 2427560 6190278 1
1645 69978 0 3428922 1
1646 121483 1457796 7288980 5
1647 47487 1187175 2089428 2
1648 122336 734016 5015776 2
1649 76736 537152 2762496 5
1650 109530 0 876240 2
1651 104872 1573080 5033856 1
1652 31993 639860 2143531 3
1653 65316 2351376 3657696 3
1654 1957 58710 95893 3
1655 100915 908235 4440260 2
1656 85721 514326 2143025 5
1657 61631 246524 2896657 4
1658 22134 88536 442680 5
1659 47596 237980 1142304 4
1660 86018 2408504 3182666 3
1661 52421 1100841 1467788 5
1662 67262 470834 1816074 3
1663 81722 653776 2615104 5
1664 64345 900830 1351245 4
1665 82401 1153614 3872847 3
1666 78839 394195 3153560 2
1667 37592 1353312 2255520 4
1668 37463 449556 1948076 3
1669 3607 36070 140673 1
1670 2483 62075 178776 2
1671 58300 0 1340900 1
1672 26959 808770 1186196 3
1673 119004 1428048 2975100 2
1674 53604 964872 1876140 5
1675 35181 422172 492534 3
1676 84018 1176252 2520540 1
1677 60028 360168 960448 4
1678 18183 363660 709137 3
1679 82330 2881550 4775140 1
1680 6521 117378 182588 4
1681 90217 541302 4330416 3
1682 31130 124520 1463110 5
1683 28243 28243 1016748 1
1684 92901 650307 5202456 5
1685 57320 1146400 3783120 1
1686 36486 1021608 2590506 2
1687 122107 732642 3907424 1
1688 19191 38382 652494 5
1689 50930 916740 3310450 2
1690 103926 1662816 6027708 1
1691 3868 135380 235948 5
1692 109081 981729 6326698 1
1693 99910 399640 2497750 4
1694 76645 919740 1839480 3
1695 63112 252448 3281824 3
1696 117745 1412940 3767840 1
1697 118572 711432 2845728 1
1698 40646 243876 1056796 4
1699 13 273 442 5
1700 22991 183928 528793 5
1701 114427 3203956 5721350 2
1702 92750 2782500 3246250 1
1703 53213 638556 2075307 3
1704 98686 592116 1381604 1
1705 51320 1077720 3387120 2
1706 43725 0 1442925 3
1707 75138 751380 3832038 1
1708 17092 256380 495668 1
1709 118000 1416000 1534000 5
1710 120567 602835 6510618 5
1711 16727 234178 367994 1
1712 7024 0 330128 3
1713 95303 2287272 3621514 2
1714 38739 116217 232434 4
1715 64277 1606925 4113728 4
1716 24691 444438 1432078 1
1717 11229 89832 516534 4
1718 43445 391005 1824690 3
1719 29418 706032 1470900 1
1720 4858 102018 116592 1
1721 69539 417234 1460319 4
1722 84681 508086 2963835 1
1723 5689 34134 79646 1
1724 36219 0 325971 4
1725 99845 599070 2496125 1
1726 88708 887080 1419328 1
1727 107414 1611210 6230012 5
1728 68004 1904112 2652156 5
1729 48859 1172616 2540668 5
1730 8598 25794 189156 3
1731 120464 1686496 5420880 4
1732 52049 416392 1873764 4
1733 32651 653020 1763154 3
1734 41487 165948 1908402 5
1735 48221 192884 1060862 5
1736 10199 61194 428358 5
1737 45844 183376 1971292 3
1738 80448 1930752 5550912 1
1739 63875 1277500 3704750 4
1740 26631 266310 825561 2
1741 24436 244360 953004 3
1742 71945 71945 359725 2
1743 15843 190116 538662 4
1744 100965 1009650 4139565 4
1745 54294 162882 2606112 4
1746 52707 790605 2424522 1
1747 2521 20168 52941 3
1748 80058 240174 3442494 4
1749 85836 1030032 3862620 3
1750 109724 1645860 6912612 4
1751 85394 256182 2903396 1
1752 100346 2107266 6823528 4
1753 57860 462880 867900 5
1754 98364 0 2852556 5
1755 66383 1394043 4447661 1
1756 4861 9722 238189 3
1757 69233 1453893 4292446 2
1758 119105 714630 6550775 1
1759 73251 879012 4102056 1
1760 56740 794360 1702200 3
1761 1722 41328 79212 2
1762 11330 339900 804430 4
1763 13763 110104 344075 1
1764 25893 310716 1216971 5
1765 1408 11264 19712 2
1766 76585 1225360 4824855 2
1767 120970 2903280 4717830 3
1768 54302 868832 2606496 1
1769 32818 0 164090 1
1770 42788 299516 1112488 4
1771 34039 136156 1191365 2
1772 112911 1354932 5080995 4
1773 56495 451960 1129900 3
1774 71165 142330 996310 5
1775 93121 2793630 7170317 4
1776 91230 1094760 5656260 2
1777 19999 59997 279986 4
1778 63324 1266480 2342988 4
1779 26389 158334 950004 1
1780 49341 1776276 3207165 1
1781 114845 1722675 2641435 4
1782 24748 123740 346472 5
1783 53740 967320 2310820 1
1784 62831 1130958 1256620 2
1785 99276 595656 4169592 5
1786 23629 94516 378064 1
1787 12897 103176 206352 2
1788 27980 139900 1007280 5
1789 30314 30314 545652 5
1790 33208 199248 963032 2
1791 70709 636381 2191979 5
1792 61759 926385 1976288 4
1793 60819 0 1459656 3
1794 110737 664422 4983165 3
1795 58004 696048 928064 5
1796 33658 1346320 2490692 1
1797 11506 138072 517770 4
1798 46853 46853 1546149 2
1799 51435 617220 874395 2
1800 100043 800344 1800774 5
1801 10264 123168 554256 3
1802 4600 41400 55200 3
1803 17137 102822 942535 5
1804 20795 41590 707030 2
1805 108820 979380 2502860 3
1806 68873 482111 2823793 1
1807 4070 48840 69190 3
1808 66484 398904 3124748 3
1809 110722 3875270 4207436 2
1810 78732 1102248 2755620 1
1811 98321 983210 2064741 5
1812 85383 0 1280745 5
1813 87133 1045596 4792315 2
1814 85143 255429 4427436 5
1815 47856 47856 478560 4
1816 83858 503148 2767314 2
1817 68683 274732 480781 2
1818 102657 205314 3490338 4
1819 69442 2083260 4999824 4
1820 20153 564284 806120 1
1821 58284 466272 524556 5
1822 9128 82152 91280 1
1823 18138 54414 834348 3
1824 1707 25605 54624 5
1825 97190 194380 1166280 2
1826 1669 3338 20028 4
1827 55903 1397575 2683344 2
1828 26343 526860 553203 5
1829 100402 401608 3714874 4
1830 33297 199782 1564959 5
1831 6324 25296 151776 4
1832 40284 0 402840 1
1833 114585 2062530 2864625 4
1834 14337 43011 688176 2
1835 75964 759640 4405912 5
1836 33531 402372 1106523 2
1837 97961 783688 1371454 4
1838 121352 3033800 4004616 3
1839 4263 4263 166257 2
1840 106686 640116 3307266 5
1841 41766 83532 1503576 2
1842 63055 756660 1702485 4
1843 6493 38958 64930 5
1844 85656 171312 1370496 5
1845 77322 309288 3634134 1
1846 82672 661376 3637568 5
1847 87962 439810 1935164 5
1848 95988 1151856 4895388 5
1849 77004 693036 4543236 1
1850 8764 368088 376852 4
1851 96252 866268 1443780 2
1852 33401 400812 1269238 1
1853 11679 280296 689061 3
1854 9736 116832 603632 2
1855 11342 396970 623810 1
1856 31127 622540 747048 4
1857 69847 69847 2514492 2
1858 80206 802060 1042678 5
1859 119383 477532 5491618 1
1860 23100 485100 1617000 3
1861 48562 1019802 2379538 3
1862 35812 0 859488 2
1863 50795 609540 2742930 1
1864 34788 69576 556608 3
1865 70608 1059120 4448304 4
1866 42713 384417 1494955 4
1867 46335 324345 1853400 5
1868 29802 1072872 2175546 1
1869 113304 566520 3285816 1
1870 77382 464292 2553606 2
1871 59468 297340 1367764 5
1872 7241 173784 485147 4
1873 40396 646336 1939008 2
1874 123762 1732668 6806910 5
1875 73375 1467500 1761000 5
1876 69872 1746800 2445520 4
1877 49421 691894 2026261 4
1878 50684 608208 1115048 4
1879 66117 198351 1652925 1
1880 124703 1496436 1995248 3
1881 96786 2322864 2613222 3
1882 113063 1695945 4522520 5
1883 109602 876816 1424826 2
1884 42038 2270052 2522280 4
1885 57005 1026090 3534310 1
1886 17919 71676 447975 4
1887 106219 2230599 6798016 5
1888 96548 772384 4248112 5
1889 96528 2895840 6950016 4
1890 43697 174788 1310910 2
1891 89526 179052 4476300 4
1892 72681 872172 2325792 5
1893 110361 1986498 4083357 3
1894 111064 5331072 6330648 3
1895 25449 508980 1476042 2
1896 69892 419352 2376328 1
1897 99336 2086056 2185392 3
1898 26407 739396 1241129 3
1899 103990 415960 519950 3
1900 81570 1141980 5138910 3
1901 107684 0 4953464 1
1902 24203 48406 387248 4
1903 19437 58311 816354 4
1904 8268 206700 231504 1
1905 60479 0 2963471 2
1906 39603 316824 475236 5
1907 54493 217972 2779143 3
1908 64157 320785 2758751 2
1909 120275 1082475 1924400 1
1910 59460 356760 1664880 2
1911 115322 691932 6112066 4
1912 70005 350025 910065 2
1913 90479 542874 4342992 4
1914 32041 897148 2178788 5
1915 110160 1652400 2864160 4
1916 109761 109761 3512352 3
1917 82122 656976 1888806 3
1918 84700 1016400 1948100 2
1919 97775 782200 3519900 1
1920 99893 1198716 2996790 2
1921 99982 1199784 3799316 2
1922 1287 38610 75933 5
1923 105455 421820 2425465 5
1924 40399 403990 1494763 2
1925 114637 343911 2751288 2
1926 59739 238956 2150604 2
1927 93224 1118688 3635736 3
1928 85837 1373392 3519317 2
1929 62924 1510176 1950644 5
1930 50428 201712 1815408 5
1931 65822 394932 3422744 1
1932 44752 626528 2864128 4
1933 101165 1213980 5159415 2
1934 64602 323010 3165498 2
1935 38194 76388 1756924 5
1936 65304 1371384 2612160 2
1937 15959 446852 925622 4
1938 77680 776800 2252720 3
1939 58509 234036 292545 3
1940 86197 689576 2413516 4
1941 63421 634210 3361313 5
1942 115693 1156930 6825887 1
1943 8458 0 25374 4
1944 3714 25998 92850 4
1945 96444 0 1543104 4
1946 70045 840540 4132655 3
1947 114956 0 2184164 5
1948 61407 859698 1719396 3
1949 49983 399864 1449507 2
1950 54358 326148 2391752 5
1951 87304 436520 1047648 3
1952 70632 847584 4308552 3
1953 43527 130581 1044648 3
1954 96540 1737720 3668520 1
1955 29604 29604 88812 5
1956 123625 3708750 8901000 4
1957 1371 5484 15081 4
1958 108564 5319636 5645328 2
1959 44651 178604 1384181 1
1960 100863 201726 1109493 2
1961 32211 289899 1256229 5
1962 40154 963696 1485698 5
1963 49219 295314 1722665 4
1964 30578 122312 764450 5
1965 51788 207152 983972 2
1966 50910 610920 1272750 3
1967 654 7848 22890 4
1968 116685 3267180 5134140 1
1969 10610 63660 265250 3
1970 98374 2065854 3738212 5
1971 14082 168984 309804 5
1972 122241 733446 3300507 3
1973 4437 155295 275094 4
1974 75417 452502 4147935 5
1975 61116 1527900 3300264 5
1976 27767 166602 1471651 4
1977 47312 567744 1845168 4
1978 53412 320472 640944 3
1979 39295 78590 157180 3
1980 45327 90654 1223829 1
1981 78534 942408 2670156 4
1982 81169 162338 2516239 1
1983 101977 1019770 4385011 3
1984 256 768 11520 1
1985 17990 269850 971460 4
1986 59898 1197960 2935002 3
1987 54796 164388 821940 5
1988 26403 528060 1504971 3
1989 51737 1448636 1707321 3
1990 96104 768832 3940264 4
1991 95495 572970 1432425 3
1992 78222 1173330 3285324 2
1993 87369 1048428 5416878 2
1994 78848 315392 2365440 5
1995 41724 1502064 1752408 5
1996 50909 203636 763635 5
1997 113345 1700175 4193765 3
1998 74013 0 2812494 1
1999 82317 1646340 2387193 2
2000 104117 1874106 3123510 5
2001 59512 892680 3630232 1
2002 82055 246165 492330 3
2003 80826 969912 1454868 1
2004 110809 1108090 3767506 5
2005 38592 1157760 1659456 5
2006 99097 1189164 3468395 4
2007 34526 414312 1933456 1
2008 1235 2470 16055 4
2009 18628 223536 1061796 1
2010 26579 26579 983423 4
2011 61680 925200 1850400 2
2012 14007 112056 658329 2
2013 107945 1079450 3886020 5
2014 64245 899430 3148005 4
2015 45681 365448 2603817 2
2016 62746 1505904 1756888 4
2017 91430 274290 2925760 4
2018 5779 144475 421867 3
2019 16281 341901 895455 5
2020 5581 117201 251145 5
2021 91008 546048 2821248 1
2022 49425 790800 3212625 2
2023 93823 1688814 3471451 3
2024 98562 492810 3745356 2
2025 30368 1062880 1973920 2
2026 72667 218001 1162672 1
2027 83766 2345448 4607130 2
2028 82825 993900 1242375 3
2029 113508 3972780 7264512 1
2030 46674 1633590 3593898 3
2031 78486 156972 3610356 5
2032 117040 1404480 6437200 5
2033 98208 785664 2946240 2
2034 107173 428692 5037131 4
2035 106066 848528 3500178 4
2036 117014 2457294 5616672 1
2037 82315 329260 1810930 5
2038 80816 1454688 3232640 1
2039 7338 73380 278844 5
2040 29308 29308 732700 1
2041 12113 193808 205921 5
2042 20292 284088 689928 5
2043 117901 1650614 3419129 3
2044 32405 194430 1263795 3
2045 123991 1115919 1239910 3
2046 25473 76419 764190 5
2047 72329 1012606 1880554 4
2048 53122 106244 1381172 4
2049 118471 0 1421652 5
2050 74441 1563261 4243137 4
2051 71024 142048 1633552 1
2052 50884 1017680 3053040 5
2053 26451 105804 740628 2
2054 92183 368732 2396758 1
2055 97828 1369592 5771852 5
2056 14009 280180 308198 5
2057 73639 883668 2724643 5
2058 90115 720920 1622070 4
2059 19664 550592 747232 1
2060 45721 1280188 1920282 2
2061 795 7155 39750 4
2062 70204 1263672 1825304 3
2063 107691 1292292 3769185 3
2064 81065 81065 2431950 5
2065 9889 138446 603229 4
2066 120847 1450164 4592186 3
2067 91777 367108 1284878 3
2068 60252 1205040 3012600 4
2069 94470 2834100 4345620 1
2070 64816 453712 1361136 2
2071 90744 1088928 1542648 3
2072 62705 877870 1504920 5
2073 70892 992488 2410328 1
2074 81398 2441940 4558288 4
2075 33210 0 830250 1
2076 45201 542412 1988844 5
2077 87644 1752880 5872148 3
2078 95203 571218 3522511 3
2079 79609 716481 1831007 1
2080 76360 152720 1298120 3
2081 20889 188001 250668 1
2082 47323 283938 757168 5
2083 19173 0 881958 1
2084 45492 409428 1046316 1
2085 84680 0 3302520 5
2086 53395 1334875 3417280 2
2087 124699 249398 2743378 4
2088 62569 437983 938535 5
2089 7723 30892 61784 1
2090 15564 93384 217896 4
2091 85952 601664 3953792 5
2092 115741 462964 5092604 3
2093 106695 2560680 7788735 1
2094 48018 432162 912342 3
2095 8171 49026 171591 4
2096 78625 157250 2437375 3
2097 90345 542070 722760 1
2098 32080 0 1251120 2
2099 11317 271608 599801 5
2100 106066 1697056 5727564 4
2101 10289 185202 607051 1
2102 113719 0 4207603 1
2103 29202 408828 1693716 2
2104 94894 569364 2182562 3
2105 14597 408716 1080178 1
2106 52848 422784 3065184 3
2107 7601 152020 273636 5
2108 1449 30429 84042 5
2109 95064 380256 4753200 2
2110 86608 86608 3031280 2
2111 16881 118167 151929 2
2112 108348 2275308 5200704 2
2113 90926 1818520 5182782 1
2114 115199 1151990 2879975 2
2115 103332 309996 4649940 4
2116 111541 892328 2788525 4
2117 81047 1701987 5430149 1
2118 20369 407380 998081 2
2119 60342 1448208 2956758 4
2120 90736 362944 998096 1
2121 85409 256227 2476861 5
2122 50167 401336 2859519 4
2123 71344 428064 3638544 1
2124 58744 176232 2173528 4
2125 55656 779184 2059272 5
2126 87883 527298 3866852 3
2127 112771 1691565 4059756 3
2128 6049 72588 235911 3
2129 8040 24120 337680 5
2130 86748 1734960 2342196 3
2131 44042 880840 1233176 3
2132 117751 1884016 6240803 2
2133 86661 1039932 4159728 2
2134 115161 690966 5758050 1
2135 86856 868560 2345112 3
2136 87703 1315545 5174477 3
2137 120297 962376 1563861 2
2138 90972 363888 2183328 1
2139 31457 188742 1195366 4
2140 85971 515826 3610782 2
2141 89116 712928 1069392 3
2142 72331 144662 867972 5
2143 56860 454880 2444980 5
2144 88891 888910 1422256 3
2145 101541 2538525 3350853 1
2146 103920 0 3013680 5
2147 11361 45444 204498 1
2148 249 3735 9960 2
2149 62740 564660 2635080 5
2150 124675 2244150 4363625 1
2151 15927 191124 828204 3
2152 95680 1722240 2487680 2
2153 90406 1898526 5333954 2
2154 103677 622062 3939726 1
2155 72089 144178 1369691 3
2156 86300 345200 1208200 2
2157 70448 140896 3592848 5
2158 43717 218585 1923548 3
2159 102730 205460 616380 2
2160 82681 826810 3803326 4
2161 88638 1772760 5052366 4
2162 123091 2584911 4062003 1
2163 119645 717870 5503670 4
2164 38085 609360 2170845 5
2165 47537 855666 1806406 2
2166 48591 437319 2623914 5
2167 19062 343116 438426 1
2168 113133 791931 5430384 1
2169 29097 203679 931104 1
2170 18981 341658 379620 5
2171 29094 232752 523692 2
2172 81263 487578 3006731 2
2173 43940 307580 659100 1
2174 96995 969950 5237730 2
2175 124007 1116063 6200350 4
2176 110226 110226 2645424 5
2177 912 2736 45600 2
2178 113112 1809792 2488464 3
2179 30382 182292 1610246 2
2180 117887 707322 3536610 4
2181 69808 558464 2582896 1
2182 7593 22779 197418 5
2183 9026 72208 126364 3
2184 34129 102387 1706450 3
2185 116460 0 2212740 5
2186 5817 11634 221046 2
2187 88701 887010 4168947 4
2188 72406 1086090 3620300 2
2189 97901 0 4797149 5
2190 40181 160724 1366154 4
2191 80777 242331 2261756 4
2192 37711 1055908 1998683 5
2193 2195 32925 120725 4
2194 77397 464382 2012322 5
2195 110362 993258 5076652 2
2196 56961 512649 3360699 3
2197 42112 84224 1558144 4
2198 78399 470394 1332783 5
2199 1860 18600 70680 1
2200 65958 791496 2506404 1
2201 74048 1110720 2887872 5
2202 119146 714876 3216942 4
2203 107680 1292160 6245440 4
2204 24952 623800 1247600 2
2205 84289 842890 2107225 5
2206 113582 3407460 5338354 2
2207 100371 1204452 1706307 4
2208 87937 527622 3693354 2
2209 95832 1437480 4983264 3
2210 2442 14652 70818 3
2211 56812 56812 2840600 2
2212 18058 288928 505624 1
2213 119727 239454 1436724 5
2214 52400 314400 1676800 3
2215 32286 96858 1452870 3
2216 54170 0 379190 5
2217 37230 1042440 1638120 2
2218 116609 3498270 4547751 1
2219 109994 2309874 4399760 4
2220 47989 479890 1919560 2
2221 3068 128856 141128 5
2222 13416 53664 362232 4
2223 65698 1051168 2168034 1
2224 52786 1900296 3008802 3
2225 75144 901728 3531768 4
2226 2188 4376 19692 1
2227 118734 0 3680754 5
2228 98628 2761584 3353352 1
2229 35139 210834 1932645 2
2230 77570 930840 3723360 4
2231 33860 101580 169300 1
2232 98389 1475835 4525894 5
2233 108846 2612304 3918456 2
2234 35209 35209 246463 4
2235 24124 675472 1109704 1
2236 116527 2330540 3495810 1
2237 64863 2335068 5383629 5
2238 122941 2212938 3565289 2
2239 7720 15440 293360 1
2240 61962 1301202 2664366 1
2241 59023 1062414 2360920 2
2242 67950 0 203850 2
2243 33422 0 868972 4
2244 44230 221150 1503820 4
2245 86169 172338 1292535 4
2246 37671 150684 1883550 2
2247 91693 1650474 2659097 2
2248 41364 827280 1489104 4
2249 68776 206328 1513072 4
2250 51176 1535280 3326440 1
2251 57076 856140 2739648 4
2252 80032 480192 1920768 3
2253 26886 107544 672150 5
2254 5677 119217 357651 1
2255 123705 247410 1731870 4
2256 21086 63258 611494 2
2257 77102 462612 1156530 1
2258 84928 2038272 5350464 1
2259 14003 168036 294063 5
2260 36092 0 36092 3
2261 50302 1207248 2666006 3
2262 87662 2454536 4646086 4
2263 23600 141600 448400 2
2264 99019 2376456 3762722 4
2265 1525 15250 39650 3
2266 71050 1705200 4618250 1
2267 89992 1889832 3779664 2
2268 115412 1384944 6347660 1
2269 113049 904392 1356588 1
2270 58611 468888 2520273 3
2271 55406 443248 775684 1
2272 10458 156870 470610 3
2273 32432 129728 324320 3
2274 65672 0 3020912 5
2275 69409 277636 2082270 3
2276 94618 1135416 5582462 3
2277 123534 741204 6794370 4
2278 47357 568284 1941637 2
2279 5927 94832 272642 2
2280 46541 139623 186164 2
2281 96402 578412 2988462 1
2282 25644 25644 615456 1
2283 65210 1565040 3064870 5
2284 16243 227402 942094 4
2285 268 536 9112 2
2286 70124 1262232 4207440 2
2287 117224 234448 586120 2
2288 18576 37152 520128 4
2289 88875 533250 1866375 2
2290 103465 1241580 1758905 5
2291 6647 66470 305762 3
2292 7988 23964 103844 2
2293 103813 2491512 3425829 4
2294 8321 99852 515902 1
2295 92903 1114836 3158702 4
2296 102659 1026590 4003701 2
2297 30196 543528 2023132 1
2298 30167 422338 1659185 3
2299 115861 1737915 4518579 1
2300 116573 349719 5245785 3
2301 107309 107309 1716944 1
2302 3009 42126 72216 1
2303 46927 750832 1689372 2
2304 67710 270840 3520920 1
2305 3942 19710 161622 1
2306 109232 1966176 3823120 2
2307 72759 582072 873108 3
2308 31598 189588 979538 2
2309 89698 538188 627886 4
2310 99216 595296 1091376 4
2311 78879 1893096 3943950 5
2312 47481 1139544 2848860 1
2313 91754 550524 3119636 5
2314 29732 118928 594640 4
2315 90955 818595 1273370 5
2316 37626 263382 1806048 2
2317 37364 560460 2167112 4
2318 42047 0 1850068 3
2319 66444 465108 3322200 3
2320 68022 408132 2720880 4
2321 76363 2138164 3741787 5
2322 96193 961930 5771580 2
2323 119025 714150 2261475 4
2324 52459 104918 996721 4
2325 58182 465456 1629096 5
2326 8096 145728 510048 4
2327 51994 51994 1403838 5
2328 105077 630462 5358927 2
2329 124362 1492344 7088634 5
2330 115297 230594 1037673 4
2331 103571 1449994 3832127 4
2332 57741 346446 3233496 1
2333 30493 182958 1250213 3
2334 2332 23320 121264 5
2335 40162 40162 602430 4
2336 25918 259180 1399572 2
2337 32817 689157 1279863 3
2338 41323 82646 1900858 2
2339 20473 737028 757501 3
2340 95894 2013774 3931654 2
2341 1362 27240 47670 5
2342 21636 86544 324540 4
2343 73009 2044252 4526558 2
2344 90563 1267882 3531957 1
2345 54313 0 2498398 2
2346 117277 3752864 5981127 1
2347 48266 96532 675724 1
2348 49665 446985 1440285 4
2349 112154 1009386 3588928 1
2350 122737 1963792 4295795 3
2351 10934 196812 666974 1
2352 36325 217950 1816250 5
2353 89437 89437 1609866 1
2354 77827 1400886 4747447 2
2355 29429 441435 1000586 3
2356 73494 293976 3454218 5
2357 18676 224112 803068 3
2358 66925 669250 1806975 2
2359 39503 39503 276521 5
2360 116448 2445408 3493440 4
2361 2348 0 46960 1
2362 9876 9876 217272 5
2363 112357 898856 2134783 1
2364 50297 1408316 3621384 5
2365 32597 195582 456358 5
2366 118394 710364 2249486 2
2367 74061 444366 2740257 4
2368 13388 13388 495356 3
2369 81272 1219080 2356888 5
2370 92655 277965 1667790 2
2371 86379 1382064 3973434 1
2372 45194 316358 1039462 3
2373 37234 1303190 1601062 4
2374 47209 849762 2974167 4
2375 80870 161740 2021750 1
2376 52246 417968 574706 2
2377 26708 106832 293788 1
2378 66991 602919 870883 1
2379 61861 185583 247444 2
2380 19229 76916 653786 2
2381 109178 436712 4257942 5
2382 70949 1064235 1844674 5
2383 52792 633504 2164472 2
2384 25742 180194 617808 5
2385 8750 157500 288750 2
2386 43276 605864 1904144 5
2387 30567 0 183402 5
2388 76641 306564 1839384 3
2389 16133 241995 984113 1
2390 64095 384570 705045 2
2391 50121 0 1954719 4
2392 47801 191204 1003821 5
2393 12815 25630 256300 3
2394 44350 1108750 1374850 5
2395 40778 734004 2324346 4
2396 67444 539552 944216 5
2397 97639 0 3710282 2
2398 35651 285208 926926 1
2399 3923 164766 294225 2
2400 104537 313611 2927036 5
2401 93476 1682568 5515084 3
2402 3740 37400 145860 5
2403 107815 1293780 4312600 1
2404 1612 3224 59644 5
2405 49208 1033368 2509608 1
2406 44352 665280 1020096 4
2407 114687 1720305 2752488 2
2408 32608 586944 1467360 2
2409 53579 0 589369 2
2410 31226 187356 874328 4
2411 56383 0 338298 2
2412 124230 2608830 3354210 4
2413 120208 961664 4688112 4
2414 116054 2321080 6731132 3
2415 101583 2031660 4977567 3
2416 69916 0 1468236 3
2417 102478 512390 717346 5
2418 23799 23799 71397 4
2419 13654 136540 450582 3
2420 104811 314433 5345361 2
2421 6334 38004 190020 4
2422 109616 2192320 7673120 3
2423 38143 228858 1296862 1
2424 78422 0 1254752 4
2425 7036 21108 358836 4
2426 1672 20064 43472 3
2427 71005 355025 3195225 2
2428 1254 7524 27588 1
2429 9644 19288 154304 4
2430 38833 0 155332 4
2431 102258 818064 3885804 3
2432 64300 643000 2636300 5
2433 56622 679464 2887722 2
2434 84818 1187452 1950814 2
2435 69330 346650 1941240 1
2436 118715 474860 3561450 5
2437 63571 953565 2034272 2
2438 59552 119104 1012384 4
2439 106348 638088 3934876 1
2440 46767 982107 1590078 5
2441 30198 60396 1177722 4
2442 60934 121868 2315492 5
2443 59266 711192 1896512 2
2444 55142 771988 827130 2
2445 91188 638316 4741776 5
2446 104611 3661385 7950436 4
2447 42228 675648 886788 1
2448 32158 1350636 2636956 2
2449 11858 94864 509894 1
2450 121209 1939344 6424077 3
2451 10684 0 373940 4
2452 13083 235494 457905 5
2453 48811 732165 3026282 3
2454 71852 287408 2658524 1
2455 79556 1432008 1988900 3
2456 76201 762010 3657648 5
2457 119440 1911040 6569200 1
2458 119699 3351572 4907659 4
2459 41711 417110 1376463 2
2460 32465 194790 811625 5
2461 65192 260768 1694992 2
2462 81201 649608 2517231 2
2463 71014 2130420 3408672 5
2464 98435 984350 3051485 5
2465 78351 235053 2898987 3
2466 59842 478736 718104 4
2467 69314 1386280 2148734 5
2468 47082 470820 1412460 4
2469 61770 617700 2779650 1
2470 103125 618750 2371875 3
2471 44963 89926 854297 3
2472 72262 1083930 1228454 3
2473 52658 1263792 1685056 2
2474 26481 264810 794430 4
2475 120157 961256 6728792 4
2476 5055 141540 227475 2
2477 83251 333004 3413291 4
2478 61262 857668 3920768 5
2479 92211 2766330 5532660 1
2480 81453 162906 1710513 1
2481 70162 491134 3297614 4
2482 18050 649800 1299600 4
2483 34505 724605 1656240 2
2484 59637 178911 1550562 5
2485 91092 728736 2277300 1
2486 64453 0 837889 5
2487 111796 558980 3242084 5
2488 32525 780600 1170900 4
2489 53159 425272 2764268 2
2490 114136 456544 5706800 1
2491 29052 406728 1278288 5
2492 101232 1417248 5365296 2
2493 3024 12096 130032 4
2494 17997 143976 377937 3
2495 79564 1432152 4932968 5
2496 60121 180363 721452 1
2497 78984 1421712 3238344 4
2498 87281 1047372 1832901 5
2499 53489 320934 909313 3
2500 2800 2800 72800 5
