0001 9006 162108 207138 4
0002 5293 95274 185255 4
0003 4411 22055 52932 4
0004 42711 170844 213555 5
0005 14858 44574 460598 3
0006 7025 28100 63225 3
0007 30726 122904 829602 1
0008 933 0 6531 4
0009 5635 22540 129605 1
0010 2174 26088 89134 4
0011 16139 32278 274363 4
0012 13441 161292 510758 3
0013 11772 47088 247212 5
0014 24637 492740 960843 4
0015 56413 1128260 1241086 4
0016 53027 530270 1378702 2
0017 21648 129888 389664 1
0018 40513 162052 243078 2
0019 42573 383157 468303 3
0020 11320 33960 339600 2
0021 25686 102744 899010 5
0022 53683 0 1986271 2
0023 17030 408720 834470 4
0024 16576 414400 977984 2
0025 7794 163674 171468 2
0026 17427 0 609945 2
0027 8826 123564 158868 5
0028 46607 93214 792319 4
0029 44753 0 984566 1
0030 26476 370664 503044 1
0031 36907 1291745 2029885 5
0032 54137 270685 2219617 5
0033 8933 214392 482382 1
0034 10271 82168 349214 2
0035 51995 363965 1975810 1
0036 31085 870380 1336655 5
0037 26402 105608 132010 2
0038 14064 0 393792 5
0039 42940 128820 472340 2
0040 14630 175560 497420 4
0041 38755 310040 1395180 2
0042 18235 547050 729400 5
0043 875 3500 6125 5
0044 53403 213612 1708896 3
0045 37391 373910 1084339 1
0046 10298 216258 514900 5
0047 48439 2034438 3826681 5
0048 676 2704 15548 3
0049 53763 1075260 2419335 3
0050 54098 324588 919666 5
0051 44478 222390 934038 4
0052 24873 447714 1119285 1
0053 31879 191274 1338918 2
0054 42414 848280 1102764 3
0055 6194 37164 222984 2
0056 26887 215096 376418 4
0057 13288 53152 66440 5
0058 18594 371880 762354 2
0059 271 542 1355 1
0060 9527 114324 133378 1
0061 26897 161382 322764 1
0062 46717 840906 2289133 4
0063 6010 12020 78130 5
0064 33642 100926 841050 1
0065 4647 27882 148704 3
0066 18997 227964 854865 1
0067 42206 295442 464266 4
0068 39844 0 517972 2
0069 621 15525 35397 1
0070 15515 124120 186180 5
0071 25600 51200 819200 1
0072 46663 746608 1539879 5
0073 33098 165490 628862 3
0074 53688 1503264 2254896 5
0075 42247 42247 337976 4
0076 50171 903078 2659063 3
0077 44798 313586 1791920 4
0078 38422 461064 1267926 4
0079 34351 103053 1374040 2
0080 6822 6822 204660 3
0081 16566 82830 314754 3
0082 17485 34970 87425 4
0083 51210 307260 1024200 5
0084 36672 1540224 2713728 3
0085 12823 205168 256460 1
0086 7007 98098 259259 1
0087 4566 9132 164376 1
0088 20380 326080 937480 3
0089 16296 146664 749616 3
0090 52193 1096053 2192106 2
0091 28658 114632 888398 4
0092 38382 38382 537348 1
0093 14371 344904 776034 3
0094 15772 94632 630880 1
0095 11772 70632 82404 1
0096 11710 140520 409850 4
0097 30808 92424 215656 2
0098 38468 769360 1884932 1
0099 25795 154770 851235 4
0100 42456 509472 1570872 3
0101 12039 0 144468 3
0102 12214 48856 109926 2
0103 56261 450088 843915 5
0104 12350 111150 259350 2
0105 11550 231000 392700 3
0106 12667 152004 392677 3
0107 34715 208290 590155 1
0108 43924 263544 1317720 5
0109 18037 505036 1028109 1
0110 26946 404190 889218 2
0111 3745 52430 74900 5
0112 32780 393360 622820 2
0113 39637 554918 1942213 1
0114 13923 208845 389844 3
0115 28888 115552 462208 3
0116 45148 677220 722368 5
0117 56564 1696920 2092868 5
0118 41165 246990 1564270 3
0119 25814 903490 955118 5
0120 7479 149580 321597 4
0121 15500 325500 620000 5
0122 49807 597684 1743245 2
0123 28783 86349 287830 2
0124 34632 311688 1350648 3
0125 34380 68760 1134540 1
0126 53163 637956 2392335 3
0127 27040 216320 811200 5
0128 24677 148062 1011757 1
0129 37123 37123 148492 3
0130 3347 3347 36817 4
0131 15469 61876 572353 1
0132 1958 23496 64614 3
0133 8989 35956 314615 1
0134 43298 519576 1428834 2
0135 24754 222786 1138684 2
0136 12546 112914 414018 3
0137 14434 57736 288680 5
0138 17285 518550 881535 3
0139 17033 51099 204396 5
0140 40602 1989498 2070702 1
0141 30952 773800 1052368 2
0142 22757 227570 1024065 4
0143 48889 97778 1613337 2
0144 40508 162032 972192 4
0145 47060 705900 2305940 5
0146 39478 552692 1381730 2
0147 36757 514598 1911364 3
0148 13728 13728 123552 3
0149 54011 756154 1836374 3
0150 41585 124755 166340 5
0151 27934 223472 977690 3
0152 27941 111764 866171 4
0153 12581 176134 402592 1
0154 54865 0 1591085 3
0155 21136 507264 1204752 3
0156 2680 0 21440 3
0157 16318 130544 261088 2
0158 10747 128964 279422 4
0159 47349 236745 946980 3
0160 12860 25720 308640 4
0161 21935 109675 482570 3
0162 55551 999918 2444244 5
0163 54481 1362025 2941974 5
0164 20623 247476 928035 4
0165 41142 493704 1275402 5
0166 14517 72585 493578 3
0167 2055 12330 86310 5
0168 52020 780300 1456560 3
0169 33927 135708 1085664 2
0170 23184 115920 417312 4
0171 10568 221928 623512 2
0172 54777 109554 2081526 3
0173 40413 565782 1171977 4
0174 20473 0 40946 5
0175 50445 1412460 2320470 3
0176 50361 0 805776 1
0177 33741 168705 911007 2
0178 23153 648284 1250262 5
0179 1963 11778 51038 4
0180 31681 570258 1140516 1
0181 37676 188380 226056 1
0182 22942 458840 1261810 2
0183 9823 49115 147345 1
0184 53871 646452 1831614 5
0185 25057 375855 1102508 1
0186 49118 442062 1031478 3
0187 5317 26585 154193 4
0188 43667 262002 1222676 4
0189 56934 170802 1195614 2
0190 56413 676956 1466738 1
0191 38667 193335 618672 1
0192 1781 10686 44525 1
0193 42755 42755 769590 1
0194 34043 272344 1021290 4
0195 9462 198702 473100 4
0196 11757 47028 270411 5
0197 14446 115568 476718 2
0198 12429 111861 472302 1
0199 13543 108344 487548 2
0200 31390 659190 721970 4
0201 19131 19131 363489 1
0202 38565 771300 1581165 3
0203 39786 119358 716148 4
0204 47007 376056 705105 4
0205 24454 122270 758074 5
0206 4814 19256 144420 2
0207 47391 568692 1658685 2
0208 17006 136048 306108 2
0209 28433 341196 995155 1
0210 1899 22788 49374 4
0211 56694 453552 907104 5
0212 54663 163989 929271 5
0213 44331 620634 1994895 4
0214 41486 124458 995664 2
0215 14896 729904 1236368 3
0216 53657 0 751198 3
0217 54108 3030048 4274532 4
0218 5045 121080 292610 3
0219 41016 369144 533208 2
0220 37748 377480 1207936 3
0221 1875 11250 30000 1
0222 45008 1080192 2025360 4
0223 20454 81816 736344 1
0224 45294 407646 1630584 1
0225 18459 55377 719901 1
0226 4474 26844 174486 4
0227 52565 210260 1208995 4
0228 5467 43736 218680 3
0229 27552 330624 413280 5
0230 7485 104790 314370 2
0231 14565 0 233040 2
0232 27364 218912 1094560 2
0233 32381 518096 1003811 5
0234 43273 173092 822187 4
0235 12701 25402 203216 4
0236 46922 46922 516142 3
0237 23757 0 190056 2
0238 14306 143060 171672 3
0239 48497 290982 1551904 3
0240 1302 39060 69006 2
0241 54348 326088 1141308 1
0242 36240 652320 1449600 4
0243 23200 464000 696000 5
0244 55555 1666650 2888860 3
0245 22817 45634 136902 1
0246 37646 188230 1279964 2
0247 40114 0 1243534 5
0248 356 5340 9256 5
0249 16502 231028 676582 3
0250 27445 54890 466565 3
0251 25005 450090 725145 1
0252 43839 920619 1841238 1
0253 47366 378928 2084104 2
0254 21508 193572 666748 1
0255 17412 522360 905424 5
0256 38249 152996 1529960 2
0257 15093 60372 105651 4
0258 56797 567970 2612662 5
0259 20824 104120 291536 1
0260 46678 420102 1773764 5
0261 3985 11955 147445 1
0262 49056 294336 1128288 5
0263 15749 330729 787450 5
0264 25763 51526 128815 1
0265 49666 695324 1489980 5
0266 25181 201448 478439 5
0267 33367 300303 934276 3
0268 25144 75432 754320 1
0269 56975 1139500 3133625 5
0270 45156 180624 1625616 4
0271 7153 71530 121601 5
0272 48174 385392 2167830 5
0273 22516 90064 292708 2
0274 9502 0 275558 2
0275 53675 268375 1663925 4
0276 37730 301840 1169630 3
0277 38197 38197 725743 4
0278 15741 472230 881496 4
0279 14895 521325 595800 2
0280 35734 643212 1822434 1
0281 16557 82785 513267 3
0282 18675 0 280125 2
0283 46204 1386120 2772240 4
0284 54909 1921815 3129813 4
0285 6039 36234 241560 2
0286 25442 508840 763260 3
0287 29267 234136 1317015 1
0288 20500 287000 594500 3
0289 32459 32459 1168524 3
0290 13440 67200 376320 5
0291 10750 129000 301000 1
0292 21213 509112 1209141 1
0293 17499 104994 402477 1
0294 4450 124600 146850 5
0295 49348 296088 1184352 1
0296 53958 755412 1942488 2
0297 14053 168636 702650 4
0298 39084 351756 898932 1
0299 11147 66882 189499 5
0300 9913 59478 317216 4
0301 25691 308292 976258 3
0302 49824 1046304 2441376 1
0303 36769 514766 919225 2
0304 6866 34330 247176 5
0305 46877 0 1218802 3
0306 30115 1084140 1656325 3
0307 44193 1590948 3181896 1
0308 20962 41924 377316 4
0309 987 8883 19740 2
0310 11823 248283 579327 4
0311 28670 258030 1060790 5
0312 7256 87072 319264 5
0313 46763 140289 1496416 3
0314 52157 938826 1773338 3
0315 15464 649488 1128872 2
0316 20371 570388 998179 5
0317 38113 686034 1562633 5
0318 30939 247512 1330377 2
0319 41084 493008 1848780 4
0320 26305 131525 420880 2
0321 49135 687890 2260210 3
0322 22058 352928 727914 5
0323 28069 252621 1235036 1
0324 22353 223530 625884 1
0325 31253 625060 1812674 3
0326 31402 502432 847854 2
0327 36155 108465 1120805 2
0328 20732 248784 539032 4
0329 37338 149352 858774 5
0330 35341 318069 1307617 1
0331 1583 0 9498 3
0332 50008 450072 1500240 3
0333 28372 255348 312092 5
0334 5152 92736 164864 3
0335 48818 1220450 2929080 2
0336 15574 233610 436072 4
0337 1038 0 30102 2
0338 9361 56166 280830 3
0339 1460 17520 27740 1
0340 24835 198680 248350 2
0341 12022 24044 48088 5
0342 7051 197428 260887 2
0343 35339 636102 989492 2
0344 46192 138576 1431952 2
0345 2144 0 57888 5
0346 36659 329931 1722973 5
0347 42360 508320 1101360 1
0348 51111 613332 2453328 1
0349 20579 123474 596791 2
0350 54609 1310616 3221931 5
0351 48851 1954040 3566123 4
0352 48381 387048 774096 2
0353 25498 382470 866932 5
0354 37492 1049776 2062060 3
0355 50155 802480 1755425 1
0356 31002 186012 1302084 3
0357 13903 83418 361478 4
0358 27234 27234 1062126 1
0359 42886 128658 1501010 3
0360 14874 59496 580086 1
0361 54503 654036 2180120 4
0362 17857 446425 892850 2
0363 37478 149912 337302 5
0364 54192 433536 650304 2
0365 20624 247488 824960 2
0366 43864 1052736 2149336 2
0367 45044 450440 1306276 2
0368 42395 84790 1568615 2
0369 40343 242058 1089261 3
0370 24698 493960 1358390 1
0371 17640 211680 829080 4
0372 47185 94370 1368365 1
0373 4702 112848 277418 3
0374 32376 64752 744648 5
0375 8299 24897 248970 5
0376 1694 16940 37268 3
0377 5678 34068 147628 1
0378 47440 569280 1470640 4
0379 19811 198110 713196 3
0380 12577 314425 565965 1
0381 2065 4130 22715 2
0382 3750 45000 56250 3
0383 27661 968135 1521355 1
0384 53696 268480 429568 5
0385 33750 202500 1383750 4
0386 48440 0 1453200 2
0387 6532 13064 91448 5
0388 43397 347176 1996262 1
0389 1934 38680 79294 3
0390 44351 0 354808 3
0391 35375 353750 919750 1
0392 38956 194780 545384 5
0393 34780 834720 1112960 5
0394 22031 220310 947333 3
0395 53435 641220 908395 5
0396 42278 507336 1352896 3
0397 18042 324756 902100 2
0398 15228 319788 746172 3
0399 3691 44292 121803 2
0400 6504 0 13008 3
0401 19814 39628 495350 3
0402 39453 473436 1380855 5
0403 19646 275044 667964 5
0404 56940 1992900 2562300 3
0405 35536 284288 1208224 2
0406 8052 48312 96624 4
0407 47267 378136 709005 5
0408 21116 84464 675712 5
0409 24390 195120 585360 2
0410 54208 216832 596288 3
0411 51531 206124 1133682 2
0412 11248 78736 359936 5
0413 24492 73476 857220 5
0414 12815 307560 692010 3
0415 48871 1172904 2443550 1
0416 18132 217584 507696 2
0417 40691 162764 651056 1
0418 32820 492300 951780 4
0419 45768 686520 1464576 3
0420 46700 840600 2148200 4
0421 5281 26405 153149 4
0422 24063 0 385008 3
0423 53997 215988 1565913 2
0424 48390 96780 1548480 4
0425 9787 117444 381693 3
0426 48915 440235 1956600 3
0427 48398 1355144 2807084 4
0428 31792 572256 604048 3
0429 33041 330410 792984 1
0430 44424 355392 710784 2
0431 3197 38364 156653 5
0432 43308 346464 1645704 3
0433 2388 14328 21492 3
0434 21512 387216 473264 4
0435 29994 299940 809838 2
0436 49736 596832 2387328 4
0437 32243 902804 1902337 4
0438 6510 78120 201810 4
0439 12635 101080 138985 3
0440 28182 789096 1183644 3
0441 56647 0 1869351 3
0442 49493 989860 2078706 5
0443 25567 127835 588041 2
0444 32950 395400 1186200 5
0445 43247 345976 1081175 4
0446 48369 386952 1692915 3
0447 9985 99850 249625 4
0448 51649 929682 981331 4
0449 20510 123060 820400 2
0450 36972 110916 1478880 2
0451 25066 300792 451188 3
0452 36313 762573 1198329 4
0453 8853 177060 247884 4
0454 15213 91278 380325 1
0455 34681 104043 832344 5
0456 33037 693777 1949183 3
0457 22093 530232 706976 1
0458 10914 0 43656 1
0459 4752 47520 109296 5
0460 42698 170792 512376 2
0461 37560 150240 413160 5
0462 56185 1966475 2303585 4
0463 4097 20485 61455 1
0464 8103 162060 186369 1
0465 41481 331848 788139 2
0466 17406 104436 609210 2
0467 37661 753220 1770067 2
0468 22532 157724 518236 5
0469 39791 1114148 2387460 4
0470 11551 184816 346530 5
0471 24164 217476 845740 1
0472 22066 154462 375122 3
0473 16201 97206 615638 4
0474 33458 33458 769534 5
0475 37400 785400 1047200 5
0476 5676 119196 238392 4
0477 37003 1036084 1961159 1
0478 21749 782964 1435434 1
0479 29365 117460 675395 5
0480 948 4740 35076 5
0481 46416 556992 1903056 5
0482 684 684 19836 2
0483 1350 28350 75600 4
0484 2182 13092 91644 5
0485 13753 137530 660144 4
0486 23092 277104 323288 5
0487 16533 578655 793584 5
0488 31485 1101975 1637220 1
0489 5945 107010 291305 3
0490 34581 276648 414972 1
0491 47149 141447 801533 2
0492 16845 505350 842250 5
0493 1149 28725 67791 1
0494 5476 153328 350464 3
0495 41023 820460 1148644 5
0496 14358 201012 646110 3
0497 48511 582132 1067242 1
0498 14637 175644 263466 2
0499 35393 318537 707860 2
0500 50199 401592 1907562 4
0501 8354 0 192142 1
0502 20760 311400 892680 5
0503 18476 110856 129332 2
0504 21636 649080 1276524 4
0505 21757 43514 587439 1
0506 4283 59962 205584 2
0507 56066 0 2130508 4
0508 32016 96048 544272 4
0509 16039 80195 352858 1
0510 14506 87036 174072 5
0511 18163 18163 508564 5
0512 23395 93580 842220 2
0513 55631 278155 1223882 2
0514 56191 0 1011438 3
0515 24311 97244 777952 5
0516 49929 1048509 1148367 5
0517 25533 306396 893655 3
0518 33863 67726 304767 4
0519 56555 395885 1809760 5
0520 33772 202632 405264 4
0521 35483 141932 177415 4
0522 34783 243481 1217405 5
0523 44926 539112 808668 5
0524 41172 205860 1399848 5
0525 3768 26376 146952 3
0526 5861 35166 152386 1
0527 48261 868698 1737396 1
0528 35646 712920 1817946 1
0529 34057 68114 272456 3
0530 14475 115800 260550 4
0531 798 12768 32718 5
0532 12892 51568 154704 2
0533 38517 77034 616272 2
0534 52180 626160 1617580 5
0535 41711 625665 1626729 1
0536 33208 697368 863408 4
0537 52223 522230 2193366 5
0538 16073 32146 433971 4
0539 3669 44028 161436 3
0540 21223 0 636690 2
0541 14520 87120 406560 2
0542 51661 1033220 2169762 5
0543 56689 0 1643981 3
0544 12555 150660 225990 1
0545 35002 525030 700040 1
0546 5951 23804 243991 2
0547 8234 32936 214084 2
0548 42335 635025 2243755 3
0549 6837 143577 287154 3
0550 48301 1207525 1449030 5
0551 54111 2272662 3300771 2
0552 16245 0 373635 4
0553 37616 376160 489008 1
0554 35004 560064 875100 4
0555 26421 158526 237789 4
0556 12575 62875 427550 2
0557 28549 513882 1398901 3
0558 3577 53655 75117 5
0559 23788 0 47576 2
0560 26667 373338 1040013 1
0561 15143 0 545148 4
0562 40915 204575 900130 4
0563 55596 222384 889536 4
0564 41297 123891 1115019 5
0565 36115 288920 1625175 5
0566 24813 173691 967707 5
0567 29614 118456 533052 5
0568 46466 464660 1858640 4
0569 46215 1294020 1894815 4
0570 32786 491790 1278654 3
0571 210 1260 3150 5
0572 34053 953484 1123749 3
0573 22929 160503 343935 3
0574 37370 0 859510 4
0575 4734 0 123084 1
0576 20639 41278 309585 1
0577 42165 1054125 1180620 2
0578 28779 28779 115116 5
0579 41921 1760682 2179892 1
0580 2469 24690 111105 4
0581 25273 151638 985647 4
0582 35661 570576 1925694 1
0583 27885 390390 836550 1
0584 8907 71256 106884 4
0585 39001 195005 936024 1
0586 38731 387310 1742895 2
0587 24627 492540 1206723 3
0588 45417 681255 1271676 5
0589 893 3572 33934 5
0590 35047 280376 1016363 4
0591 55720 390040 2395960 2
0592 40292 1208760 2699564 5
0593 39638 1664796 2140452 2
0594 9371 112452 168678 5
0595 12661 531762 620389 4
0596 46372 927440 1669392 4
0597 27392 328704 1232640 3
0598 16445 197340 608465 2
0599 14939 149390 657316 4
0600 33064 132256 958856 1
0601 9817 157072 176706 4
0602 1633 40825 58788 3
0603 13595 67975 516610 2
0604 33350 1167250 1300650 4
0605 52861 528610 1797274 5
0606 39742 1192260 2305036 1
0607 48610 145830 680540 1
0608 36731 440772 1175392 2
0609 37043 74086 1111290 4
0610 22285 178280 423415 2
0611 27039 81117 594858 2
0612 53849 646188 1400074 5
0613 21554 344864 862160 3
0614 35578 213468 569248 3
0615 17622 440550 546282 1
0616 4046 141610 291312 5
0617 48532 145596 1892748 2
0618 12088 60440 398904 4
0619 13423 53692 295306 1
0620 30122 361464 391586 4
0621 50604 0 101208 2
0622 6517 78204 175959 3
0623 35170 351700 1125440 5
0624 6324 63240 221340 4
0625 44791 447910 1209357 1
0626 4288 8576 124352 3
0627 25975 103900 649375 4
0628 35351 742371 1732199 3
0629 33911 508665 1322529 1
0630 40759 81518 1059734 2
0631 35205 70410 1408200 2
0632 43525 652875 1436325 3
0633 40496 850416 1943808 1
0634 37284 596544 1118520 4
0635 7683 53781 345735 2
0636 46689 373512 1494048 2
0637 5865 123165 140760 5
0638 34851 627318 1847103 2
0639 49723 298338 994460 5
0640 56791 567910 908656 2
0641 12967 311208 324175 2
0642 48086 1009806 1827268 2
0643 6250 175000 212500 2
0644 52689 421512 1422603 1
0645 56234 674808 2586764 3
0646 8294 99528 331760 2
0647 13063 235134 300449 5
0648 22831 410958 525113 5
0649 29014 696336 1508728 3
0650 12292 344176 774396 4
0651 10559 42236 253416 5
0652 53281 799215 2077959 5
0653 6705 80460 154215 2
0654 12344 123440 469072 4
0655 12179 109611 426265 2
0656 38675 580125 1663025 3
0657 10810 162150 259440 5
0658 14764 354336 708672 3
0659 5000 10000 195000 5
0660 48320 144960 1691200 2
0661 20861 375498 646691 5
0662 3599 71980 100772 1
0663 49815 797040 846855 1
0664 28604 800912 1258576 2
0665 27037 324444 1270739 3
0666 16577 232078 248655 3
0667 8460 16920 59220 5
0668 6330 310170 544380 1
0669 40954 1228620 1965792 3
0670 11168 22336 357376 2
0671 7681 153620 376369 1
0672 25818 464724 645450 5
0673 42317 211585 1015608 1
0674 55814 223256 1227908 2
0675 47252 850536 1039544 2
0676 35542 0 675298 1
0677 49482 1484460 1880316 3
0678 10490 83920 220290 1
0679 17935 125545 555985 5
0680 35024 490336 1576080 5
0681 56636 1585808 1812352 4
0682 35272 141088 1163976 2
0683 55259 442072 1491993 4
0684 27974 783272 1818310 2
0685 16911 405864 507330 5
0686 34449 103347 172245 1
0687 40952 491424 1310464 2
0688 17234 206808 361914 3
0689 47192 707880 1746104 2
0690 50526 1061046 2273670 5
0691 28393 397502 1192506 1
0692 44924 1257872 2920060 4
0693 47856 191424 1962096 3
0694 7839 78390 321399 5
0695 51020 408160 1428560 5
0696 50896 1221504 1730464 3
0697 31046 217322 558828 2
0698 27147 54294 434352 1
0699 39640 237840 1070280 4
0700 28822 345864 807016 2
0701 8157 163140 391536 4
0702 35891 215346 1076730 5
0703 9619 57714 134666 5
0704 13497 94479 215952 4
0705 39056 781120 1210736 3
0706 42364 1186192 1991108 4
0707 23310 93240 885780 1
0708 9576 47880 306432 3
0709 13442 161304 618332 2
0710 22340 111700 781900 4
0711 45713 45713 137139 4
0712 38404 268828 1612968 1
0713 42075 631125 799425 3
0714 17081 239134 683240 1
0715 31409 785225 1130724 5
0716 44851 941871 1794040 3
0717 5787 23148 121527 5
0718 15330 229950 367920 2
0719 26805 482490 750540 4
0720 28376 113504 198632 2
0721 35875 430500 1435000 1
0722 11825 0 141900 2
0723 7829 46974 70461 4
0724 55640 222560 2003040 2
0725 444 4440 5328 5
0726 48702 243510 1168848 3
0727 39755 1113140 2027505 5
0728 2555 15330 94535 3
0729 7965 111510 270810 4
0730 35984 215904 611728 5
0731 41601 499212 1206429 5
0732 28362 226896 1021032 1
0733 32271 774504 1419924 4
0734 28741 258669 1092158 4
0735 30103 361236 1444944 4
0736 45730 548760 1143250 4
0737 46678 700170 1166950 3
0738 11572 23144 266156 2
0739 27222 81666 979992 5
0740 35866 358660 1291176 4
0741 49002 588024 931038 4
0742 38667 154668 1392012 3
0743 52089 312534 729246 1
0744 2294 9176 29822 2
0745 30633 214431 520761 2
0746 22680 272160 589680 3
0747 42661 383949 426610 1
0748 10798 64788 248354 1
0749 56797 908752 1022346 1
0750 22879 183032 205911 1
0751 25436 152616 305232 5
0752 39515 0 1106420 5
0753 40592 162368 284144 4
0754 45356 1587460 1904952 4
0755 2588 41408 119048 5
0756 5962 214632 256366 5
0757 48635 0 729525 2
0758 17007 34014 306126 5
0759 2401 14406 52822 3
0760 11930 417550 751590 5
0761 6242 93630 124840 3
0762 40963 983112 1228890 3
0763 23655 662340 1230060 1
0764 9789 137046 264303 2
0765 22750 682500 1547000 4
0766 11002 110020 121022 5
0767 46929 1126296 1360941 3
0768 56450 0 1580600 5
0769 53948 215792 1510544 2
0770 32125 1124375 2023875 4
0771 14460 607320 650700 3
0772 19865 397300 437030 2
0773 23554 0 659512 4
0774 2026 20260 85092 2
0775 50602 404816 1113244 2
0776 16929 33858 118503 4
0777 15973 63892 239595 1
0778 52247 0 1880892 2
0779 4865 9730 180005 1
0780 49253 98506 935807 2
0781 1639 6556 40975 3
0782 43780 656700 1794980 2
0783 4471 8942 89420 1
0784 50893 508930 559823 4
0785 2920 102200 134320 3
0786 267 1068 10413 5
0787 22200 133200 510600 3
0788 12159 303975 534996 1
0789 17326 173260 554432 4
0790 35113 842712 1369407 5
0791 42372 508464 550836 4
0792 18368 220416 440832 4
0793 4450 53400 111250 2
0794 1107 2214 37638 2
0795 56384 1127680 1296832 3
0796 12239 220302 330453 2
0797 30939 464085 587841 5
0798 40063 120189 721134 1
0799 13290 372120 531600 1
0800 53959 269795 1942524 5
0801 25663 153978 384945 3
0802 22 176 616 5
0803 5680 79520 96560 4
0804 50217 1406076 1858029 4
0805 43776 0 1050624 4
0806 54989 274945 1209758 1
0807 22250 356000 1201500 2
0808 21199 148393 487577 1
0809 50084 250420 701176 5
0810 19148 57444 631884 2
0811 1041 18738 35394 1
0812 32665 326650 1502590 1
0813 42813 256878 899073 4
0814 22536 360576 585936 2
0815 48621 437589 875178 4
0816 53392 1067840 1121232 2
0817 32646 391752 620274 3
0818 25576 306912 1023040 3
0819 53742 967356 1343550 3
0820 49176 688464 2163744 2
0821 53968 215872 863488 4
0822 54679 1093580 1913765 4
0823 42624 1491840 1747584 5
0824 54521 654252 872336 3
0825 17700 354000 796500 3
0826 50915 610980 1629280 4
0827 54638 218552 1693778 2
0828 3467 52005 131746 5
0829 42995 85990 902895 5
0830 56472 169416 1807104 4
0831 15990 287820 591630 2
0832 5856 29280 193248 1
0833 56529 678348 1300167 4
0834 33037 198222 561629 4
0835 10378 0 280206 2
0836 39317 157268 1336778 2
0837 19637 157096 176733 2
0838 39797 318376 955128 2
0839 5466 32796 92922 4
0840 388 5432 12028 3
0841 836 5016 23408 5
0842 32248 64496 677208 3
0843 36088 144352 1010464 1
0844 1811 9055 19921 3
0845 3094 18564 46410 3
0846 2864 51552 148928 1
0847 14911 119288 328042 1
0848 51811 518110 2020629 4
0849 1064 6384 45752 4
0850 9164 0 192444 4
0851 22707 136242 499554 2
0852 25965 519300 545265 2
0853 8314 199536 216164 1
0854 55337 1328088 3209546 1
0855 54141 54141 2003217 1
0856 8801 105612 422448 3
0857 16045 128360 256720 5
0858 32332 258656 581976 2
0859 30425 760625 1338700 5
0860 36293 254051 580688 5
0861 50612 911016 2378764 1
0862 6916 34580 62244 2
0863 54796 767144 1424696 2
0864 52946 635352 2329624 1
0865 49747 596964 2188868 3
0866 29021 174126 1189861 4
0867 13319 466165 586036 3
0868 3516 123060 144156 5
0869 37838 681084 1702710 1
0870 10440 41760 407160 3
0871 29335 352020 880050 3
0872 40826 122478 530738 5
0873 32232 386784 838032 4
0874 8060 48360 225680 4
0875 34436 413232 1033080 3
0876 42541 1191148 2382296 4
0877 13498 269960 728892 3
0878 30313 303130 1212520 1
0879 7860 23580 157200 3
0880 41686 833720 2376102 4
0881 22389 403002 1097061 2
0882 21995 219950 813815 2
0883 48715 1461450 2874185 2
0884 10515 84120 389055 3
0885 21239 191151 637170 5
0886 8630 25890 233010 1
0887 25096 100384 1054032 5
0888 2913 20391 96129 5
0889 20267 121602 141869 3
0890 15177 318717 622257 3
0891 31383 188298 659043 2
0892 35443 708860 1559492 3
0893 26115 261150 417840 2
0894 54127 541270 1244921 1
0895 41369 289583 1654760 4
0896 21641 324615 865640 1
0897 4554 81972 214038 1
0898 54760 657120 930920 5
0899 3219 12876 109446 2
0900 36344 763224 872256 3
0901 26849 0 53698 2
0902 53341 480069 2400345 1
0903 43620 130860 828780 3
0904 37306 186530 1343016 4
0905 40444 202220 1577316 4
0906 2284 41112 125620 1
0907 27286 136430 791294 3
0908 20062 501550 1083348 5
0909 53572 964296 2303596 3
0910 56456 169368 846840 4
0911 18187 36374 54561 1
0912 27495 329940 687375 3
0913 47827 860886 1721772 1
0914 55624 667488 945608 1
0915 56397 563970 2425071 1
0916 48572 777152 1457160 3
0917 51202 614424 2252888 1
0918 39429 157716 512577 5
0919 29366 587320 1086542 1
0920 11549 57745 219431 5
0921 42229 253374 675664 4
0922 55665 1113300 2449260 4
0923 3408 95424 221520 2
0924 1855 3710 38955 3
0925 31218 561924 1248720 2
0926 22588 112940 361408 4
0927 14889 714672 908229 4
0928 30052 841456 1652860 5
0929 54453 1089060 3158274 2
0930 2896 20272 26064 3
0931 32512 650240 1723136 4
0932 32991 197946 527856 2
0933 31228 499648 1311576 5
0934 14980 179760 464380 2
0935 8726 244328 523560 3
0936 31351 125404 689722 1
0937 11777 282648 341533 2
0938 45153 541836 1715814 4
0939 17530 35060 87650 2
0940 27553 110212 881696 4
0941 30792 739008 831384 2
0942 37102 742040 1001754 5
0943 53587 214348 1071740 1
0944 7591 60728 136638 3
0945 47465 664510 901835 5
0946 8970 134550 170430 4
0947 27623 662952 1187789 3
0948 34906 279248 837744 4
0949 31749 190494 1365207 1
0950 22794 159558 455880 5
0951 16511 132088 709973 1
0952 47921 1150104 1198025 2
0953 36926 221556 849298 3
0954 10961 109610 328830 1
0955 45885 0 183540 4
0956 33217 531472 930076 1
0957 3356 6712 46984 2
0958 27854 0 83562 2
0959 53740 537400 1773420 2
0960 20654 289156 908776 3
0961 12772 76632 280984 3
0962 12376 259896 321776 2
0963 22573 474033 948066 3
0964 2063 57764 92835 1
0965 51293 0 923274 3
0966 51121 255605 1226904 5
0967 33878 101634 135512 1
0968 32380 453320 485700 4
0969 53225 798375 1756425 4
0970 13850 387800 747900 1
0971 44319 221595 1595484 1
0972 29004 522072 841116 4
0973 49869 149607 1496070 2
0974 37451 786471 1685295 2
0975 41062 328496 1888852 2
0976 14060 337440 773300 2
0977 5637 16911 157836 2
0978 52819 264095 2271217 2
0979 21395 128370 256740 5
0980 20691 310365 1096623 1
0981 51109 715526 1942142 5
0982 17927 107562 161343 2
0983 31334 658014 814684 4
0984 9979 49895 59874 1
0985 39694 635104 674798 3
0986 26515 556815 1272720 1
0987 36553 146212 986931 5
0988 36026 432312 1549118 3
0989 12249 36747 281727 2
0990 2084 16672 47932 5
0991 16135 161350 242025 5
0992 35157 0 70314 2
0993 26206 52412 1022034 5
0994 32946 131784 823650 2
0995 54938 219752 1758016 4
0996 19244 942956 1404812 2
0997 13876 55504 430156 3
0998 43031 172124 516372 2
0999 47727 715905 1956807 5
1000 41301 0 660816 2
1001 15166 743134 1258778 2
1002 42371 254226 889791 1
1003 26680 186760 213440 3
1004 42336 846720 2243808 5
1005 5766 69192 121086 2
1006 11123 88984 322567 4
1007 9597 115164 460656 2
1008 16417 32834 361174 3
1009 5260 157800 226180 4
1010 52839 1109619 2483433 2
1011 10653 42612 436773 5
1012 46986 140958 1785468 1
1013 17237 482636 1016983 1
1014 23143 555432 1411723 1
1015 20919 502056 1045950 2
1016 4686 56232 112464 1
1017 16905 202860 794535 3
1018 1239 2478 48321 1
1019 40693 488316 1098711 2
1020 19346 154768 773840 5
1021 17715 372015 620025 5
1022 14856 148560 623952 2
1023 30257 998481 1391822 3
1024 2620 7860 75980 5
1025 33872 67744 406464 2
1026 34450 275600 723450 1
1027 34938 209628 1397520 4
1028 20825 374850 937125 1
1029 28135 168810 618970 5
1030 22125 354000 376125 4
1031 50805 609660 762075 5
1032 9983 299490 329439 4
1033 39219 784380 2000169 5
1034 30585 305850 397605 5
1035 30153 120612 211071 5
1036 30677 460155 797602 2
1037 20087 301305 582523 3
1038 18421 994734 1492101 3
1039 7335 14670 73350 2
1040 55809 223236 1451034 3
1041 50478 605736 1312428 2
1042 49088 196352 1079936 4
1043 50779 406232 2285055 1
1044 33915 135660 508725 4
1045 53711 966798 2041018 4
1046 53297 159891 532970 5
1047 27352 547040 1094080 2
1048 56257 675084 1293911 3
1049 45398 226990 1906716 1
1050 42282 845640 1057050 2
1051 13559 135590 203385 3
1052 40874 81748 1144472 5
1053 13751 165012 371277 1
1054 48479 1454370 2375471 3
1055 34370 721770 962360 4
1056 25711 359954 668486 4
1057 35539 142156 390929 3
1058 54739 985302 1258997 5
1059 4328 90888 212072 5
1060 19408 58224 582240 2
1061 26272 105088 656800 2
1062 46549 558588 1303372 2
1063 21165 126990 783105 2
1064 22765 956130 1525255 5
1065 43752 918792 2056344 3
1066 3882 31056 124224 2
1067 10779 64674 323370 3
1068 52708 1581240 3109772 5
1069 33048 1321920 1354968 2
1070 50442 151326 201768 4
1071 1447 21705 66562 3
1072 56351 1183371 2084987 2
1073 4970 124250 173950 1
1074 21336 64008 533400 3
1075 45889 137667 1881449 5
1076 41494 331952 622410 1
1077 132 396 2376 2
1078 52408 419264 2148728 5
1079 47406 1706616 2133270 4
1080 14571 58284 335133 5
1081 47707 190828 1383503 5
1082 1539 3078 7695 4
1083 21387 320805 1069350 1
1084 41970 167880 377730 3
1085 34508 552128 793684 3
1086 28228 84684 1016208 2
1087 41442 870282 1574796 4
1088 8057 16114 161140 2
1089 26755 267550 749140 1
1090 16147 322940 355234 1
1091 39438 276066 749322 5
1092 34898 104694 1256328 1
1093 20507 0 389633 3
1094 53809 968562 1829506 1
1095 44786 268716 1567510 5
1096 45331 226655 1133275 1
1097 43972 351776 1670936 2
1098 37273 74546 186365 5
1099 34490 68980 448370 3
1100 36843 331587 1584249 3
1101 31725 0 31725 3
1102 43269 129807 1298070 5
1103 47002 235010 1034044 5
1104 14195 28390 198730 5
1105 9308 27924 223392 4
1106 5046 10092 191748 1
1107 24661 369915 517881 4
1108 37887 681966 1439706 4
1109 44862 628068 1525308 5
1110 32634 130536 326340 2
1111 16439 295902 558926 2
1112 25922 725816 1088724 2
1113 19853 158824 198530 3
1114 52430 734020 996170 1
1115 28501 114004 598521 1
1116 2884 17304 92288 5
1117 33595 604710 1612560 5
1118 17046 306828 750024 4
1119 34012 102036 646228 4
1120 30721 368652 798746 1
1121 13699 410970 452067 3
1122 26250 157500 1155000 2
1123 17931 537930 1093791 3
1124 46384 92768 834912 1
1125 4026 40260 161040 1
1126 16785 503550 637830 4
1127 9336 18672 252072 4
1128 42977 343816 1074425 4
1129 38667 580005 1701348 3
1130 633 2532 20256 2
1131 54125 1136625 1948500 3
1132 17550 105300 684450 1
1133 34122 307098 341220 2
1134 49826 149478 1694084 2
1135 28131 590751 1462812 2
1136 33960 950880 2003640 4
1137 20989 503736 545714 5
1138 38382 1074696 1113078 1
1139 9483 170694 312939 1
1140 12036 24072 409224 5
1141 45699 137097 1325271 5
1142 9470 113640 473500 5
1143 28710 803880 1837440 1
1144 14989 0 59956 5
1145 53077 530770 1061540 1
1146 2417 67676 125684 3
1147 53313 213252 1386138 1
1148 18524 74096 481624 1
1149 46017 138051 276102 1
1150 29361 880830 1702938 2
1151 12867 77202 437478 4
1152 42323 338584 1650597 5
1153 40808 204040 1101816 4
1154 10604 53020 116644 1
1155 10525 126300 263125 5
1156 30252 756300 847056 1
1157 43194 86388 1123044 4
1158 23929 598225 1172521 4
1159 45065 90130 450650 3
1160 37795 566925 1096055 1
1161 19704 236448 591120 1
1162 29261 1228962 1287484 2
1163 34883 523245 593011 2
1164 56457 790398 1863081 1
1165 25485 0 76455 1
1166 20461 245532 409220 3
1167 18673 336114 653555 4
1168 12774 255480 306576 1
1169 11495 45980 310365 5
1170 15081 422268 693726 2
1171 26128 783840 1437040 1
1172 19179 153432 747981 2
1173 25121 351694 1230929 2
1174 38254 688572 918096 2
1175 50264 201056 1759240 5
1176 38997 467964 1403892 1
1177 1259 15108 25180 3
1178 19918 398360 438196 5
1179 32603 586854 1401929 4
1180 39421 630736 1182630 1
1181 31062 279558 993984 5
1182 54877 274385 1865818 2
1183 14366 0 301686 4
1184 38616 231696 1428792 5
1185 9515 47575 304480 1
1186 4413 66195 202998 3
1187 19306 115836 482650 4
1188 45122 721952 2346344 5
1189 26470 264700 1191150 3
1190 44037 880740 1761480 5
1191 11538 11538 369216 5
1192 11990 119900 311740 5
1193 49244 246220 1132612 3
1194 41151 740718 2181003 2
1195 35509 639162 745689 1
1196 13018 78108 195270 3
1197 56632 1982120 3058128 2
1198 31095 621900 839565 5
1199 14547 101829 610974 2
1200 19224 403704 653616 2
1201 34941 34941 244587 5
1202 40824 1143072 2286144 2
1203 49240 98480 1477200 3
1204 38588 694584 1273404 2
1205 9366 393372 721182 5
1206 28049 0 897568 4
1207 16875 270000 725625 1
1208 20803 124818 582484 5
1209 31968 383616 447552 2
1210 4112 197376 333072 2
1211 31818 477270 1145448 2
1212 26453 740684 1190385 5
1213 43793 525516 1532755 1
1214 8965 89650 259985 1
1215 25049 500980 1252450 5
1216 41616 499392 790704 3
1217 48353 967060 1547296 5
1218 54651 1530228 3388362 2
1219 38926 116778 1557040 3
1220 9885 39540 177930 4
1221 12592 440720 541456 5
1222 22085 132510 883400 5
1223 7572 121152 143868 5
1224 26246 314952 944856 3
1225 52424 2201808 2673624 1
1226 3346 20076 117110 3
1227 38457 538398 692226 5
1228 54579 545790 1528212 1
1229 48288 1448640 3090432 2
1230 15079 60316 211106 4
1231 51737 258685 2224691 1
1232 19485 233820 935280 5
1233 17065 204780 529015 3
1234 31647 949410 1613997 3
1235 32866 131464 1150310 4
1236 45420 272520 908400 5
1237 56066 112132 1009188 4
1238 22345 44690 402210 4
1239 48199 1445970 1686965 4
1240 1396 5584 33504 5
1241 35293 211758 1376427 1
1242 7352 29408 264672 5
1243 50219 0 703066 4
1244 46961 0 1643635 4
1245 21967 43934 439340 4
1246 13034 260680 299782 1
1247 27032 162192 837992 1
1248 32016 1120560 1728864 1
1249 27226 490068 1007362 2
1250 43586 348688 1569096 5
1251 32024 128096 416312 2
1252 6045 145080 205530 3
1253 29336 264024 1320120 3
1254 29557 177342 1004938 1
1255 10137 81096 395343 2
1256 22021 352336 1057008 4
1257 38504 462048 1193624 2
1258 51917 311502 882589 1
1259 7688 30752 184512 5
1260 54581 545810 2074078 3
1261 48373 580476 1596309 3
1262 1015 5075 10150 3
1263 39364 157456 787280 5
1264 32537 292833 585666 4
1265 53203 319218 744842 1
1266 52688 843008 1211824 4
1267 43060 1808520 3229500 2
1268 54970 549700 2473650 4
1269 8726 78534 183246 5
1270 35988 215928 1115628 5
1271 3860 30880 92640 1
1272 54258 542580 868128 5
1273 55617 1946595 3559488 4
1274 27085 243765 1218825 3
1275 19141 172269 823063 5
1276 13675 54700 355550 2
1277 38471 577065 884833 3
1278 9201 27603 193221 2
1279 29928 1047480 1556256 3
1280 23731 427158 1067895 5
1281 20846 83384 541996 5
1282 17964 107784 646704 2
1283 56292 900672 2251680 1
1284 7210 57680 86520 1
1285 53280 479520 1758240 5
1286 14789 0 221835 1
1287 1626 3252 22764 3
1288 44206 707296 751502 3
1289 19483 545524 1013116 4
1290 35679 71358 642222 1
1291 13429 26858 53716 4
1292 29090 930880 1949030 3
1293 31634 189804 1107190 3
1294 20165 201650 967920 1
1295 11657 174855 186512 4
1296 1983 39660 77337 5
1297 47307 283842 425763 1
1298 25658 153948 667108 5
1299 30450 274050 700350 5
1300 54778 328668 2081564 4
1301 13004 390120 624192 2
1302 45187 1581545 2349724 4
1303 14464 86784 607488 1
1304 25869 0 362166 5
1305 18493 110958 684241 4
1306 6591 26364 230685 2
1307 40367 121101 524771 4
1308 39369 1771605 2440878 3
1309 26 624 1586 5
1310 18887 188870 736593 4
1311 44513 801234 1201851 4
1312 19443 194430 641619 3
1313 787 5509 27545 2
1314 38955 311640 428505 1
1315 21412 128472 278356 4
1316 33843 473802 1150662 2
1317 760 0 24320 2
1318 17680 70720 724880 5
1319 49838 2093196 2741090 1
1320 18885 226620 604320 3
1321 37280 1118400 1752160 5
1322 50133 501330 2306118 3
1323 43459 1216852 1825278 5
1324 24212 242120 532664 1
1325 7121 56968 256356 5
1326 9222 110664 119886 4
1327 39295 0 589425 2
1328 5237 47133 172821 1
1329 42610 255660 1491350 2
1330 19124 382480 764960 3
1331 53851 1938636 3392613 4
1332 14511 72555 174132 2
1333 4356 0 130680 4
1334 46398 1299144 1577532 1
1335 41160 617400 1029000 2
1336 18732 337176 899136 1
1337 20656 247872 867552 5
1338 41352 372168 868392 2
1339 46023 966483 1610805 3
1340 7216 108240 274208 1
1341 33524 670480 905148 4
1342 41327 165308 1239810 3
1343 26336 79008 869088 3
1344 52449 629388 2202858 1
1345 52408 314448 1677056 1
1346 49888 299328 648544 4
1347 5925 41475 59250 2
1348 20704 124224 890272 5
1349 50216 301296 1657128 2
1350 29526 118104 1210566 3
1351 6123 146952 355134 3
1352 16299 0 277083 5
1353 5103 30618 153090 5
1354 5589 201204 223560 2
1355 22863 228630 434397 5
1356 7335 36675 146700 2
1357 47098 141294 329686 5
1358 54765 547650 1971540 3
1359 15536 108752 403936 3
1360 11961 167454 490401 5
1361 31011 248088 589209 3
1362 30998 123992 743952 5
1363 40654 162616 609810 2
1364 50763 50763 1269075 5
1365 10663 63978 117293 1
1366 7326 131868 366300 1
1367 44646 267876 491106 4
1368 55272 1326528 3095232 2
1369 18617 446808 856382 3
1370 15578 560808 965836 2
1371 27811 83433 166866 5
1372 32360 64720 1229680 3
1373 4076 16304 93748 4
1374 21815 610820 632635 2
1375 55942 1174782 2013912 2
1376 43456 695296 912576 3
1377 30677 736248 1104372 1
1378 41966 377694 881286 1
1379 23003 184024 644084 3
1380 50931 1782585 2801205 3
1381 13584 27168 230928 1
1382 47073 659022 2447796 3
1383 19170 536760 1169370 5
1384 19232 134624 211552 2
1385 3929 0 39290 3
1386 24105 241050 1012410 3
1387 23821 71463 285852 3
1388 39380 1181400 1614580 2
1389 45278 181112 362224 2
1390 48918 1467540 1907802 4
1391 28300 113200 509400 1
1392 2882 8646 72050 2
1393 41222 865662 2308432 3
1394 26933 161598 269330 3
1395 40369 0 524797 5
1396 5600 16800 128800 5
1397 37991 1139730 1975532 2
1398 18229 218748 328122 4
1399 52865 317190 740110 2
1400 4558 27348 104834 4
1401 39345 39345 865590 5
1402 3936 39360 145632 3
1403 46838 1311464 1920358 5
1404 32883 295947 723426 4
1405 55708 668496 1114160 3
1406 50054 200216 1801944 5
1407 8980 314300 610640 1
1408 32892 296028 1545924 1
1409 52556 788340 2470132 3
1410 3877 19385 38770 3
1411 11402 57010 353462 1
1412 5383 161490 172256 3
1413 19685 98425 807085 5
1414 21695 86780 498985 1
1415 33046 1156610 2015806 5
1416 2413 7239 74803 1
1417 24489 220401 1102005 4
1418 51247 102494 973693 3
1419 12599 176386 214183 5
1420 4987 14961 59844 2
1421 22154 0 531696 4
1422 9278 129892 334008 4
1423 11037 132444 264888 1
1424 5336 149408 304152 3
1425 40182 200910 1406370 5
1426 36222 543330 1050438 5
1427 12039 36117 216702 5
1428 40582 730476 973968 2
1429 45828 687420 1420668 2
1430 29964 269676 1018776 1
1431 23423 281076 515306 3
1432 37427 1122810 1347372 5
1433 5105 5105 132730 3
1434 41729 166916 1543973 2
1435 21987 527688 1231272 3
1436 10485 314550 387945 3
1437 9322 261016 456778 2
1438 41107 616605 863247 3
1439 56161 673932 2246440 4
1440 24892 49784 348488 2
1441 55469 443752 1386725 4
1442 36248 217488 833704 5
1443 5298 63576 259602 5
1444 10099 201980 403960 4
1445 8104 145872 307952 4
1446 16490 131920 164900 4
1447 55334 221336 1770688 4
1448 1020 20400 47940 5
1449 5888 17664 223744 1
1450 37029 444348 1555218 2
1451 21845 174760 240295 2
1452 9905 0 79240 2
1453 12813 153756 205008 3
1454 51690 310140 516900 3
1455 16371 98226 409275 5
1456 47201 1652035 3115266 3
1457 8 96 376 3
1458 33883 135532 1118139 2
1459 7407 59256 81477 4
1460 21227 530675 785399 2
1461 10071 352485 543834 5
1462 36678 220068 990306 5
1463 39364 118092 314912 1
1464 40154 1405390 1445544 1
1465 31069 93207 1056346 3
1466 37201 0 37201 3
1467 11862 581238 711720 3
1468 12632 315800 745288 1
1469 20565 123390 287910 2
1470 42698 1024752 1878712 1
1471 2480 37200 96720 5
1472 38991 194955 1013766 3
1473 39063 195315 898449 3
1474 4804 24020 38432 4
1475 55839 167517 1340136 4
1476 13485 53940 229245 1
1477 3288 19728 138096 4
1478 35405 0 177025 4
1479 16232 81160 275944 5
1480 53137 212548 425096 3
1481 18423 110538 423729 2
1482 52343 52343 1832005 2
1483 20096 100480 361728 4
1484 25745 540645 772350 1
1485 9424 188480 405232 3
1486 34736 277888 972608 4
1487 13997 111976 139970 4
1488 32425 226975 810625 3
1489 44121 441210 661815 1
1490 7363 29452 242979 1
1491 3194 67074 153312 2
1492 51903 51903 1245672 5
1493 40994 81988 204970 1
1494 13053 130530 548226 4
1495 26154 915390 1830780 3
1496 24354 73062 876744 5
1497 5891 35346 217967 3
1498 45278 633892 1946954 2
1499 26719 80157 480942 4
1500 10118 151770 495782 4
