001 8198 163960 180356 4
002 4489 107736 152626 4
003 6683 120294 260637 1
004 2392 23920 50232 3
005 2501 45018 70028 4
006 7547 45282 188675 2
007 6764 135280 162336 5
008 3779 30232 94475 3
009 9856 39424 197120 2
010 3369 13476 74118 1
011 1422 5688 14220 2
012 8793 105516 211032 3
013 1821 14568 38241 5
014 1238 2476 17332 2
015 5966 11932 137218 5
016 10241 30723 235543 5
017 10465 0 20930 3
018 10277 123324 267202 2
019 9823 29469 216106 5
020 8381 201144 335240 2
021 2602 62448 101478 1
022 8499 8499 33996 1
023 1894 11364 26516 5
024 8544 51264 222144 5
025 10107 121284 293103 2
026 2214 33210 75276 4
027 10318 123816 206360 5
028 6753 135060 216096 1
029 9583 57498 143745 3
030 6933 124794 173325 3
031 10360 145040 331520 5
032 5550 16650 72150 3
033 9213 276390 340881 3
034 6744 53952 175344 5
035 5307 63684 68991 2
036 488 8784 17080 1
037 3819 7638 53466 3
038 7756 116340 286972 2
039 9713 58278 184547 5
040 5188 41504 103760 2
041 6883 20649 61947 3
042 4760 23800 104720 4
043 6270 125400 263340 4
044 8995 26985 35980 5
045 5445 10890 16335 4
046 4779 114696 152928 2
047 3925 19625 78500 3
048 1886 30176 35834 4
049 8373 83730 108849 5
050 1386 41580 58212 1
051 5596 67152 184668 4
052 3680 66240 95680 1
053 2020 42420 54540 1
054 5316 63792 175428 2
055 10634 319020 372190 5
056 3295 26360 92260 2
057 6223 49784 168021 3
058 17 306 629 5
059 3319 29871 82975 5
060 2423 133265 176879 3
061 8774 131610 245672 2
062 1917 23004 47925 1
063 8914 8914 35656 3
064 8831 88310 176620 1
065 4471 111775 156485 4
066 6736 107776 114512 2
067 6600 178200 211200 5
068 8898 44490 106776 5
069 7302 7302 124134 4
070 6558 26232 45906 3
071 8109 81090 243270 1
072 2623 65575 110166 4
073 183 5490 8784 1
074 167 0 1002 3
075 7694 123104 238514 3
076 2825 45200 104525 1
077 6704 107264 194416 1
078 7391 118256 162602 1
079 10948 197064 317492 2
080 4198 16792 46178 1
081 2960 53280 109520 1
082 3447 27576 62046 1
083 5600 112000 224000 5
084 6443 25772 51544 1
085 1589 15890 25424 2
086 2904 52272 101640 4
087 1673 10038 28441 2
088 6054 0 121080 4
089 3719 14876 22314 1
090 8803 35212 202469 5
091 7768 46608 217504 4
092 3466 27728 65854 5
093 916 1832 8244 1
094 9908 59448 188252 4
095 6294 100704 201408 5
096 10032 40128 200640 3
097 6807 13614 149754 4
098 3507 21042 45591 1
099 7208 36040 57664 3
100 7612 15224 129404 2
101 2654 5308 50426 2
102 7780 38900 140040 4
103 5683 34098 102294 4
104 9085 45425 72680 5
105 2344 2344 7032 5
106 5717 102906 148642 4
107 9635 289050 337225 1
108 5047 60564 90846 1
109 6309 31545 88326 5
110 8719 209256 305165 5
111 90 720 1440 4
112 6299 0 75588 4
113 9154 137310 247158 5
114 3180 19080 28620 5
115 6700 53600 60300 3
116 9563 86067 162571 5
117 9764 244100 371032 2
118 4128 61920 111456 3
119 844 8440 12660 3
120 6233 74796 193223 2
121 10921 273025 425919 3
122 1908 38160 57240 1
123 6760 135200 202800 1
124 9372 112464 281160 4
125 1784 8920 10704 2
126 1555 23325 32655 5
127 5104 61248 96976 5
128 1022 15330 30660 3
129 6236 56124 112248 3
130 10707 85656 117777 5
131 8819 308665 502683 2
132 1294 5176 20704 4
133 1854 55620 63036 4
134 148 888 2220 4
135 6911 6911 41466 3
136 10311 61866 237153 1
137 5092 61104 81472 1
138 3733 111990 130655 4
139 2115 2115 38070 4
140 4591 18364 96411 1
141 8219 98628 213694 1
142 8961 53766 224025 2
143 3373 10119 13492 2
144 9333 93330 279990 3
145 7922 31688 63376 3
146 10192 10192 112112 2
147 4853 116472 203826 4
148 6832 102480 170800 5
149 10489 0 62934 5
150 1177 10593 21186 3
151 259 1554 6475 3
152 8372 75348 150696 2
153 6108 24432 109944 4
154 843 16860 23604 3
155 7341 73410 227571 5
156 10082 241968 403280 4
157 10382 0 103820 4
158 2644 31728 89896 1
159 10003 160048 340102 3
160 6150 123000 159900 3
161 3381 16905 87906 2
162 10062 201240 332046 1
163 5014 120336 165462 3
164 9163 109956 302379 5
165 7086 106290 162978 5
166 2734 21872 79286 3
167 10718 64308 171488 2
168 10788 32364 140244 1
169 3666 14664 54990 5
170 1466 2932 7330 3
171 6965 27860 48755 3
172 335 3350 6365 4
173 5571 55710 172701 5
174 4796 4796 43164 3
175 1296 1296 11664 2
176 4987 0 74805 4
177 10117 182106 232691 3
178 1203 2406 7218 4
179 8145 16290 65160 1
180 4340 104160 108500 2
181 3037 36444 88073 1
182 6976 279040 327872 2
183 4948 89064 128648 3
184 3737 14948 18685 1
185 2673 32076 40095 1
186 3257 65140 117252 4
187 587 4696 15262 2
188 5129 15387 87193 2
189 107 107 2247 4
190 1489 17868 32758 1
191 7148 171552 214440 5
192 10929 174864 382515 2
193 6702 13404 147444 1
194 4493 89860 130297 4
195 1757 10542 21084 4
196 5453 43624 130872 2
197 1480 17760 44400 4
198 575 20700 26450 4
199 2009 40180 78351 5
200 7471 89652 231601 2
201 10767 0 129204 3
202 1637 13096 18007 3
203 3275 26200 39300 4
204 7197 21591 64773 4
205 2489 29868 69692 2
206 7730 92760 131410 4
207 6778 162672 264342 3
208 4976 19904 49760 4
209 6452 6452 103232 1
210 8732 34928 96052 3
211 926 11112 25002 1
212 6443 51544 167518 2
213 7093 106395 262441 4
214 10484 41936 178228 4
215 6840 136800 184680 1
216 509 2545 11198 4
217 6397 57573 134337 5
218 1716 6864 44616 5
219 6418 12836 19254 5
220 9355 187100 299360 4
221 4008 40080 64128 2
222 3018 36216 54324 5
223 652 1956 6520 2
224 2993 95776 98769 5
225 9398 93980 150368 3
226 6921 207630 352971 4
227 2850 28500 45600 3
228 1808 5424 23504 1
229 6547 13094 144034 1
230 4611 92220 184440 2
231 6282 31410 163332 3
232 9089 381738 563518 1
233 4809 38472 62517 2
234 7983 95796 271422 1
235 8807 17614 140912 4
236 9495 151920 208890 5
237 9460 56760 227040 1
238 1447 8682 34728 4
239 795 11925 14310 5
240 4932 118368 172620 2
241 6857 82284 198853 5
242 8951 107412 286432 4
243 1316 3948 27636 2
244 7301 36505 51107 2
245 3422 30798 82128 2
246 225 900 2700 4
247 889 8890 22225 4
248 7623 91476 251559 3
249 562 6744 14050 5
250 7268 109020 130824 1
251 1389 11112 27780 2
252 606 9090 19998 5
253 944 15104 24544 3
254 2186 65580 85254 2
255 1904 57120 91392 3
256 5632 22528 56320 4
257 9636 19272 183084 1
258 7380 22140 125460 1
259 4296 64440 103104 5
260 6171 49368 86394 1
261 6058 181740 266552 5
262 7059 84708 211770 5
263 72 0 648 2
264 7526 22578 158046 1
265 4624 9248 18496 1
266 9426 37704 75408 3
267 2982 35784 98406 3
268 3102 18612 71346 3
269 9549 57294 162333 3
270 3275 39300 72050 4
271 2086 41720 56322 3
272 257 6168 8738 2
273 211 4220 6330 3
274 1821 5463 27315 1
275 10036 40144 260936 2
276 9951 39804 258726 3
277 2060 41200 45320 5
278 4171 75078 91762 2
279 2713 0 40695 4
280 1201 9608 24020 4
281 4399 26394 101177 2
282 8067 48402 104871 3
283 725 8700 9425 4
284 10014 80112 250350 1
285 889 0 16002 1
286 6873 103095 219936 1
287 2508 30096 82764 2
288 2682 40230 80460 4
289 5158 61896 103160 3
290 4145 74610 103625 1
291 10451 219471 376236 4
292 1188 21384 46332 5
293 909 13635 23634 1
294 8005 200125 312195 5
295 6269 263298 307181 1
296 8806 140896 158508 2
297 6036 90540 181080 1
298 2444 36660 87984 5
299 2511 37665 55242 2
300 3381 13524 57477 4
301 1800 3600 19800 1
302 10759 43036 96831 5
303 7892 157840 189408 3
304 6058 72696 181740 3
305 464 4176 7888 3
306 44 132 264 2
307 9439 235975 443633 3
308 5745 51705 91920 4
309 6487 116766 155688 1
310 3184 76416 143280 1
311 2428 9712 63128 1
312 9946 19892 159136 1
313 6565 118170 210080 5
314 7765 62120 232950 4
315 7331 43986 190606 3
316 2960 0 38480 4
317 9388 187760 197148 1
318 3511 14044 17555 4
319 9890 118680 207690 3
320 7469 89628 209132 2
321 6618 79416 132360 5
322 2381 2381 26191 5
323 2035 18315 20350 1
324 8703 104436 182763 3
325 988 19760 20748 2
326 10265 123180 195035 3
327 5685 51165 176235 3
328 7727 15454 169994 3
329 2529 60696 91044 4
330 957 17226 29667 4
331 10383 41532 103830 2
332 3407 40884 88582 4
333 6309 151416 189270 4
334 8228 123420 181016 1
335 1860 11160 42780 2
336 814 814 14652 1
337 6151 49208 153775 5
338 134 536 2948 5
339 5462 16386 65544 5
340 2558 30696 81856 4
341 10514 0 210280 1
342 7551 67959 90612 5
343 2363 0 28356 2
344 4566 9132 77622 1
345 5492 43936 131808 2
346 5934 71208 89010 2
347 4706 94120 103532 3
348 1227 9816 33129 3
349 3958 47496 75202 1
350 10089 30267 221958 1
351 6081 72972 79053 4
352 6220 99520 118180 4
353 2660 10640 58520 3
354 7526 60208 195676 5
355 4014 8028 60210 1
356 1664 49920 74880 2
357 5435 130440 222835 5
358 6839 68390 82068 5
359 9935 208635 397400 3
360 5443 163290 261264 2
361 3866 11598 88918 1
362 9785 156560 332690 2
363 401 6416 14837 1
364 10812 64872 281112 1
365 8933 133995 142928 5
366 5250 31500 89250 2
367 3224 6448 64480 5
368 7265 29060 181625 3
369 3096 43344 71208 2
370 7574 22722 174202 4
371 3582 3582 82386 3
372 1946 38920 77840 5
373 6827 54616 102405 1
374 7816 117240 273560 4
375 7915 94980 150385 1
376 2099 6297 12594 4
377 5699 45592 96883 3
378 1260 5040 13860 2
379 2487 12435 32331 2
380 10060 422520 573420 2
381 5975 53775 149375 3
382 8768 17536 140288 2
383 8246 24738 197904 5
384 8215 0 57505 1
385 3035 30350 45525 2
386 365 1460 4380 4
387 9431 132034 150896 3
388 910 7280 18200 4
389 9812 0 19624 2
390 5595 167850 234990 3
391 3438 20628 72198 4
392 1846 22152 53534 2
393 6384 38304 108528 2
394 9467 18934 227208 1
395 10209 153135 326688 2
396 10914 0 185538 3
397 5397 64764 97146 1
398 9566 239150 449602 5
399 2219 53256 73227 3
400 10410 31230 135330 4
401 6856 0 41136 1
402 1603 38472 48090 3
403 4876 58512 87768 5
404 3774 45288 56610 4
405 7584 227520 333696 5
406 4575 9150 91500 4
407 4087 0 57218 1
408 9379 37516 112548 1
409 7042 14084 147882 5
410 8884 88840 124376 3
411 2775 16650 77700 4
412 186 372 2976 3
413 84 1260 1344 3
414 8583 154494 180243 3
415 3611 10833 79442 3
416 7613 121808 175099 2
417 2569 10276 48811 3
418 5729 0 34374 5
419 262 1048 6812 1
420 5804 69648 168316 2
421 8830 423840 538630 5
422 109 654 2725 1
423 3163 18978 69586 1
424 9215 18430 211945 5
425 4658 55896 88502 4
426 3783 45396 79443 1
427 147 441 3675 3
428 3571 42852 60707 5
429 3705 88920 140790 5
430 2738 41070 87616 4
431 10646 85168 170336 3
432 10254 153810 307620 3
433 2819 11276 28190 1
434 9423 113076 244998 3
435 5453 136325 223573 2
436 989 14835 27692 5
437 8241 49446 82410 5
438 9827 19654 127751 2
439 9186 220464 293952 1
440 7288 218640 233216 1
441 2729 65496 81870 1
442 3599 43188 89975 1
443 7661 76610 237491 3
444 9237 0 175503 4
445 992 8928 14880 3
446 4161 16644 74898 5
447 4608 129024 138240 2
448 9883 88947 197660 1
449 4043 64688 72774 2
450 7165 42990 78815 4
451 9558 95580 200718 1
452 1278 12780 21726 4
453 6120 18360 134640 1
454 3942 19710 74898 5
455 1550 6200 7750 1
456 6548 13096 91672 5
457 5668 34008 79352 2
458 10593 84744 275418 5
459 6575 26300 52600 4
460 643 7716 18647 2
461 4559 109416 186919 2
462 5296 52960 84736 5
463 7925 63400 134725 3
464 2268 27216 49896 4
465 2998 17988 38974 5
466 10818 64908 129816 2
467 6561 78732 177147 3
468 4132 0 41320 5
469 9660 9660 48300 2
470 3758 37580 71402 5
471 474 474 6162 5
472 8112 48672 64896 2
473 2684 0 24156 5
474 8972 107664 170468 2
475 4672 93440 191552 5
476 4655 18620 97755 2
477 2793 69825 78204 4
478 8109 129744 202725 5
479 461 1844 2305 2
480 8002 160040 280070 5
481 139 278 695 4
482 7653 61224 137754 4
483 10703 192654 406714 1
484 2181 13086 58887 2
485 6089 73068 121780 5
486 9942 79536 248550 3
487 1858 37160 74320 1
488 750 15000 20250 1
489 9188 183760 220512 3
490 4551 245754 268509 3
491 3861 23166 104247 4
492 3198 38376 92742 3
493 8848 17696 35392 3
494 1125 9000 14625 2
495 8787 210888 237249 1
496 10579 84632 169264 3
497 4574 54888 155516 3
498 10226 204520 235198 1
499 4827 86886 135156 4
500 305 1220 7930 2
