0001 14181 170172 567240 4
0002 17374 104244 608090 3
0003 93163 1676934 6148758 2
0004 204864 1229184 11472384 5
0005 15938 382512 430326 3
0006 192587 0 5199849 3
0007 113941 569705 6836460 2
0008 117330 2111940 6922470 4
0009 74127 741270 4002858 5
0010 164325 3450825 12324375 1
0011 65270 522160 1697020 3
0012 195219 4099599 5661351 1
0013 143354 1720248 2437018 2
0014 6690 160560 347880 5
0015 25217 302604 1714756 2
0016 147309 1325781 2651562 2
0017 38255 612080 765100 1
0018 51697 930546 2636547 2
0019 103700 207400 3214700 1
0020 103227 0 4645215 4
0021 133423 0 2935306 1
0022 10992 175872 505632 3
0023 153029 2754522 3825725 2
0024 168715 1012290 9785470 2
0025 158300 474900 8548200 5
0026 4840 0 174240 4
0027 120826 1449912 7491212 2
0028 188808 6041856 13027752 2
0029 174463 2093556 6280668 4
0030 99191 1190292 2876539 5
0031 83289 2332092 6496542 2
0032 203248 406496 9146160 5
0033 193625 4066125 9874875 2
0034 93614 2808420 5897682 3
0035 113129 905032 6674611 5
0036 171784 515352 7902064 1
0037 88893 1777860 5244687 2
0038 111991 2687784 4367649 3
0039 168358 673432 4040592 2
0040 69299 554392 2633362 1
0041 132281 529124 5291240 4
0042 56855 1193955 2274200 2
0043 151490 605960 3635760 3
0044 188309 1506472 7155742 2
0045 93518 374072 4675900 1
0046 187186 748744 1497488 4
0047 139576 1954064 9909896 3
0048 176241 2819856 10750701 4
0049 17171 171710 738353 4
0050 101007 2121147 6666462 4
0051 48140 1010940 2214440 1
0052 182771 1096626 5483130 1
0053 178739 4468475 5183431 5
0054 44406 3108420 5595156 3
0055 144220 576880 5047700 2
0056 180120 1260840 3602400 2
0057 84488 84488 1689760 4
0058 26593 79779 1276464 2
0059 128887 5413254 7862107 1
0060 122482 1714748 8818704 3
0061 185175 5925600 9629100 3
0062 148725 1487250 7882425 1
0063 72486 2319552 3044412 4
0064 99460 2387040 5768680 4
0065 133348 3733744 8534272 3
0066 49388 0 2370624 3
0067 72526 2610936 3626300 4
0068 1446 5784 10122 4
0069 115191 1727865 7487415 2
0070 122677 1226770 7237943 4
0071 176703 706812 9718665 1
0072 196818 1180908 7872720 2
0073 137613 1376130 7706328 2
0074 45843 1604505 3804969 5
0075 94284 848556 2074248 4
0076 204110 1632880 11226050 5
0077 194301 5440428 6023331 4
0078 144566 1011962 2602188 5
0079 20233 303495 1112815 2
0080 63563 2034016 2923898 1
0081 59578 2085230 5183286 4
0082 60388 0 543492 4
0083 72454 1521534 5651412 5
0084 88980 1601640 2580420 1
0085 7168 43008 57344 1
0086 96922 193844 1550752 2
0087 50934 764010 865878 1
0088 26058 0 1094436 1
0089 137483 4124490 11961021 4
0090 3968 39680 166656 1
0091 21057 526425 1010736 3
0092 109412 0 4595304 3
0093 119868 1438416 7791420 2
0094 29170 933440 1516840 4
0095 79419 238257 2859084 3
0096 33986 339860 441818 5
0097 3595 10785 107850 2
0098 173351 0 4680477 2
0099 181782 2908512 9089100 2
0100 182061 3277098 5279769 4
0101 90823 1362345 3178805 5
0102 183478 733912 4036516 5
0103 84869 678952 3140153 2
0104 126780 4056960 7987140 2
0105 182933 2926928 3109861 1
0106 206419 619257 2064190 2
0107 96039 1536624 2112858 1
0108 202973 4871352 11569461 5
0109 57251 801514 2862550 4
0110 197018 591054 4925450 1
0111 96177 0 384708 1
0112 162277 324554 5517418 5
0113 8413 42065 269216 2
0114 48022 672308 1392638 5
0115 57895 173685 521055 3
0116 10410 83280 582960 4
0117 140304 0 7295808 4
0118 127716 1915740 6002652 5
0119 71413 428478 2213803 3
0120 132116 4756176 11494092 5
0121 69956 1049340 2938152 2
0122 17479 52437 961345 3
0123 121437 971496 1700118 3
0124 33001 264008 1782054 4
0125 131906 3957180 4616710 4
0126 96472 868248 4727128 2
0127 138445 3876460 8583590 1
0128 167109 1503981 10026540 2
0129 99336 198672 5960160 2
0130 23216 46432 1392960 2
0131 93004 1488064 2604112 4
0132 41464 290248 2695160 2
0133 203885 1223310 3058275 1
0134 6191 303359 321932 2
0135 71923 143846 3092689 2
0136 34577 345770 1694273 1
0137 23840 715200 1716480 4
0138 73375 660375 2421375 1
0139 91533 0 4118985 3
0140 94692 1136304 3408912 3
0141 72750 145500 4365000 2
0142 12546 263466 288558 5
0143 19597 97985 411537 2
0144 118198 118198 709188 2
0145 152770 1222160 3208170 1
0146 152237 3653688 5023821 3
0147 97227 875043 3111264 5
0148 159001 2385015 11607073 2
0149 106890 1282680 5665170 4
0150 53406 1281744 2189646 5
0151 126229 126229 7573740 4
0152 43269 389421 2639409 2
0153 55071 550710 715923 3
0154 106120 2546880 8383480 5
0155 115869 115869 6372795 5
0156 39034 624544 2849482 3
0157 182452 2189424 9669956 3
0158 142929 3430296 4573728 5
0159 81498 2852430 5867856 3
0160 67928 407568 2309552 5
0161 45352 1088448 1405912 4
0162 152212 152212 8676084 5
0163 134717 2020755 9430190 5
0164 35846 501844 1756454 1
0165 200626 4213146 13441942 5
0166 45770 1601950 3066590 3
0167 70777 707770 2406418 5
0168 114605 573025 802235 5
0169 42800 513600 1155600 5
0170 4445 80010 297815 5
0171 77076 462456 3160116 5
0172 63725 1338225 3568600 1
0173 125337 250674 5013480 1
0174 131421 1314210 6045366 5
0175 17775 355500 1173150 1
0176 118501 4266036 7821066 5
0177 35029 210174 630522 4
0178 83057 996684 4152850 2
0179 193386 580158 7155282 5
0180 157270 2516320 4246290 5
0181 128838 1803732 8374470 3
0182 118060 1416720 5784940 2
0183 121142 2543982 6178242 4
0184 100364 1806552 7627664 1
0185 194630 778520 8369090 2
0186 126532 2024512 4681684 2
0187 21280 21280 829920 5
0188 52255 627060 1724415 2
0189 20467 511675 1330355 1
0190 143245 286490 6875760 5
0191 39764 477168 1471268 3
0192 4124 74232 90728 3
0193 79734 239202 558138 3
0194 102680 821440 2977720 5
0195 20173 80692 383287 4
0196 91230 0 2463210 2
0197 2754 88128 159732 2
0198 198789 1789101 7553982 4
0199 154207 0 2775726 4
0200 43616 1308480 2704192 3
0201 32935 526960 2239580 3
0202 12009 72054 456342 1
0203 126176 1514112 8706144 5
0204 154586 463758 3246306 5
0205 197883 395766 11081448 2
0206 162381 0 324762 4
0207 128030 1024240 8321950 5
0208 135884 2174144 9511880 1
0209 13604 136040 503348 5
0210 7514 105196 323102 4
0211 65253 261012 3458409 2
0212 98217 2946510 6089454 2
0213 165475 1323800 6784475 2
0214 42969 902349 1503915 3
0215 123230 862610 7393800 2
0216 183780 0 9740340 3
0217 96907 2422675 4070094 4
0218 178869 1252083 5008332 4
0219 108027 1296324 2268567 3
0220 7496 187400 607176 2
0221 114760 5623240 10328400 1
0222 136441 1091528 8732224 1
0223 181308 2175696 8158860 3
0224 141527 1981378 10331471 1
0225 112848 2369808 3723984 2
0226 29019 609399 638418 3
0227 46417 1114008 3666943 3
0228 159038 2226532 7474786 2
0229 30176 965632 1418272 5
0230 13878 55512 346950 2
0231 71050 71050 3623550 1
0232 52438 367066 2621900 3
0233 160937 4828110 11909338 1
0234 18855 395955 754200 5
0235 514 12336 32896 5
0236 130381 521524 3520287 5
0237 62221 1306641 4853238 1
0238 98766 197532 2370384 3
0239 154489 617956 3244269 2
0240 148410 593640 9201420 3
0241 75989 911868 2507637 3
0242 98840 593040 889560 2
0243 37737 905688 1396269 3
0244 168060 3361200 6722400 5
0245 59989 239956 1799670 5
0246 97050 3105600 7958100 1
0247 24454 293448 953706 2
0248 175878 1758780 4045194 3
0249 77386 2321580 6655196 4
0250 57722 1038996 1616216 5
0251 147540 1770480 7819620 4
0252 23633 118165 1276182 5
0253 113108 2714592 3393240 2
0254 47345 1515040 2130525 4
0255 102221 1226652 6439923 2
0256 128280 1282800 3207000 5
0257 54219 162657 813285 3
0258 184282 737128 10135510 2
0259 29231 701544 2104632 1
0260 151094 453282 7101418 5
0261 100461 2109681 2712447 5
0262 80896 242688 3559424 3
0263 171967 5502944 15477030 3
0264 126714 3041136 4308276 1
0265 186450 3915450 14543100 3
0266 150176 6307392 14116544 1
0267 12552 75312 439320 1
0268 179822 1798220 10609498 1
0269 79565 1113910 5489985 2
0270 116999 3743968 8306929 3
0271 66895 0 3344750 5
0272 65205 652050 1434510 2
0273 166258 332516 8479158 1
0274 155868 6234720 6702324 3
0275 166471 3995304 7990608 4
0276 67765 1016475 3456015 1
0277 200612 2407344 8826928 1
0278 53209 532090 2181569 1
0279 104717 1047170 2722642 4
0280 115506 693036 7507890 5
0281 66921 1204578 3011445 1
0282 159514 2552224 10368410 4
0283 184849 5545470 6284866 2
0284 98675 592050 5328450 3
0285 179055 716220 4476375 2
0286 46894 140682 234470 4
0287 100099 600594 1601584 1
0288 104543 627258 1777231 4
0289 145653 873918 9030486 2
0290 195079 2340948 5462212 5
0291 72540 435240 1015560 2
0292 61068 122136 1526700 1
0293 187185 1123110 8610510 5
0294 138904 1666848 6667392 1
0295 182394 1459152 3647880 5
0296 195621 1173726 2934315 1
0297 138255 1935570 5944965 2
0298 125979 503916 5543076 5
0299 52066 1301650 1666112 5
0300 100337 1605392 6622242 2
0301 166316 498948 10145276 5
0302 127201 2544020 6105648 2
0303 181698 726792 3815658 2
0304 40408 323264 2182032 1
0305 205626 4935024 17066958 4
0306 187579 750316 2250948 2
0307 35483 70966 1454803 1
0308 101831 1221972 7230001 4
0309 185892 743568 4089624 2
0310 78336 3133440 4543488 3
0311 21892 350272 722436 5
0312 143178 3436272 11024706 5
0313 19557 58671 1095192 1
0314 178347 5350410 15516189 1
0315 22388 134328 694028 1
0316 64185 385110 2310660 3
0317 43266 0 346128 2
0318 78703 708327 4486071 4
0319 122298 978384 3791238 5
0320 201143 2011430 6637719 4
0321 149154 3132234 4772928 5
0322 94195 753560 4238775 4
0323 9949 198980 487501 3
0324 53359 640308 2294437 4
0325 92856 1857120 6499920 4
0326 86055 602385 774495 3
0327 108794 108794 4678142 1
0328 85051 340204 3912346 5
0329 3594 86256 240798 4
0330 58233 349398 3552213 4
0331 121539 364617 4861560 1
0332 123630 618150 4327050 1
0333 1454 13086 58160 5
0334 162708 488124 4393116 2
0335 180932 1809320 9408464 3
0336 196305 1570440 11581995 5
0337 46956 281736 1314768 5
0338 146871 3671775 8959131 2
0339 190534 4001214 12575244 4
0340 81919 1228785 5898168 3
0341 13885 333240 1124685 2
0342 168700 3542700 9953300 2
0343 125255 1503060 8392085 4
0344 91696 366784 1742224 2
0345 97268 486340 3501648 3
0346 155829 1558290 7635621 5
0347 32471 64942 1558608 2
0348 16198 161980 356356 3
0349 102551 2871428 3999489 4
0350 123636 741816 5069076 1
0351 74914 2696904 3970442 4
0352 198680 2384160 12516840 1
0353 169408 508224 8978624 5
0354 55108 661296 3251372 1
0355 37694 452328 2600886 3
0356 85257 170514 4774392 5
0357 172320 172320 861600 3
0358 56553 904848 3789051 3
0359 169362 4742136 8468100 1
0360 20030 60090 240360 3
0361 189402 757608 11742924 3
0362 126053 756318 4537908 5
0363 127930 2046880 2686530 3
0364 168707 2699312 12484318 5
0365 171484 1028904 5487488 3
0366 79003 3160120 4582174 5
0367 85079 255237 1106027 1
0368 21619 518856 1037712 4
0369 114850 2756400 7005850 4
0370 93716 1968036 4123504 1
0371 28617 228936 915744 4
0372 19881 79524 894645 4
0373 52486 839776 1994468 4
0374 48460 2035320 3149900 5
0375 45021 810378 1035483 2
0376 178620 3572400 8395140 3
0377 64622 387732 646220 5
0378 120834 1450008 1691676 2
0379 147280 1767360 5154800 1
0380 98009 2352216 4704432 3
0381 23929 287148 765728 3
0382 187765 1689885 3755300 5
0383 76744 613952 920928 5
0384 37597 75194 1616671 5
0385 62337 997392 4176579 4
0386 171697 2060364 4807516 1
0387 167593 1005558 2849081 4
0388 136239 2452302 4495887 4
0389 31979 799475 2302488 3
0390 140955 563820 1127640 3
0391 137721 7436934 12257169 3
0392 141315 2261040 6217860 5
0393 8099 0 113386 1
0394 103235 2064700 5368220 5
0395 27549 82647 606078 5
0396 88587 354348 4252176 5
0397 26543 53086 1566037 1
0398 157070 3141400 8010570 1
0399 199282 2789948 5978460 2
0400 92021 368084 4140945 3
0401 118930 951440 4519340 3
0402 77594 620752 4112482 4
0403 157445 314890 2834010 1
0404 75590 0 2343290 2
0405 58235 0 232940 1
0406 100160 500800 4306880 4
0407 31022 372264 558396 1
0408 200787 4015740 9637776 3
0409 146384 3513216 12149872 3
0410 91620 0 1282680 1
0411 206069 0 9891312 5
0412 7541 90492 248853 1
0413 147085 441255 5442145 3
0414 70745 3183525 5376620 5
0415 58809 470472 2822832 1
0416 176182 1409456 4228368 5
0417 123134 615670 4432824 4
0418 11699 233980 865726 1
0419 20674 826960 1137070 4
0420 22180 177440 510140 5
0421 109124 1964232 8293424 4
0422 171790 515370 3435800 5
0423 37976 1139280 2772248 3
0424 25577 460386 1304427 2
0425 187738 563214 9574638 1
0426 6142 36852 282532 1
0427 57099 285495 570990 4
0428 174627 1746270 2444778 5
0429 75910 910920 4326870 3
0430 74342 892104 2378944 4
0431 71692 0 1075380 2
0432 4586 45860 77962 1
0433 10842 54210 477048 3
0434 124133 496532 1613729 5
0435 54332 380324 2336276 3
0436 23938 95752 287256 5
0437 38329 766580 1763134 5
0438 148746 3123666 8329776 2
0439 152112 1369008 7757712 3
0440 35340 247380 1095540 2
0441 143845 2301520 9206080 3
0442 127966 511864 3966946 3
0443 49590 1041390 3967200 5
0444 189121 3404178 14562317 2
0445 200691 401382 8429022 4
0446 68435 2189920 2463660 4
0447 187390 2810850 10306450 4
0448 75282 451692 4366356 1
0449 3004 84112 228304 1
0450 13939 292719 1045425 1
0451 111893 2014074 8391975 4
0452 187533 9001584 18190701 1
0453 106498 1277976 2449454 2
0454 49959 0 1998360 4
0455 19381 58143 562049 2
0456 137698 413094 8399578 4
0457 146596 1465960 9675336 5
0458 79897 639176 5273202 2
0459 32339 485085 614441 5
0460 164829 2966922 4285554 4
0461 192673 5394844 7899593 4
0462 188041 6017312 15231321 1
0463 172481 2759696 10693822 5
0464 88062 3522480 5900154 2
0465 92873 2786190 3807793 4
0466 156141 156141 6401781 1
0467 152250 1370250 4567500 1
0468 17854 160686 196394 4
0469 142804 2142060 9710672 4
0470 198853 5567884 6761002 3
0471 9837 206577 363969 3
0472 41133 246798 946059 2
0473 92956 1394340 6413964 5
0474 142228 284456 6258032 2
0475 182958 4390992 7684236 1
0476 72692 2326144 2616912 4
0477 176652 706608 4592952 5
0478 142859 1285731 9285835 5
0479 16950 135600 915300 3
0480 109185 2620440 5240880 1
0481 144595 144595 433785 1
0482 57603 288015 2304120 5
0483 13089 523560 680628 2
0484 58846 2059610 5531524 1
0485 200759 2409108 8431878 4
0486 183690 10286640 13776750 3
0487 97154 1748772 4469084 2
0488 99426 2386224 6661542 1
0489 192085 7683400 10564675 2
0490 197563 2963445 12248906 4
0491 77424 464544 4258320 3
0492 58667 1877344 3109351 3
0493 165796 3979104 10445148 4
0494 74868 598944 2844984 1
0495 4049 129568 133617 3
0496 201922 807688 1009610 4
0497 106264 1275168 3825504 1
0498 64730 3107040 3171770 2
0499 41437 165748 2113287 1
0500 169677 1018062 1696770 4
0501 15869 95214 428463 3
0502 40006 200030 2560384 2
0503 34231 205386 2019629 3
0504 145688 2913760 11072288 1
0505 186263 2980208 6146679 2
0506 142507 570028 5842787 1
0507 155619 466857 2023047 3
0508 159994 479982 5599790 5
0509 115304 4612160 10838576 2
0510 177532 0 6568684 1
0511 170487 1534383 9376785 3
0512 153860 4923520 13693540 3
0513 22568 225680 677040 5
0514 131249 1049992 3674972 3
0515 98630 591780 3057530 2
0516 160170 6406800 7527990 2
0517 176224 528672 1762240 5
0518 36372 581952 1054788 4
0519 43262 86524 2249624 4
0520 3823 114690 305840 4
0521 119639 239278 6221228 5
0522 52817 792255 2957752 5
0523 80278 642224 5298348 4
0524 95779 1149348 1245127 4
0525 60200 722400 3852800 2
0526 194227 1553816 8740215 3
0527 111159 1333908 5113314 2
0528 104359 417436 4487437 1
0529 37823 75646 1134690 1
0530 84517 1183238 1436789 3
0531 49175 737625 1426075 1
0532 136283 1635396 8040697 3
0533 166521 3496941 9824739 2
0534 55432 997776 2439008 4
0535 99260 2977800 4565960 4
0536 153042 918252 3826050 5
0537 61659 123318 3267927 1
0538 19146 344628 555234 4
0539 136372 2727440 10364272 5
0540 108424 2602176 8673920 4
0541 101878 4890144 5501412 2
0542 88193 352772 5467966 1
0543 88474 265422 2388798 3
0544 161021 2576336 4669609 2
0545 62030 1302630 2667290 1
0546 148829 892974 5060186 4
0547 80304 401520 1043952 2
0548 195817 391634 3133072 2
0549 111494 2675856 3902290 2
0550 53835 1130535 4199130 4
0551 63880 1533120 2874600 2
0552 197271 0 4734504 5
0553 124881 1873215 8991432 5
0554 116156 2090808 5691644 5
0555 189986 189986 3989706 2
0556 67985 271940 3603205 3
0557 134109 0 5230251 2
0558 3004 0 159212 5
0559 55387 664644 3267833 1
0560 25920 103680 1166400 3
0561 62940 2014080 2454660 4
0562 13957 293097 404753 4
0563 116698 350094 7118578 1
0564 58248 2096928 3669624 2
0565 85679 514074 685432 4
0566 81865 163730 2210355 5
0567 123048 738288 861336 4
0568 116863 0 1636082 4
0569 83831 1508958 4275381 5
0570 148971 1787652 3426333 5
0571 168850 337700 2026200 3
0572 125341 4386935 9149893 2
0573 59529 476232 892935 2
0574 179824 719296 6653488 4
0575 166369 2329166 6155653 3
0576 129112 516448 7230272 2
0577 54635 491715 2950290 2
0578 195062 1170372 4096302 5
0579 204719 614157 1433033 2
0580 125009 250018 2250162 3
0581 105326 631956 3897062 3
0582 32803 1049696 1082499 5
0583 93034 1953714 5395972 3
0584 202217 606651 3033255 5
0585 111161 889288 5335728 3
0586 163960 1967520 8361960 3
0587 35703 178515 2142180 1
0588 37731 377310 1169661 5
0589 22625 45250 1267000 3
0590 99413 596478 3578868 4
0591 35421 637578 1735629 4
0592 129737 2594740 8692379 5
0593 1750 0 63000 3
0594 33079 529264 2117056 1
0595 165337 2645392 9920220 4
0596 150594 1505940 2258910 4
0597 140165 3083630 3504125 5
0598 10394 467730 956248 4
0599 82966 2488980 2654912 5
0600 175396 1753960 10172968 4
0601 129183 2066928 3487941 1
0602 64749 1553976 4791426 5
0603 201300 402600 2818200 3
0604 202592 3038880 12560704 4
0605 180907 0 10673513 4
0606 8991 0 323676 4
0607 27963 894816 978705 2
0608 83713 1339408 5692484 3
0609 109964 3518848 3738776 4
0610 65463 916482 1243797 5
0611 102792 1644672 4008888 5
0612 112296 673776 6063984 2
0613 71261 1140176 3776833 3
0614 80210 0 481260 1
0615 57152 2743296 3257664 1
0616 33540 201240 1140360 4
0617 178558 4285392 12320502 5
0618 146389 1171112 4977226 2
0619 101612 0 5791884 4
0620 169492 7118664 14576312 4
0621 34104 477456 1227744 3
0622 189013 1890130 11529793 2
0623 168407 505221 9430792 4
0624 150129 2702322 10208772 3
0625 192476 1154856 7891516 5
0626 57338 1834816 5160420 2
0627 149460 149460 3587040 3
0628 132906 0 5316240 4
0629 64004 192012 3520220 4
0630 58778 117556 2292342 3
0631 76151 609208 4036003 1
0632 21180 84720 1207260 5
0633 9020 216480 730620 5
0634 27685 775180 1827210 2
0635 205777 4938648 5967533 4
0636 89867 0 1258138 5
0637 203452 2441424 12410572 1
0638 145197 290394 8131032 5
0639 46711 326977 3036215 3
0640 77825 1634325 4124725 5
0641 154346 1234768 1697806 3
0642 142303 5692120 8965089 3
0643 63341 1520184 2216935 5
0644 63496 317480 2666832 3
0645 145644 3058524 3641100 1
0646 8372 133952 426972 2
0647 187682 1689138 11448602 1
0648 193940 1163640 9115180 4
0649 60929 731148 3107379 3
0650 140301 1403010 2665719 1
0651 118765 2850360 7600960 1
0652 7424 14848 66816 1
0653 23662 141972 1230424 4
0654 109715 1974870 6253755 5
0655 10938 382830 667218 4
0656 117907 2829768 7310234 2
0657 1259 30216 70504 3
0658 113208 1358496 6339648 3
0659 187230 748920 7676430 4
0660 197021 6895735 17928911 4
0661 143584 430752 3733184 5
0662 133095 1597140 4924515 2
0663 25339 608136 1495001 2
0664 83113 249339 3906311 5
0665 150785 1809420 5579045 2
0666 142920 1715040 3858840 2
0667 142969 285938 5575791 2
0668 193447 0 7737880 4
0669 197022 3940440 13200474 4
0670 117732 470928 7299384 2
0671 100717 1208604 1712189 2
0672 92467 3883614 7674761 2
0673 103680 622080 5806080 3
0674 44952 1078848 3731016 4
0675 66484 997260 4321460 4
0676 102647 307941 410588 2
0677 177845 1600605 7647335 1
0678 111370 1336440 3563840 2
0679 206222 1649776 6186660 4
0680 125887 1762418 6672011 2
0681 158030 2370450 3950750 4
0682 194579 4669896 5253633 5
0683 25881 621144 1268169 5
0684 90034 2520952 7382788 2
0685 29444 618324 1560532 2
0686 182184 1093104 6922992 4
0687 24893 373395 1095292 4
0688 172543 1035258 8282064 3
0689 52383 419064 890511 5
0690 154094 2157316 7858794 4
0691 64421 901894 1288420 1
0692 40560 81120 2352480 3
0693 138917 2500506 7223684 2
0694 156894 4393032 11453262 1
0695 20371 325936 1100034 3
0696 162254 324508 7139176 3
0697 19348 232176 677180 3
0698 154031 2310465 5545116 2
0699 117778 2826672 3533340 4
0700 64573 1162314 1937190 1
0701 159062 2863116 11134340 4
0702 87330 523980 2095920 3
0703 79556 318224 1988900 4
0704 116817 1869072 5957667 1
0705 133510 801060 5607420 1
0706 6076 54684 309876 5
0707 28711 344532 545509 3
0708 182384 911920 9119200 1
0709 28563 342756 771201 2
0710 158328 2533248 4274856 5
0711 45047 1126175 1261316 3
0712 191734 766936 2109074 4
0713 103588 1450232 7251160 5
0714 68054 952756 1565242 5
0715 3209 89852 192540 1
0716 192529 962645 6545986 2
0717 175556 1053336 7022240 2
0718 87068 174136 3656856 4
0719 59198 1894336 3670276 1
0720 38574 771480 2005848 5
0721 113612 1363344 5339764 5
0722 118941 1665174 7731165 5
0723 130514 4698504 5612102 2
0724 26191 916685 2461954 1
0725 123580 494320 4572460 5
0726 174584 3142512 9951288 5
0727 188379 376758 3767580 3
0728 68967 68967 1379340 5
0729 20923 251076 1129842 3
0730 173014 865070 5536448 2
0731 10294 82352 360290 1
0732 107502 2150040 6665124 3
0733 50307 754605 1358289 1
0734 111771 2682504 6706260 3
0735 10119 60714 455355 5
0736 66322 198966 928508 3
0737 77912 623296 4051424 1
0738 136774 547096 1094192 4
0739 167819 5370208 14096796 3
0740 74533 447198 2981320 5
0741 190506 190506 10287324 5
0742 1664 16640 86528 4
0743 37536 75072 1313760 3
0744 202994 7104790 17051496 3
0745 118515 3318420 6162780 4
0746 77666 3261972 3417304 3
0747 40239 362151 1810755 5
0748 171089 513267 3250691 4
0749 103032 2472768 3915216 3
0750 200781 3011715 7428897 2
0751 101717 2136057 7323624 2
0752 26963 323556 1375113 4
0753 85745 1028940 3772780 4
0754 187998 3759960 13535856 4
0755 67684 338420 541472 2
0756 96604 289812 1449060 1
0757 166011 996066 1162077 4
0758 41023 41023 1435805 5
0759 25733 257330 1389582 3
0760 69860 558880 3213560 5
0761 162856 325712 9119936 3
0762 87987 351948 791883 1
0763 25320 75960 278520 1
0764 80071 2241988 3763337 5
0765 7042 70420 380268 1
0766 184750 1108500 10161250 3
0767 129287 1939305 4912906 5
0768 123280 616400 6287280 2
0769 142036 426108 8238088 4
0770 119679 718074 1077111 3
0771 61479 1475496 4795362 4
0772 88228 1588104 3617348 4
0773 39243 706374 2668524 3
0774 107320 1287840 6653840 4
0775 199682 3594276 9185372 4
0776 125691 502764 3896421 1
0777 44602 535224 2631518 1
0778 205437 205437 2465244 4
0779 41011 738198 2788748 5
0780 100178 0 2304094 3
0781 35332 1236620 1589940 1
0782 182773 4386552 7310920 3
0783 193277 386554 4638648 1
0784 32541 1594509 2050083 3
0785 103878 0 5609412 2
0786 151316 907896 7263168 4
0787 121623 1702722 6567642 2
0788 3669 55035 253161 1
0789 204185 10005065 20418500 2
0790 56577 1188117 2489388 1
0791 61532 369192 1476768 1
0792 151357 5448852 9535491 3
0793 147679 3101259 6793234 1
0794 42176 168704 379584 1
0795 182953 0 3476107 4
0796 255 1530 9690 4
0797 112638 3379140 7546746 4
0798 163710 0 6057270 2
0799 42039 1177092 1807677 3
0800 159419 637676 7811531 4
0801 99094 594564 3468290 2
0802 57164 457312 3372676 1
0803 162018 1296144 5346594 2
0804 113038 452152 904304 3
0805 44700 1430400 4067700 4
0806 139193 1948702 9882703 5
0807 139310 557240 4736540 5
0808 118750 593750 5818750 5
0809 127295 2545900 7764995 5
0810 140732 2533176 6895868 3
0811 186398 931990 8574308 1
0812 2335 0 95735 5
0813 69769 837228 4883830 5
0814 156402 2815236 4379256 4
0815 175161 1751610 4203864 3
0816 60826 1216520 4744428 3
0817 100691 1812438 2718657 5
0818 89103 891030 2405781 5
0819 87417 1049004 2535093 1
0820 134379 1612548 8869014 4
0821 100272 501360 4111152 5
0822 176660 4239840 13249500 4
0823 19314 463536 791874 1
0824 50020 450180 2551020 4
0825 77382 1160730 1625022 4
0826 191949 2879235 5374572 4
0827 73117 731170 1535457 1
0828 195077 6827695 17947084 3
0829 145814 3062094 6853258 4
0830 171095 3592995 9410225 3
0831 95060 1140720 5893720 2
0832 193749 9299952 13949928 4
0833 106601 0 1385813 4
0834 155742 778710 7631358 2
0835 98504 1576064 6698272 1
0836 127616 3062784 5997952 2
0837 186306 5589180 10060524 4
0838 90650 1813000 7070700 2
0839 64428 966420 1481844 5
0840 12216 48864 122160 3
0841 123548 3953536 4818372 4
0842 166691 0 3000438 3
0843 49977 699678 3598344 2
0844 58173 58173 3432207 5
0845 94906 759248 5599454 4
0846 199694 5591432 17173684 5
0847 83720 1758120 2260440 5
0848 147049 1176392 2940980 5
0849 43109 301763 775962 3
0850 201139 3620502 11666062 3
0851 149528 1196224 5682064 5
0852 54908 658896 1262884 5
0853 99546 796368 1990920 4
0854 35452 0 1134464 4
0855 178203 2138436 10513977 1
0856 56142 785988 1684260 3
0857 83940 1175160 3609420 4
0858 199864 7994560 13990480 1
0859 143438 430314 4733454 3
0860 41151 82302 2057550 5
0861 159127 3819048 12411906 5
0862 27484 439744 769552 1
0863 192714 8093988 16573404 4
0864 34880 697600 2232320 5
0865 193298 773192 4445854 5
0866 107737 754159 6033272 1
0867 107786 431144 2479078 3
0868 164636 329272 4774444 4
0869 163693 818465 1964316 5
0870 81493 2852255 5134059 1
0871 171780 4122720 6699420 4
0872 144261 1154088 1731132 4
0873 103772 933948 3424476 5
0874 25704 0 179928 1
0875 70472 563776 4228320 4
0876 123508 1976128 2470160 5
0877 172509 3450180 9487995 3
0878 109538 0 3176602 3
0879 39101 312808 1603141 4
0880 139373 1393730 6968650 3
0881 55022 165066 1705682 4
0882 60829 851606 3102279 2
0883 27365 273650 547300 4
0884 130157 3644396 4685652 3
0885 158012 632048 9322708 2
0886 206098 3091470 7213430 4
0887 72601 0 726010 1
0888 187499 749996 5249972 3
0889 139610 2931810 11029190 1
0890 41370 289590 2523570 5
0891 68286 3277728 6487170 5
0892 157134 942804 8956638 2
0893 144923 3478152 11883686 4
0894 182152 728608 1639368 5
0895 63928 767136 3771752 1
0896 169668 2714688 6617052 3
0897 72042 2161260 4970898 1
0898 58156 930496 4187232 2
0899 77752 388760 4354112 2
0900 112572 3940020 4953168 2
0901 48624 1166976 3598176 5
0902 71573 3006066 3292358 5
0903 2431 24310 43758 2
0904 28324 453184 1161284 3
0905 117079 468316 3278212 5
0906 169374 5081220 8807448 4
0907 119811 2396220 4672629 2
0908 23869 119345 143214 5
0909 4624 138720 369920 5
0910 106002 1484028 5618106 4
0911 77085 1387530 4316760 5
0912 149662 897972 2843578 4
0913 56697 226788 2154486 2
0914 126505 0 5819230 2
0915 58651 469208 3284456 4
0916 183630 1101780 11201430 4
0917 129544 3886320 11529416 5
0918 137550 825300 7152600 3
0919 175289 2103468 7186849 4
0920 100265 0 1905035 1
0921 12326 61630 727234 4
0922 188602 1320214 3772040 5
0923 33646 1009380 2321574 2
0924 108174 540870 1298088 3
0925 88607 177214 2126568 3
0926 184800 554400 1293600 2
0927 134444 0 5243316 2
0928 138618 277236 3049596 1
0929 202496 3037440 3442432 2
0930 13507 283647 1053546 2
0931 127293 5346306 10183440 1
0932 123172 985376 7513492 1
0933 167171 1170197 10197431 5
0934 60390 1268190 2536380 5
0935 18872 0 415184 5
0936 491 5892 22586 3
0937 101955 611730 1733235 4
0938 121923 2438460 4876920 3
0939 140483 0 4074007 5
0940 166727 1667270 5001810 3
0941 67048 2145536 2816016 4
0942 113514 4540560 6810840 1
0943 77035 1232560 5315415 3
0944 139649 3491225 8937536 2
0945 73792 295168 4427520 3
0946 186158 3723160 10797164 5
0947 46628 419652 2051632 4
0948 134927 2428686 3643029 5
0949 55217 993906 2208680 3
0950 158500 3170000 10461000 5
0951 129124 1807736 7876564 5
0952 156653 1879836 9085874 1
0953 109363 109363 2077897 3
0954 141252 1695024 7203852 3
0955 25286 455148 1441302 4
0956 199953 799812 12197133 1
0957 43224 691584 1383168 4
0958 192422 3078752 12122586 2
0959 31116 1244640 1898076 3
0960 67651 1082416 2976644 5
0961 183180 366360 6228120 4
0962 86862 0 1910964 4
0963 193839 2326068 5427492 2
0964 99764 1995280 5985840 1
0965 130094 2081504 2211598 1
0966 45698 274188 1965014 2
0967 29399 587980 1969733 1
0968 145670 2330720 3059070 1
0969 108745 5219760 8808345 5
0970 124400 622000 995200 5
0971 186100 2233200 6513500 4
0972 10644 170304 745080 5
0973 192572 4621728 11361748 3
0974 113611 1022499 4203607 1
0975 65758 394548 2827594 2
0976 103851 623106 6334911 2
0977 106398 0 1808766 1
0978 105052 735364 6618276 3
0979 123869 1238690 5326367 5
0980 137281 1647372 9335108 5
0981 193484 967420 10641620 2
0982 189375 2272500 7196250 4
0983 49370 246850 1629210 5
0984 13258 106064 715932 2
0985 105101 4414242 8408080 1
0986 69945 209835 2168295 1
0987 65950 1582800 2044450 5
0988 74589 447534 4400751 3
0989 28209 677016 1212987 1
0990 10139 152085 679313 5
0991 145515 2328240 9312960 4
0992 175533 2106396 6494721 4
0993 30620 183720 489920 3
0994 69836 488852 2234752 1
0995 169779 2037348 10865856 4
0996 23985 287820 959400 5
0997 196834 1181004 12597376 5
0998 48745 779920 2875955 5
0999 164440 2631040 8057560 2
1000 125188 375564 1001504 4
1001 102513 1537695 2255286 4
1002 62543 1125774 1563575 5
1003 147956 1183648 9025316 4
1004 127404 3057696 9427896 4
1005 24295 242950 437310 4
1006 56603 339618 3113165 4
1007 130189 650945 6509450 5
1008 20913 146391 439173 5
1009 136384 0 6682816 1
1010 77718 233154 4740798 2
1011 128381 0 5520383 3
1012 161066 322132 5959442 4
1013 19555 156440 1310185 3
1014 180766 1084596 3796086 4
1015 82515 1980360 3795690 4
1016 62391 249564 3868242 1
1017 190374 190374 4759350 1
1018 103188 825504 2476512 1
1019 4136 16544 198528 3
1020 181386 2539404 9794844 1
1021 53175 425400 2765100 4
1022 57500 1150000 1725000 5
1023 158199 1265592 6960756 4
1024 36624 769104 1867824 2
1025 181051 2172612 5069428 3
1026 97949 489745 3134368 4
1027 173472 867360 4336800 3
1028 183432 917160 6236688 4
1029 21488 171904 322320 2
1030 165458 661832 4467366 2
1031 76487 0 917844 1
1032 26779 428464 562359 2
1033 59830 0 3170990 5
1034 66445 930230 1461790 1
1035 139632 418896 2792640 1
1036 53612 214448 2680600 5
1037 173668 5210040 15282784 5
1038 180239 2162868 10453862 2
1039 72139 577112 937807 1
1040 5697 79758 136728 2
1041 126348 3032352 10360536 3
1042 174449 2093388 3837878 3
1043 101414 1419796 6287668 4
1044 61945 929175 2973360 3
1045 121513 2916312 4495981 2
1046 160754 0 160754 2
1047 176604 3532080 5298120 4
1048 135692 2849532 9362748 2
1049 163547 0 2126111 5
1050 59391 237564 2791377 2
1051 161919 809595 3886056 2
1052 146616 2639088 6011256 2
1053 167752 1677520 9226360 1
1054 143379 860274 5018265 4
1055 87029 348116 3220073 1
1056 125908 1762712 5917676 5
1057 53478 0 1604340 4
1058 116279 1162790 4418602 1
1059 140623 281246 4781182 3
1060 185712 4457088 10399872 3
1061 42777 171108 983871 1
1062 142092 5683680 8383428 1
1063 151849 3644376 9718336 4
1064 59876 479008 2694420 2
1065 3397 81528 166453 4
1066 92094 828846 2854914 1
1067 47643 952860 1048146 4
1068 133690 1336900 1871660 4
1069 87220 1831620 5145980 1
1070 155622 933732 7158612 1
1071 131333 2757993 8142646 4
1072 144291 432873 3318693 3
1073 88617 354468 3012978 5
1074 50018 600216 2700972 1
1075 1616 3232 51712 1
1076 135793 814758 950551 5
1077 26264 52528 1549576 1
1078 71245 284980 712450 3
1079 14561 349464 626123 3
1080 89361 357444 4914855 5
1081 66111 594999 3239439 4
1082 117797 942376 3887301 4
1083 111729 446916 1564206 5
1084 174985 1399880 11024055 1
1085 103866 415464 2285052 4
1086 142357 2277712 2847140 5
1087 74592 1044288 2909088 1
1088 69290 1662960 2286570 4
1089 99828 1197936 3194496 4
1090 179889 719556 8274894 5
1091 127866 3068784 3835980 5
1092 28811 230488 1382928 5
1093 111236 1668540 7564048 5
1094 123623 123623 3337821 4
1095 117234 1758510 5392764 5
1096 171798 2061576 8589900 3
1097 27061 405915 595342 3
1098 128332 513328 2823304 3
1099 94335 377340 3584730 4
1100 7815 15630 195375 5
1101 2857 42855 159992 4
1102 90881 2726430 4362288 5
1103 122831 614155 3930592 5
1104 158060 1264480 7428820 5
1105 20360 81440 407200 5
1106 43704 0 1922976 3
1107 114435 1716525 2860875 4
1108 107487 1934766 5159376 3
1109 203044 2842616 6903496 3
1110 88609 1063308 3810187 5
1111 147440 2653920 6339920 1
1112 24131 0 965240 4
1113 84620 676960 2115500 2
1114 171454 1543086 11315964 2
1115 166117 996702 10299254 2
1116 108105 3243150 8864610 2
1117 167959 3527139 12932843 4
1118 180364 721456 9559292 1
1119 127326 3183150 3947106 5
1120 182193 1093158 4008246 5
1121 185194 370388 925970 1
1122 145663 1747956 2913260 3
1123 7114 14228 120938 5
1124 132874 797244 5979330 2
1125 69754 209262 3906224 1
1126 134431 806586 2150896 1
1127 27181 135905 1603679 1
1128 114927 229854 689562 1
1129 142104 2557872 2699976 4
1130 137103 548412 2330751 3
1131 156289 3750936 9064762 3
1132 56662 679944 1303226 5
1133 111485 668910 1895245 2
1134 40572 81144 892584 4
1135 96105 1345470 3267570 1
1136 168742 6749680 12655650 5
1137 30363 455445 1093068 3
1138 111344 668064 6012576 3
1139 158946 2225244 4768380 5
1140 64976 389856 2469088 1
1141 73334 1100010 1686682 2
1142 140027 5881134 10361998 2
1143 95481 477405 954810 1
1144 64039 960585 3009833 4
1145 130979 785874 5108181 4
1146 132441 3178584 8608665 3
1147 36554 548310 1571822 1
1148 56124 112248 3367440 5
1149 13132 196980 656600 5
1150 91188 364752 1003068 4
1151 41566 872886 2577092 2
1152 129809 4153888 5581787 5
1153 139690 558760 6425740 1
1154 17181 137448 1082403 2
1155 4734 47340 127818 1
1156 104148 3645180 8331840 5
1157 66954 535632 937356 4
1158 18453 387513 572043 5
1159 19840 595200 1111040 3
1160 186472 1491776 3170024 4
1161 126297 3031128 5430771 1
1162 206283 8663886 18978036 4
1163 202000 8080000 16362000 5
1164 133826 4282432 8966342 2
1165 18896 396816 1133760 3
1166 45909 183636 2065905 2
1167 965 7720 23160 1
1168 138323 1106584 4702982 2
1169 76364 687276 4123656 1
1170 123675 1236750 8162550 5
1171 204262 5719336 17362270 5
1172 183567 7342680 10463319 5
1173 48091 288546 2067913 1
1174 150901 1207208 2414416 5
1175 39283 471396 1021358 4
1176 31608 252864 284472 2
1177 160328 0 8016400 1
1178 13442 107536 900614 4
1179 65383 326915 1961490 5
1180 144942 1159536 3623550 5
1181 60349 1086282 3379544 3
1182 122026 732156 3538754 2
1183 195241 1561928 8785845 5
1184 173201 3464020 10738462 3
1185 20947 83788 1173032 4
1186 194516 0 1167096 4
1187 101154 1213848 6069240 2
1188 101558 0 914022 1
1189 40354 322832 2017700 1
1190 59567 714804 2382680 1
1191 95388 1907760 4864788 5
1192 52607 105214 526070 4
1193 46654 746464 2426008 4
1194 57786 0 1675794 4
1195 149485 2989700 5381460 1
1196 144601 433803 5639439 4
1197 100027 800216 2000540 3
1198 194965 1559720 7798600 5
1199 46993 1315804 3007552 3
1200 143048 858288 5149728 3
1201 17193 68772 859650 1
1202 171767 2748272 7214214 4
1203 87005 0 1305075 1
1204 185044 740176 7771848 5
1205 186404 2236848 10438624 2
1206 47650 667100 3192550 4
1207 192017 1536136 6912612 2
1208 164692 988152 8234600 1
1209 92120 1842400 2671480 4
1210 144369 4331070 5052915 1
1211 153884 0 5232056 3
1212 7481 89772 448860 4
1213 107640 1722240 2583360 4
1214 29068 465088 1482468 1
1215 13364 26728 400920 4
1216 124994 6124706 9999520 4
1217 199026 995130 1791234 5
1218 99876 599256 1098636 1
1219 150297 1352673 7815444 5
1220 5216 36512 161696 5
1221 157353 2360295 6451473 3
1222 181632 5085696 8718336 2
1223 38319 153276 1609398 5
1224 182976 548928 3293568 4
1225 53383 320298 2882682 4
1226 8366 33464 409934 5
1227 68196 136392 1159332 5
1228 194119 1358833 6988284 3
1229 198517 6352544 13499156 1
1230 39385 472620 984625 5
1231 140341 1684092 8560801 1
1232 19183 115098 498758 5
1233 92450 2588600 5824350 3
1234 186307 2980912 10246885 1
1235 159284 318568 9557040 2
1236 196709 3147344 9048614 2
1237 3806 121792 277838 5
1238 167016 1336128 4008384 1
1239 143554 5024390 13350522 5
1240 110214 881712 5731128 1
1241 171250 685000 7021250 1
1242 47438 284628 1612892 3
1243 187600 2251200 12194000 2
1244 136867 1642404 6569616 5
1245 49845 49845 299070 1
1246 40151 1003775 1485587 4
1247 194142 194142 4659408 2
1248 102556 6461028 8512148 5
1249 42954 85908 987942 4
1250 28860 346320 1298700 3
1251 154170 3700080 9866880 3
1252 153966 1539660 3849150 2
1253 161070 644280 8536710 4
1254 446 11150 33450 3
1255 26967 485406 1644987 2
1256 92602 1111224 4815304 5
1257 110811 1662165 5429739 1
1258 104097 2602425 4059783 3
1259 47613 285678 1904520 4
1260 85023 1020276 2975805 1
1261 120332 481328 1684648 5
1262 1765 26475 123550 2
1263 45342 408078 2267100 3
1264 23971 143826 1270463 3
1265 153704 1844448 9375944 5
1266 112975 0 112975 4
1267 122706 1963296 3803886 3
1268 63198 379188 1453554 3
1269 107519 215038 5698507 1
1270 58707 1643796 4285611 3
1271 47721 190884 1717956 1
1272 131814 790884 6458886 3
1273 51921 155763 1401867 3
1274 172573 4314325 9664088 3
1275 126524 2657004 5187484 1
1276 58874 1412976 2060590 5
1277 185080 3886680 9624160 3
1278 139302 1950228 7104402 1
1279 93346 373384 4573954 3
1280 98492 0 5712536 3
1281 67812 406872 4000908 2
1282 151192 302384 5442912 1
1283 198946 2984190 9549408 1
1284 54858 1316592 3730344 3
1285 106957 962613 5882635 3
1286 119823 1677522 5272212 2
1287 81723 1307568 2942028 3
1288 149287 895722 3881462 2
1289 55184 220736 1931440 5
1290 172409 2068908 8275632 1
1291 159986 2399790 4319622 1
1292 49009 2352432 4998918 5
1293 151204 604816 3326488 2
1294 83762 502572 3182956 4
1295 72795 582360 4440495 3
1296 28639 429585 1746979 5
1297 194320 3886400 14962640 1
1298 127500 382500 2167500 4
1299 62575 1126350 2815875 4
1300 172443 4828404 11381238 4
1301 66562 266248 3794034 2
1302 54334 108668 1901690 4
1303 63077 252308 3216927 4
1304 158812 5717232 13181396 5
1305 7860 23580 227940 3
1306 139527 976689 8511147 2
1307 34518 0 448734 3
1308 97263 1361682 4376835 5
1309 193746 4068666 9299808 5
1310 80090 400450 3844320 1
1311 73215 732150 1171440 4
1312 79175 950100 1108450 5
1313 67346 673460 2222418 2
1314 101905 0 3159055 4
1315 63 756 1071 3
1316 54791 438328 3451833 3
1317 167078 2004936 4344028 5
1318 43993 131979 219965 5
1319 8919 214056 437031 1
1320 103484 1552260 6622976 5
1321 202424 1214544 6679992 2
1322 114581 2291620 8364413 4
1323 141006 2115090 7896336 4
1324 50623 607476 1468067 4
1325 130454 1565448 6914062 4
1326 9829 550424 619227 2
1327 129403 1552836 2458657 5
1328 204905 4917720 5122625 1
1329 182824 2559536 4387776 4
1330 140756 2533608 10415944 5
1331 111484 1337808 4459360 5
1332 5050 151500 449450 4
1333 115291 691746 5879841 3
1334 27238 326856 517522 3
1335 46690 1307320 1494080 4
1336 112676 1690140 8338024 5
1337 60529 363174 3208037 5
1338 198494 2778916 13894580 3
1339 174628 1047768 4365700 1
1340 94933 569598 1993593 1
1341 98354 590124 5507824 4
1342 64643 1163574 4912868 4
1343 52257 156771 2194794 4
1344 10980 0 527040 4
1345 97341 1557456 2822889 5
1346 98351 3934040 8851590 1
1347 65149 521192 2605960 5
1348 64087 0 64087 3
1349 171807 5154210 5669631 4
1350 124579 747474 4235686 2
1351 63220 126440 2275920 4
1352 121756 487024 730536 2
1353 158006 790030 9322354 5
1354 35526 213156 2167086 2
1355 31869 318690 1784664 1
1356 171526 514578 1886786 4
1357 69195 484365 761145 2
1358 140694 0 7738170 4
1359 117296 469184 1642144 5
1360 140198 1121584 9253068 3
1361 156485 2347275 5946430 2
1362 31141 186846 498256 4
1363 165858 7961184 10283196 4
1364 147264 2945280 4565184 1
1365 137909 551636 7584995 5
1366 81779 1635580 5969867 3
1367 204987 409974 6149610 2
1368 120657 2171826 8084019 2
1369 114010 1368120 3534310 3
1370 185475 556425 741900 3
1371 186851 3737020 7474040 2
1372 62322 1495728 2243592 5
1373 7273 58184 392742 4
1374 40629 568806 2193966 5
1375 32547 195282 455658 4
1376 140953 2819060 8457180 5
1377 177209 708836 2303717 1
1378 42643 255858 2132150 5
1379 170433 681732 10225980 2
1380 83492 250476 4508568 2
1381 187479 2999664 5249412 2
1382 155393 3729432 10877510 2
1383 138520 1939280 6510440 4
1384 139704 2794080 9220464 5
1385 61582 1108476 2032206 3
1386 74362 594896 2156498 4
1387 172010 1720100 3268190 5
1388 110000 3520000 8910000 5
1389 160685 6427400 13818910 1
1390 39519 553266 1067013 4
1391 178225 891125 7129000 4
1392 39180 195900 1018680 5
1393 153279 1226232 9196740 5
1394 196847 3936940 15157219 1
1395 120063 360189 5402835 3
1396 143287 859722 8310646 3
1397 177565 2130780 10121205 1
1398 587 14088 36394 1
1399 39707 1111796 2025057 4
1400 21673 130038 845247 4
1401 55851 670212 726063 5
1402 21506 129036 946264 3
1403 66157 3175536 3969420 1
1404 77317 2164876 6726579 4
1405 194264 388528 5827920 1
1406 94202 1884040 2543454 1
1407 120776 3864832 6763456 2
1408 143499 3587475 10044930 1
1409 63157 1515768 3284164 4
1410 105082 1681312 2627050 3
1411 187721 0 1877210 2
1412 167424 334848 4018176 4
1413 166853 2002236 8008944 2
1414 125555 3138875 9918845 4
1415 29827 894810 924637 1
1416 168574 337148 6574386 1
1417 62286 996576 1183434 4
1418 174109 1741090 5397379 4
1419 82502 165004 4950120 5
1420 56220 112440 2923440 3
1421 172875 1555875 6742125 5
1422 20765 311475 1142075 3
1423 109800 988200 2415600 2
1424 43195 647925 1684605 5
1425 123178 739068 7267502 1
1426 148768 2082752 2826592 1
1427 170557 4093368 7163394 5
1428 167242 1505178 11205214 1
1429 79228 713052 1901472 3
1430 72705 1163280 5234760 4
1431 106393 2127860 2340646 5
1432 107500 2580000 6235000 5
1433 86128 861280 2497712 5
1434 4533 108792 172254 5
1435 163547 3434487 9976367 4
1436 64623 1550952 1680198 4
1437 111823 670938 1789168 1
1438 88351 265053 441755 5
1439 25808 258080 412928 1
1440 149643 3591432 8230365 1
1441 196303 1963030 10992968 4
1442 198672 596016 6158832 2
1443 203723 814892 4685629 4
1444 168657 3541797 6746280 4
1445 61391 368346 1166429 1
1446 204526 1840734 12476086 2
1447 69147 2212704 3733938 3
1448 176862 2652930 12026616 2
1449 102183 1634928 6744078 3
1450 177182 531546 9745010 1
1451 4908 117792 373008 1
1452 174685 1048110 8384880 1
1453 67754 609786 2303636 4
1454 176782 1237474 8308754 1
1455 204010 3264160 8160400 4
1456 28192 338304 1888864 5
1457 109953 1539342 3298590 4
1458 60416 181248 422912 5
1459 83329 416645 4333108 4
1460 141379 1131032 6503434 3
1461 49605 396840 2678670 1
1462 201756 4842144 14929944 1
1463 194036 6791260 16299024 2
1464 83261 0 2497830 4
1465 94458 1133496 6517602 1
1466 41124 123372 2549688 3
1467 13470 202050 794730 5
1468 149554 747770 5234390 1
1469 27978 139890 503604 5
1470 146604 0 6890388 4
1471 108885 871080 6859755 4
1472 85920 1804320 2062080 2
1473 100232 400928 1102552 3
1474 172831 1036986 10888353 5
1475 160181 961086 2082353 2
1476 144508 1300572 8092448 5
1477 139115 1669380 2364955 2
1478 169411 2541165 3218809 2
1479 130097 390291 4813589 5
1480 33884 135536 1761968 1
1481 137578 1650936 7016478 1
1482 29124 232992 262116 3
1483 100199 2104179 4308557 5
1484 156857 2352855 8627135 3
1485 178842 2503788 11803572 5
1486 12040 385280 614040 4
1487 168758 5062740 9450448 1
1488 154109 462327 3544507 1
1489 84648 846480 1354368 3
1490 180734 1626606 10844040 5
1491 33038 528608 2444812 4
1492 71584 357920 2219104 1
1493 45299 362392 1494867 1
1494 12242 391744 783488 4
1495 7518 105252 488670 2
1496 116230 697380 5346580 5
1497 90572 1268008 6521184 3
1498 50419 1411732 2722626 5
1499 25219 226971 1639235 3
1500 131581 526324 3684268 4
1501 103158 928422 4848426 3
1502 55581 444648 2945793 4
1503 187470 749880 6748920 2
1504 61759 741108 3829058 1
1505 56969 170907 2164822 1
1506 118758 2850192 6294174 4
1507 48715 730725 2289605 2
1508 135353 406059 5549473 5
1509 63951 511608 1342971 2
1510 83196 1247940 5990112 4
1511 143051 4291530 9441366 5
1512 39946 798920 2636436 4
1513 167217 836085 4347642 5
1514 198103 5943090 10103253 5
1515 98940 791520 3759720 5
1516 89613 2150712 3584520 1
1517 156154 1873848 5309236 5
1518 116232 581160 5462904 3
1519 76544 306176 3214848 5
1520 42694 341552 555022 5
1521 4609 55308 216623 4
1522 163442 1634420 8335542 2
1523 110968 2330328 4216784 1
1524 105650 950850 5388150 4
1525 74334 74334 4311372 1
1526 178914 2146968 5188506 5
1527 140348 280696 8561228 3
1528 103837 2180577 3218947 4
1529 10309 41236 92781 4
1530 203814 1630512 7133490 2
1531 122501 4287535 10780088 3
1532 66216 0 1125672 3
1533 144361 3464664 4475191 1
1534 23349 233490 770517 1
1535 86341 1036092 2503889 1
1536 71539 2003092 2217709 2
1537 105055 2941540 3151650 2
1538 35744 0 750624 3
1539 129667 0 129667 1
1540 173356 1040136 7974376 4
1541 128502 1028016 3855060 2
1542 200571 200571 4011420 3
1543 155441 621764 2797938 1
1544 9012 144192 531708 2
1545 75798 606384 3107718 2
1546 197502 3950040 6320064 1
1547 63540 190620 508320 1
1548 79635 477810 1911240 3
1549 100227 2405448 5312031 1
1550 198815 1988150 9344305 1
1551 48120 481200 2550360 1
1552 58814 352884 2470188 4
1553 179520 2154240 6821760 2
1554 29979 0 1618866 5
1555 93335 186670 4386745 5
1556 140287 2244592 2525166 2
1557 105219 1683504 6734016 4
1558 5751 115020 431325 3
1559 188574 0 5657220 4
1560 161432 3874368 8878760 4
1561 125024 1000192 3500672 5
1562 48699 438291 1558368 1
1563 128582 4114624 7072010 1
1564 114264 114264 5827464 1
1565 152269 1827228 8070257 3
1566 120472 963776 2168496 3
1567 78108 937296 4530264 4
1568 180535 902675 2527490 2
1569 19473 292095 311568 3
1570 164767 1977204 8073583 4
1571 155563 6533646 15711863 1
1572 25391 304692 1066422 4
1573 110936 3549952 6545224 1
1574 158598 3806352 5392332 2
1575 167606 1005636 10391572 1
1576 174908 2623620 9095216 4
1577 46202 277212 2032888 3
1578 104310 938790 3233610 5
1579 127121 3050904 10423922 3
1580 76631 306524 3525026 3
1581 9263 0 37052 5
1582 128080 0 6404000 3
1583 154415 2161810 9110485 5
1584 180316 2524424 7032324 4
1585 130594 914158 1567128 1
1586 56939 1024902 1138780 3
1587 196158 1569264 12554112 2
1588 188650 754600 6414100 2
1589 189302 2839530 13251140 1
1590 108217 1731472 5735501 2
1591 9743 467664 526122 3
1592 204848 819392 9218160 2
1593 106729 106729 2668225 2
1594 199045 0 3781855 3
1595 150257 751285 4056939 3
1596 125849 3775470 9942071 4
1597 40578 973872 2434680 1
1598 144919 1739028 4202651 3
1599 71899 1509879 1725576 4
1600 22501 787535 1777579 1
1601 68063 1089008 3403150 2
1602 164220 656880 3612840 1
1603 155896 0 5300464 2
1604 91351 182702 1096212 2
1605 133086 4658010 8650590 5
1606 44082 528984 1763280 3
1607 131629 789774 3290725 3
1608 122222 2444440 9411094 3
1609 177609 710436 6749142 1
1610 150529 7225392 15353958 5
1611 43485 347880 1608945 3
1612 175048 175048 6826872 5
1613 32253 483795 1483638 3
1614 28145 394030 1069510 2
1615 197586 2963790 9484128 3
1616 18933 227196 605856 2
1617 138205 2902305 5942815 4
1618 54116 541160 1785828 5
1619 161406 3389526 11137014 1
1620 140895 2254320 7890120 3
1621 203537 814148 11194535 2
1622 168252 5888820 15142680 3
1623 114282 1714230 3314178 2
1624 41264 0 1980672 3
1625 194507 1556056 8363801 4
1626 94716 378864 3220344 2
1627 74035 1332630 5478590 4
1628 69990 139980 3009570 3
1629 158329 633316 3008251 4
1630 26659 426544 1786153 5
1631 81214 649712 2761276 1
1632 79718 558026 3667028 5
1633 183345 2750175 9167250 2
1634 61828 0 556452 5
1635 105773 634638 4442466 4
1636 16728 117096 184008 5
1637 117849 1885584 3064074 1
1638 180318 1442544 7933992 2
1639 204428 5110700 13492248 3
1640 94280 2357000 7542400 5
1641 56425 451400 2257000 1
1642 92767 3246845 6679224 4
1643 162255 486765 4867650 2
1644 124095 1861425 2605995 2
1645 187098 1309686 2993568 2
1646 112222 224444 1234442 4
1647 42151 1180228 2739815 4
1648 45060 675900 2838780 3
1649 168956 5068680 14023348 2
1650 64742 323710 712162 3
1651 96825 290475 4744425 5
1652 83177 1663540 2828018 2
1653 202751 4257771 7907289 5
1654 36037 360370 972999 3
1655 167204 4681712 5517732 1
1656 29764 476224 625044 1
1657 115730 4050550 5555040 1
1658 194285 1165710 4857125 4
1659 9566 57396 411338 5
1660 185856 1300992 7620096 4
1661 4956 19824 297360 2
1662 196188 2746632 7455144 5
1663 24946 149676 698488 1
1664 137056 3426400 5482240 2
1665 1336 0 32064 1
1666 160260 1923120 2083380 1
1667 165537 662148 1986444 3
1668 174078 1044468 9748368 5
1669 6682 106912 126958 4
1670 181634 544902 10353138 4
1671 162907 7819536 11729304 5
1672 23278 465560 1070788 4
1673 137520 2062800 6325920 1
1674 163830 655320 819150 2
1675 187785 6760260 8074755 1
1676 89766 269298 2782746 4
1677 48574 0 2282978 5
1678 33652 336520 1615296 3
1679 104557 3345824 7946332 5
1680 99347 993470 5166044 5
1681 109026 1308312 3379806 1
1682 118380 0 5445480 5
1683 195622 1956220 3521196 5
1684 185189 2222268 12222474 5
1685 152157 6390594 7607850 3
1686 178022 5340660 12105496 3
1687 80049 320196 3922401 2
1688 200225 4004500 12413950 2
1689 110707 4649694 10406458 5
1690 201800 0 2018000 1
1691 4644 41796 92880 3
1692 6064 42448 109152 2
1693 16009 240135 480270 3
1694 121905 365715 5973345 2
1695 17669 265035 848112 2
1696 7370 29480 287430 5
1697 56723 850845 4084056 5
1698 35397 176985 1309689 1
1699 96113 2306712 5190102 2
1700 145241 0 1161928 5
1701 60452 1450848 4292092 5
1702 6277 150648 219695 2
1703 35934 1006152 1724832 2
1704 103178 3095340 7325638 4
1705 20998 503952 1427864 5
1706 62662 313310 1002592 4
1707 53298 532980 906066 5
1708 195029 1170174 8386247 5
1709 18643 298288 1323653 5
1710 44754 134262 2774748 4
1711 70950 851400 1702800 5
1712 141788 2268608 3686488 5
1713 12008 168112 756504 4
1714 53299 532990 1652269 1
1715 71831 718310 861972 4
1716 152537 1830444 5948943 3
1717 98873 1384222 5042523 2
1718 42141 758538 2317755 1
1719 181542 3812382 5264718 4
1720 73884 2216520 3324780 2
1721 58693 586930 1643404 4
1722 174083 1218581 5744739 4
1723 108607 434428 4344280 1
1724 61073 305365 3481161 1
1725 187066 935330 3928386 1
1726 21995 439900 1121745 4
1727 182450 2189400 8575150 2
1728 8183 196392 458248 5
1729 77464 2323920 2633776 1
1730 19536 234432 371184 3
1731 174491 872455 9771496 2
1732 84444 844440 4728864 4
1733 75663 1588923 2875194 5
1734 25049 100196 1027009 1
1735 204411 2452932 11038194 2
1736 106817 747719 1174987 4
1737 138196 552784 3731292 1
1738 105429 1265148 5166021 5
1739 15748 377952 677164 3
1740 49772 149316 696808 3
1741 178289 3744069 3922358 2
1742 13750 165000 453750 5
1743 201558 2821812 3023370 2
1744 16850 202200 640300 5
1745 151690 2275350 5764220 4
1746 122597 3677910 6742835 3
1747 9792 29376 274176 1
1748 197737 2966055 3757003 2
1749 17679 176790 1043061 3
1750 77792 1867008 2333760 2
1751 12375 61875 717750 3
1752 150113 2702034 8256215 2
1753 159742 4792260 9105294 1
1754 147934 739670 6213228 1
1755 55110 165330 3251490 5
1756 179217 5734944 12365973 5
1757 148495 445485 7721740 5
1758 132123 396369 4756428 2
1759 57634 1383216 1613752 5
1760 80149 1923576 2164023 3
1761 138497 3323928 5539880 4
1762 163833 4587324 6061821 2
1763 1676 70392 144136 5
1764 52632 210528 1473696 3
1765 5643 158004 428868 3
1766 71031 142062 3054333 1
1767 137824 2205184 10336800 5
1768 61372 0 2700368 4
1769 102321 716247 2455704 2
1770 154881 3097620 5420835 3
1771 152004 1824048 6232164 3
1772 152098 3041960 11863644 2
1773 160175 1121225 7688400 2
1774 63521 2032672 5653369 3
1775 87562 875620 3765166 3
1776 146081 876486 6427564 1
1777 33374 66748 634106 3
1778 557 4456 32306 2
1779 93416 2802480 7846944 1
1780 7015 70150 210450 3
1781 147926 1035482 2514742 1
1782 120115 720690 6125865 3
1783 54205 1517740 1951380 1
1784 159795 1917540 10866060 3
1785 190494 1523952 1714446 2
1786 54769 164307 438152 4
1787 53339 320034 586729 1
1788 155669 2802042 9028802 4
1789 188898 377796 8689308 2
1790 196543 1179258 9237521 1
1791 32485 779640 2598800 4
1792 34849 104547 801527 3
1793 126361 2274498 2653581 5
1794 103969 2079380 2911132 5
1795 38854 699372 1826138 1
1796 174178 1393424 5399518 4
1797 200602 200602 8625886 3
1798 183859 1470872 6251206 4
1799 123929 123929 371787 5
1800 26288 315456 1025232 2
1801 76413 1375434 2292390 2
1802 105974 2543376 3497142 1
1803 142517 3420408 7838435 3
1804 149188 745940 7757776 5
1805 1375 4125 37125 5
1806 65042 1365882 1951260 3
1807 63093 252372 1829697 5
1808 147855 3548520 6801330 5
1809 180630 541890 3793230 2
1810 139745 419235 2934645 1
1811 37258 223548 1304030 3
1812 14421 43263 432630 4
1813 27441 493938 603702 2
1814 85519 513114 2223494 1
1815 163972 1639720 2295608 4
1816 97667 3418345 4981017 1
1817 34179 1025370 1401339 1
1818 4201 21005 63015 1
1819 180103 720412 1260721 4
1820 69197 415182 1799122 1
1821 131004 3668112 10087308 3
1822 158136 3795264 5218488 2
1823 136010 1632120 5168380 2
1824 110513 1547182 3425903 3
1825 51198 819168 2508702 3
1826 163008 1304064 6031296 2
1827 110516 1547224 8067668 1
1828 51276 820416 3076560 5
1829 76422 1604862 2827614 4
1830 105385 1264620 2634625 4
1831 638 1914 33814 1
1832 54779 1752928 3396298 2
1833 56113 1122260 4264588 2
1834 128174 512696 1281740 2
1835 188999 5291972 10205946 2
1836 125689 0 3770670 4
1837 162413 974478 9744780 2
1838 2270 47670 65830 4
1839 136419 1909866 4228989 2
1840 174911 2448754 4372775 4
1841 116609 466436 5713841 3
1842 198225 4162725 5352075 3
1843 192088 4610112 12485720 2
1844 61157 489256 2018181 4
1845 189544 1895440 5496776 4
1846 183813 2757195 3124821 3
1847 165599 2649584 6955158 3
1848 26703 427248 507357 5
1849 127582 1020656 4975698 1
1850 1078 6468 64680 2
1851 131893 791358 2505967 1
1852 141049 0 987343 1
1853 118047 1770705 1888752 2
1854 201732 1210392 4034640 3
1855 26991 404865 863712 3
1856 16228 146052 1038592 4
1857 31709 317090 475635 1
1858 34287 205722 1782924 5
1859 131122 786732 6949466 2
1860 178882 1788820 6081988 3
1861 175411 0 4736097 1
1862 70431 1760775 4648446 3
1863 154670 2784060 11445580 2
1864 69360 1040400 4300320 3
1865 153511 2149154 3070220 1
1866 85230 1022760 1107990 3
1867 56091 336546 2468004 1
1868 84339 1771119 4048272 3
1869 178304 2139648 4635904 3
1870 43092 344736 689472 4
1871 212 6360 9328 4
1872 131216 524864 6298368 2
1873 204503 1636024 4499066 3
1874 77670 0 3339810 3
1875 28867 115468 230936 3
1876 187110 2993760 11413710 2
1877 30878 741072 988096 5
1878 25119 251190 1582497 5
1879 132760 1062080 5575920 2
1880 103325 826600 6199500 3
1881 202959 4059180 10147950 3
1882 196341 1178046 1767069 3
1883 100986 1413804 6564090 5
1884 186333 2981328 8012319 1
1885 189764 1518112 4933864 2
1886 101532 710724 1827576 4
1887 48091 1009911 3462552 2
1888 53532 160596 695916 2
1889 14955 717840 1301085 1
1890 3402 85050 112266 3
1891 110090 2201800 8587020 3
1892 92970 185940 2510190 3
1893 19538 195380 253994 1
1894 200735 802940 5018375 3
1895 168240 4710720 13963920 3
1896 104934 1469076 3462822 3
1897 191240 6693400 17785320 1
1898 43491 391419 2478987 1
1899 156903 3765672 5648508 5
1900 206064 3297024 11539584 5
1901 181931 3274758 5094068 2
1902 64215 899010 1669590 5
1903 83729 1004748 2679328 3
1904 199588 1596704 7983520 3
1905 124085 744510 5459740 5
1906 115283 115283 3689056 5
1907 133519 534076 4406127 3
1908 38523 770460 1502397 4
1909 151273 453819 6353466 4
1910 153477 767385 8594712 2
1911 24402 390432 1098090 3
1912 62809 376854 2261124 1
1913 2168 30352 69376 4
1914 151646 2123044 8492176 4
1915 99029 594174 4258247 4
1916 71316 855792 1711584 5
1917 191706 3067296 10543830 5
1918 50901 203604 661713 2
1919 39854 597810 916642 3
1920 49204 1476120 3837912 3
1921 46633 1492256 2844613 5
1922 163933 655732 8196650 5
1923 9192 55152 422832 2
1924 79429 397145 1668009 3
1925 8133 97596 536778 3
1926 194830 2727620 13443270 3
1927 130882 4188224 10732324 4
1928 43625 916125 2704750 4
1929 175959 1055754 4223016 5
1930 86249 258747 4829944 1
1931 43749 262494 612486 5
1932 60455 2176380 4957310 3
1933 123745 2227410 5197290 3
1934 130954 1964310 7333424 3
1935 150801 0 8746458 5
1936 173606 2083272 10763572 2
1937 16885 202620 439010 3
1938 47955 2014110 2157975 5
1939 32415 162075 194490 5
1940 19686 39372 492150 1
1941 93814 938140 6097910 3
1942 149275 3731875 12539100 2
1943 118638 1423656 5101434 5
1944 43215 86430 1123590 4
1945 24023 144138 1441380 1
1946 154192 462576 2158688 4
1947 171599 1029594 3775178 2
1948 197502 1975020 7505076 2
1949 10813 32439 356829 4
1950 105154 1682464 5152546 4
1951 200179 1601432 7206444 5
1952 54002 432016 702026 1
1953 157960 0 1263680 1
1954 24409 0 1122814 5
1955 175434 1052604 6140190 1
1956 37593 225558 2255580 4
1957 143900 863400 8346200 3
1958 82875 1243125 4641000 5
1959 61224 428568 4040784 4
1960 174509 3664689 11692103 2
1961 176865 707460 9550710 5
1962 63899 1277980 3833940 3
1963 93427 560562 4204215 5
1964 53264 1597920 1651184 2
1965 183756 1102536 9555312 2
1966 89773 2513644 6912521 4
1967 182469 0 7116291 1
1968 171028 342056 10261680 1
1969 130075 2341350 3642100 3
1970 82406 2060150 2307368 1
1971 190854 8015868 12978072 4
1972 80615 3224600 6771660 5
1973 196665 589995 1376655 5
1974 163028 652112 8640484 5
1975 39045 312360 1405620 5
1976 67109 201327 402654 2
1977 26299 52598 815269 1
1978 22239 66717 978516 1
1979 70811 1062165 1274598 5
1980 180498 5775936 16425318 4
1981 69541 1738525 1877607 5
1982 165859 995154 8624668 2
1983 191858 2302296 3261586 4
1984 121445 1457340 4007685 1
1985 63879 383274 958185 5
1986 121030 1089270 2783690 4
1987 64153 1347213 1988743 2
1988 115279 2075022 7493135 4
1989 63708 637080 2229780 1
1990 107743 2154860 3016804 4
1991 108398 541990 6287084 4
1992 83977 1763517 4282827 2
1993 47323 993783 2508119 1
1994 87219 1221066 3750417 2
1995 90725 362900 5352775 5
1996 129444 4530540 7766640 3
1997 162209 0 7137196 4
1998 73091 0 3800732 2
1999 170565 1023390 5969775 1
2000 30360 303600 485760 5
2001 121851 2558871 5117742 3
2002 133749 3209976 8024940 1
2003 167684 5868940 13079352 3
2004 181609 2724135 11622976 1
2005 158427 3802248 7446069 5
2006 136661 1639932 6833050 5
2007 14149 254682 1032877 5
2008 189176 1513408 6999512 5
2009 107290 643740 1931220 1
2010 97505 2730140 3412675 2
2011 72447 869364 4201926 3
2012 205990 411980 5767720 3
2013 64346 257384 965190 5
2014 80098 4485488 5767056 4
2015 96362 578172 1830878 2
2016 197788 1582304 7515944 1
2017 92241 1106892 6364629 2
2018 175558 7022320 11060154 1
2019 196835 1771515 3739865 2
2020 90904 727232 3908872 5
2021 4214 63210 181202 3
2022 106987 1283844 3637558 2
2023 102245 1226940 4703270 3
2024 70679 565432 4382098 1
2025 19901 318416 1373169 2
2026 40778 1223340 2772904 4
2027 35447 319023 744387 2
2028 21688 216880 759080 5
2029 81204 1948896 5359464 3
2030 201838 4036760 15137850 2
2031 34132 1433544 2320976 1
2032 97620 1171440 3221460 2
2033 2391 9564 66948 2
2034 68045 0 1020675 4
2035 93671 3746840 4308866 3
2036 64350 386100 3217500 4
2037 23452 281424 469040 4
2038 184262 2211144 3685240 2
2039 12526 75156 801664 2
2040 160405 481215 8982680 5
2041 135957 2447226 4758495 2
2042 61924 743088 3963136 1
2043 48677 2336496 3261359 3
2044 15565 373560 1260765 5
2045 111324 1781184 2894424 1
2046 6513 39078 162825 3
2047 95097 760776 950970 2
2048 83280 2664960 6579120 2
2049 71031 1065465 4545984 1
2050 34355 137420 1992590 5
2051 141828 0 1134624 4
2052 152206 1826472 4566180 5
2053 55814 893024 1004652 5
2054 154315 3703560 4629450 2
2055 64904 519232 1427888 4
2056 144369 3464856 9383985 3
2057 171500 857500 4802000 4
2058 64211 1284220 1862119 4
2059 65216 782592 2608640 2
2060 46265 46265 2775900 4
2061 148784 446352 6695280 3
2062 180015 1800150 7380615 2
2063 19597 293955 411537 2
2064 72431 869172 4852877 4
2065 194011 3104176 10864616 2
2066 88432 3183552 3360416 5
2067 10989 219780 714285 3
2068 61006 1708168 2501246 4
2069 159087 5090784 9227046 2
2070 7570 45420 363360 5
2071 128180 4486300 6665360 4
2072 118717 356151 5342265 5
2073 40645 406450 1219350 5
2074 199819 3197104 3996380 2
2075 81514 2037850 2934504 4
2076 54312 325872 1900920 3
2077 10934 306152 776314 4
2078 28646 85938 171876 1
2079 8373 150714 636348 5
2080 133947 4286304 8438661 1
2081 37723 150892 1659812 2
2082 136385 3409625 10638030 2
2083 81592 2610944 3426864 3
2084 52452 419616 2150532 3
2085 29078 29078 930496 4
2086 141681 1700172 5667240 1
2087 101582 3047460 7923396 3
2088 116996 3509880 6434780 2
2089 149049 894294 1341441 5
2090 167782 3523422 5872370 2
2091 24944 1047648 1322032 5
2092 178726 3217068 10723560 4
2093 115499 461996 6236946 4
2094 129050 774300 3355300 5
2095 47802 478020 621426 1
2096 98546 394184 5518576 3
2097 185770 1300390 2786550 5
2098 34221 136884 958188 4
2099 21140 380520 634200 5
2100 120156 1201560 2403120 2
2101 125502 376506 2886546 4
2102 180044 720176 4501100 1
2103 23641 283692 1465742 5
2104 131058 1965870 3276450 5
2105 97659 2734452 5371245 3
2106 110354 993186 1544956 2
2107 196312 1177872 2355744 4
2108 145165 2903300 8419570 2
2109 12455 62275 697480 2
2110 114083 1825328 3080241 2
2111 82891 497346 4144550 2
2112 55189 2207560 4359931 5
2113 73165 1316970 1682795 5
2114 74315 222945 1263355 4
2115 12168 85176 693576 3
2116 206490 3097350 9498540 2
2117 19591 78364 293865 3
2118 31372 501952 1568600 5
2119 202518 3037770 13568706 1
2120 67570 675700 3513640 4
2121 199168 2390016 8962560 5
2122 73624 736240 2208720 2
2123 108166 1730656 8112450 3
2124 110227 1763632 4078399 3
2125 53712 0 913104 4
2126 41447 580258 1782221 1
2127 156970 941820 1098790 2
2128 51975 623700 1611225 3
2129 130419 1565028 3521313 1
2130 134614 0 3365350 3
2131 133322 266644 1066576 5
2132 24069 48138 914622 2
2133 14511 145110 536907 2
2134 184001 5888032 15272083 3
2135 177222 531666 8683878 3
2136 91621 1099452 3939703 3
2137 160735 6750870 13501740 4
2138 170478 681912 5114340 4
2139 167797 5369504 11074602 4
2140 11657 279768 617821 3
2141 92963 464815 3904446 2
2142 49518 3119634 4010958 5
2143 92641 1111692 6484870 2
2144 152925 764625 8563800 1
2145 10181 50905 580317 1
2146 117254 2110572 7856018 2
2147 2178 26136 71874 5
2148 140777 4223310 11543714 2
2149 43747 262482 1531145 2
2150 177268 1595412 7090720 1
2151 147281 5891240 10162389 4
2152 52069 208276 676897 1
2153 78154 312616 3204314 2
2154 167329 2007948 9203095 5
2155 13378 40134 588632 3
2156 130877 2094032 3664556 2
2157 4092 8184 175956 4
2158 96897 1937940 3585189 2
2159 160919 3379299 7241355 5
2160 170003 4080072 7820138 5
2161 29064 465024 610344 3
2162 72134 1442680 3101762 2
2163 187218 374436 10671426 5
2164 172266 2756256 3962118 5
2165 142960 428880 4145840 2
2166 180473 3248514 3970406 4
2167 29668 237344 1335060 3
2168 189943 569829 4368689 4
2169 197153 3548754 13997863 1
2170 152560 152560 2135840 5
2171 17413 34826 417912 4
2172 178598 1250186 8751302 2
2173 133153 798918 8654945 1
2174 91052 728416 6100484 4
2175 65259 1566216 1696734 2
2176 108714 2174280 4348560 1
2177 1977 15816 102804 3
2178 128151 1794114 4228983 2
2179 181026 2715390 8508222 3
2180 163412 163412 8497424 4
2181 112701 0 6536658 1
2182 91657 733256 2199768 5
2183 121939 1951024 3414292 1
2184 119797 2395940 8146196 1
2185 162721 2440815 4718909 4
2186 33857 406284 1151138 4
2187 143694 862164 8477946 5
2188 161291 2419365 5967767 4
2189 54185 0 1083700 2
2190 87769 2633070 6231599 5
2191 179805 2697075 10968105 2
2192 141689 3967292 7509517 1
2193 103046 206092 1133506 2
2194 24032 432576 889184 4
2195 55395 553950 3323700 2
2196 16874 404976 843700 1
2197 43213 691408 2549567 1
2198 170228 3064104 8851856 1
2199 23219 116095 232190 5
2200 58418 701016 2278302 2
2201 103576 621456 2796552 1
2202 117940 1651160 3538200 3
2203 101080 1212960 2830240 1
2204 37192 669456 2789400 5
2205 117077 2809848 8312467 3
2206 206396 825584 6604672 1
2207 75357 1205712 5501061 5
2208 192692 3083072 3661148 1
2209 189031 1512248 6048992 1
2210 186459 2983344 5034393 1
2211 160758 2893644 7073352 4
2212 159593 2234302 9894766 5
2213 43689 917469 3320364 2
2214 22760 546240 705560 4
2215 76470 764700 1682340 1
2216 125132 5255544 6757128 4
2217 100246 1603936 3308118 4
2218 165871 5971356 6137227 5
2219 147963 887778 3107223 2
2220 159599 6703158 12289123 3
2221 90778 1906338 4538900 5
2222 27025 216200 1351250 1
2223 139301 278602 7661555 2
2224 94520 3780800 8223240 1
2225 86177 1292655 2326779 5
2226 163469 817345 4250194 3
2227 58574 292870 2694404 5
2228 71256 2280192 5130432 4
2229 79530 636240 1192950 3
2230 104689 2617225 5234450 3
2231 184194 0 7367760 4
2232 97 2910 7566 1
2233 116462 232924 2445702 1
2234 43727 174908 306089 1
2235 29079 697896 1163160 4
2236 116676 233352 3733632 3
2237 93649 5244344 6555430 2
2238 93181 2236344 2795430 1
2239 105277 210554 2421371 2
2240 106973 641838 3102217 1
2241 158232 2531712 11392704 1
2242 71914 287656 3811442 4
2243 182413 729652 2553782 1
2244 19810 39620 59430 3
2245 147711 1181688 7090128 3
2246 110033 550165 3851155 3
2247 4737 9474 142110 4
2248 182735 2192820 6395725 4
2249 172005 8256240 15480450 4
2250 130540 1305400 3132960 3
2251 191378 12630948 23730872 4
2252 96180 2693040 6155520 3
2253 16433 525856 739485 5
2254 91774 2202576 5322892 3
2255 3378 135120 222948 5
2256 118689 474756 4510182 5
2257 54300 760200 2715000 2
2258 76799 921588 5145533 4
2259 154110 1232880 4623300 1
2260 107922 431688 3129738 4
2261 146378 731890 7318900 4
2262 30504 61008 1769232 3
2263 161013 483039 8855715 1
2264 120627 2895048 3980691 1
2265 14355 43065 760815 3
2266 20024 420504 440528 2
2267 127251 254502 1908765 5
2268 28135 168810 422025 2
2269 20557 287798 1027850 3
2270 108123 432492 4108674 4
2271 198090 1782810 6536970 2
2272 98313 983130 5702154 4
2273 203511 4884264 8547462 1
2274 140564 0 3935792 1
2275 35860 322740 1470260 2
2276 32773 65546 884871 5
2277 135838 4754330 5161844 2
2278 193357 1353499 11601420 5
2279 46059 138177 2809599 2
2280 147537 1770444 7671924 2
2281 201960 5654880 6260760 2
2282 79994 1919856 2079844 4
2283 136684 1230156 6424148 1
2284 87621 700968 4731534 3
2285 184995 369990 1109970 2
2286 124347 248694 3979104 4
2287 113229 905832 2717496 5
2288 53962 2158480 5342238 3
2289 77560 1861440 5506760 4
2290 193666 1161996 7552974 5
2291 196218 981090 1177308 4
2292 118792 950336 6652352 1
2293 110595 331785 4866180 2
2294 156666 1879992 4229982 2
2295 72921 3062682 4156497 1
2296 145655 1019585 6117510 5
2297 52623 210492 1947051 1
2298 105437 3163110 3373984 5
2299 205210 820840 6977140 3
2300 33115 198690 960335 4
2301 200882 803528 6227342 2
2302 178881 3756501 4114263 3
2303 2544 12720 96672 1
2304 172220 3616620 6027700 2
2305 16928 169280 1134176 5
2306 119820 359460 6590100 3
2307 169983 1019898 9519048 4
2308 44377 266262 976294 3
2309 143089 0 3004869 2
2310 4683 9366 131124 4
2311 201095 3016425 11462415 1
2312 160315 7855435 11863310 4
2313 194776 0 7985816 1
2314 178595 1428760 3571900 2
2315 191126 382252 6689410 5
2316 106993 1497902 1818881 1
2317 157518 3150360 4410504 2
2318 115515 924120 5198175 1
2319 174721 2795536 10133818 3
2320 169470 677880 847350 1
2321 162725 488175 8787150 3
2322 187010 1122060 10285550 2
2323 180110 360220 10806600 5
2324 10162 101620 264212 3
2325 144033 864198 1296297 4
2326 30143 180858 1024862 4
2327 85610 342440 1712200 3
2328 140459 0 3651934 5
2329 92779 1484464 2226696 5
2330 48489 1163736 2230494 1
2331 33090 0 562530 4
2332 199740 1398180 4993500 2
2333 57856 1851392 4281344 5
2334 3533 28264 151919 5
2335 142880 1285920 6000960 5
2336 33428 534848 1604544 3
2337 124505 2490100 6598765 4
2338 185428 4635700 12794532 1
2339 201031 0 4824744 4
2340 181634 3632680 5267386 3
2341 7952 222656 397600 2
2342 153627 3072540 8910366 1
2343 20932 0 607028 3
2344 101728 1627648 4170848 1
2345 183652 1469216 10284512 1
2346 118618 1186180 8066024 4
2347 88926 2134224 3379188 2
2348 45514 546168 2002616 1
2349 40197 562758 924531 2
2350 48884 977680 3275228 2
2351 120470 1807050 5059740 3
2352 130545 1305450 7963245 4
2353 161809 1941708 11488439 3
2354 34267 411204 1404947 2
2355 164563 658252 4936890 3
2356 150841 754205 1357569 5
2357 89925 1079100 4855950 5
2358 27877 557540 1254465 1
2359 142051 2556918 7102550 3
2360 32366 291294 2200888 1
2361 169589 3391780 5596437 5
2362 175572 8427456 16328196 2
2363 176393 2645895 3880646 1
2364 109303 546515 4372120 1
2365 173707 868535 1737070 4
2366 747 6723 35109 3
2367 141271 1130168 5933382 1
2368 200098 7203528 12806272 1
2369 164894 4946820 10553216 1
2370 136360 818160 8181600 4
2371 35039 210234 630702 5
2372 77575 775750 5352675 1
2373 109811 549055 5600361 4
2374 42732 427320 2264796 5
2375 34209 205254 1642032 5
2376 55437 166311 2827287 4
2377 38929 583935 2608243 1
2378 68434 136868 3011096 3
2379 22760 273120 955920 1
2380 156157 1249256 9837891 2
2381 117229 1055061 3751328 1
2382 75083 900996 3003320 5
2383 28350 1190700 2579850 2
2384 198575 992875 10325900 5
2385 96525 1158300 5791500 3
2386 64030 384180 832390 1
2387 48336 386688 2368464 1
2388 49837 747555 2292502 2
2389 129659 518636 1426249 5
2390 64551 1032816 2969346 4
2391 36305 145220 1597420 1
2392 151919 151919 3342218 2
2393 121654 486616 6690970 1
2394 12468 261828 673272 4
2395 99961 1499415 4998050 3
2396 137500 2750000 8387500 5
2397 52502 1260048 3045116 1
2398 174529 1745290 10646269 1
2399 1860 0 18600 5
2400 81150 405750 4057500 1
2401 142469 427407 4559008 1
2402 58437 175311 3097161 4
2403 133664 801984 8688160 1
2404 37535 600560 1351260 5
2405 126551 3796530 4429285 2
2406 95359 0 1335026 5
2407 24511 73533 882396 1
2408 120781 1932496 8817013 5
2409 150243 300486 4507290 1
2410 186505 1119030 4476120 1
2411 125681 5278602 6284050 2
2412 94807 284421 4835157 5
2413 133479 1067832 4538286 2
2414 55746 334476 2787300 3
2415 119639 2153502 7058701 5
2416 99584 1394176 4182528 1
2417 188056 5641680 11847528 1
2418 26532 955152 1353132 3
2419 51967 311802 1559010 1
2420 125820 1006560 4781160 4
2421 116021 232042 1508273 1
2422 15876 127008 730296 3
2423 80889 728001 2588448 1
2424 16781 268496 604116 4
2425 197468 2962020 12243016 3
2426 138553 831318 6373438 1
2427 63358 760296 1203802 2
2428 97077 1747386 5630466 3
2429 141391 0 4383121 3
2430 75837 0 2881806 4
2431 146829 4404870 4845357 3
2432 52368 157104 2566032 1
2433 193199 2318388 4057179 2
2434 100805 1209660 6653130 2
2435 49100 2356800 4566300 2
2436 2907 43605 151164 1
2437 171369 3598749 9939402 3
2438 103304 103304 2479296 2
2439 124552 622760 3238352 5
2440 150625 602500 753125 2
2441 113898 2391858 4669818 4
2442 135555 2168880 7048860 2
2443 136925 547700 5203150 4
2444 121021 4235735 10407806 4
2445 32021 64042 608399 3
2446 105951 635706 1165461 2
2447 104756 2514144 3771216 5
2448 83216 499296 1081808 5
2449 111854 1565956 7941634 2
2450 171305 1027830 10278300 4
2451 10698 106980 278148 5
2452 85277 1279155 2217202 2
2453 169024 1014144 8451200 4
2454 72673 2543555 4578399 5
2455 134440 537760 3629880 2
2456 73053 219159 292212 1
2457 198636 1986360 2383632 5
2458 90631 1087572 5800384 4
2459 129570 1554840 2591400 2
2460 127473 127473 509892 5
2461 59073 827022 1713117 5
2462 178392 4459800 13914576 4
2463 169694 848470 6618066 5
2464 18117 326106 1268190 2
2465 105109 2522616 8724047 2
2466 29639 177834 1422672 5
2467 53532 107064 963576 5
2468 1874 39354 129306 5
2469 157247 0 943482 1
2470 86801 173602 2604030 1
2471 191196 1720764 12236544 4
2472 178265 356530 9982840 3
2473 195961 4703064 15676880 4
2474 91289 547734 1095468 5
2475 54040 324240 3242400 2
2476 62745 1756860 4580385 2
2477 97512 585072 2340288 4
2478 28107 674568 1855062 4
2479 67095 201285 2012850 2
2480 72548 507836 3917592 3
2481 124870 749220 2996880 5
2482 165854 2653664 10117094 2
2483 188535 3959235 6221655 1
2484 144003 3456072 4752099 2
2485 176728 6362208 15552064 3
2486 129568 2073088 4923584 1
2487 123059 492236 4184006 5
2488 93339 840051 6347052 5
2489 67534 810408 4457244 2
2490 69200 2214400 3183200 4
2491 179259 8604432 12368871 2
2492 172021 172021 860105 4
2493 102627 1231524 6568128 1
2494 110028 220056 4071036 4
2495 179287 1075722 8785063 3
2496 107716 323148 3123764 4
2497 178772 8581056 9474916 5
2498 55111 1102220 2424884 2
2499 101093 2021860 3538255 3
2500 106880 1282560 5878400 3
2501 86720 0 4162560 1
2502 49069 196276 1275794 4
2503 77677 388385 2407987 5
2504 206480 412960 8465680 3
2505 136075 272150 4218325 3
2506 29201 262809 759226 4
2507 139526 2511468 5860092 5
2508 37673 226038 640441 3
2509 62200 1866000 1990400 2
2510 47720 668080 2386000 4
2511 86484 1297260 2681004 5
2512 145564 5822560 13246324 2
2513 152938 1223504 5046954 2
2514 160865 804325 3860760 2
2515 187242 748968 5242776 1
2516 166576 333152 666304 1
2517 171578 2745248 12868350 5
2518 102984 926856 6282024 2
2519 147574 2213610 9297162 3
2520 161120 805600 1450080 5
2521 28486 455776 1680674 5
2522 49845 199380 747675 4
2523 118708 949664 1780620 5
2524 27520 110080 550400 2
2525 145617 291234 5096595 1
2526 107524 2150480 6236392 5
2527 11568 57840 670944 2
2528 100853 2420472 3630708 1
2529 53934 809010 3613578 5
2530 167931 4702068 6717240 2
2531 72752 291008 873024 1
2532 31531 882868 2270232 5
2533 32201 128804 1577849 3
2534 65427 196281 1308540 4
2535 163629 2618064 6054273 3
2536 144742 1157936 5644938 5
2537 15121 30242 287299 3
2538 59053 590530 3956551 4
2539 138235 5805870 12441150 2
2540 29882 537876 2002094 1
2541 12214 24428 537416 5
2542 24654 73962 221886 5
2543 96879 581274 3681402 1
2544 185492 2225904 5750252 4
2545 8755 0 140080 5
2546 580 17400 26100 3
2547 201379 604137 10874466 3
2548 187968 6014976 12781824 1
2549 164050 2624800 11155400 3
2550 70657 423942 918541 4
2551 107363 751541 5475513 1
2552 179840 2517760 10071040 5
2553 145186 1016302 1742232 4
2554 79423 794230 5400764 1
2555 124581 2989944 4360335 1
2556 179763 539289 10606017 1
2557 42081 252486 462891 4
2558 109704 219408 1426152 1
2559 101110 3538850 5763270 5
2560 139961 4898635 10637036 5
2561 91555 1831100 4943970 4
2562 49280 1182720 3055360 1
2563 167652 1341216 9220860 3
2564 19154 191540 651236 2
2565 127947 2047152 5373774 2
2566 60325 1447800 4886325 4
2567 121850 731100 5726950 4
2568 68036 816432 3061620 2
2569 197201 986005 1774809 3
2570 179430 3229740 8612640 4
2571 125321 751926 5514124 4
2572 58060 116120 1219260 4
2573 157298 471894 5977324 1
2574 58454 116908 409178 5
2575 196357 2748998 7461566 3
2576 188382 13563504 22794222 5
2577 123012 0 4920480 1
2578 198668 2384016 8542724 3
2579 64186 577674 2759998 3
2580 85086 1021032 2807838 2
2581 64873 1037968 3697761 3
2582 184541 553623 10518837 3
2583 155581 933486 4045106 3
2584 82320 658560 2634240 2
2585 12734 229212 471158 4
2586 155868 1246944 2026284 3
2587 95612 0 669284 4
2588 54412 1305888 3155896 4
2589 28254 169524 395556 4
2590 129207 1033656 1938105 1
2591 87320 1397120 4715280 4
2592 53519 535190 2997064 4
2593 174117 4352925 11665839 1
2594 140438 2808760 4213140 4
2595 163198 1305584 4732742 1
2596 140319 1683828 3928932 4
2597 104458 1462412 7520976 5
2598 176221 1057326 8987271 4
2599 119646 837522 4307256 4
2600 62248 746976 2427672 1
2601 191009 6685315 14898702 3
2602 188474 4711850 13004706 4
2603 127078 127078 3558184 3
2604 173317 6066095 10225703 5
2605 145823 0 2624814 2
2606 173105 1557945 3115890 4
2607 53339 853424 3947086 4
2608 168380 3367600 9429280 2
2609 188413 0 188413 3
2610 17825 445625 1408175 4
2611 50832 609984 711648 1
2612 137720 550880 2892120 3
2613 144698 289396 3328054 2
2614 23193 278316 1113264 5
2615 119717 1915472 2873208 4
2616 153410 2301150 9051190 4
2617 203396 3661128 3864524 3
2618 102806 616836 925254 1
2619 85068 1190952 1276020 4
2620 20255 243060 1012750 1
2621 130743 3137832 7713837 3
2622 29482 58964 1562546 5
2623 37819 1134570 2571692 1
2624 102948 1235376 5250348 4
2625 164500 658000 4935000 1
2626 106985 1711760 2139700 3
2627 22000 0 1276000 2
2628 134402 268804 7795316 1
2629 174391 3487820 4882948 3
2630 137220 1646640 2607180 5
2631 164647 658588 2798999 3
2632 118910 237820 832370 5
2633 206178 4123560 12370680 5
2634 35483 567728 922558 4
2635 88843 0 3909092 3
2636 15312 137808 979968 2
2637 182821 1462568 10420797 4
2638 154016 1848192 3850400 2
2639 167814 503442 4530978 1
2640 123648 3709440 3833088 4
2641 197523 1185138 11258811 1
2642 178850 2146200 8405950 3
2643 116741 350223 1517633 4
2644 187710 3378780 10324050 4
2645 117057 1755855 5033451 4
2646 67826 135652 1899128 2
2647 43346 1040304 3597718 5
2648 120278 2525838 4570564 3
2649 55571 1111420 1778272 4
2650 205956 3707208 9268020 3
2651 62478 1499472 2374164 3
2652 171355 4112520 7710975 2
2653 88859 799731 4887245 3
2654 199627 5988810 6188437 1
2655 136271 1907794 8312531 4
2656 76628 459768 536396 1
2657 120957 1209570 5564022 3
2658 182913 2926608 10974780 3
2659 147316 2209740 7955064 5
2660 108653 760571 6845139 3
2661 73866 1477320 3102372 5
2662 112648 2703552 6984176 4
2663 183483 2201796 7339320 1
2664 187212 748848 3931452 1
2665 86294 2761408 7248696 3
2666 84613 0 4738328 3
2667 46662 466620 2893044 4
2668 200681 2408172 8027240 3
2669 176295 528885 10048815 4
2670 91706 275118 2751180 4
2671 127321 636605 3310346 3
2672 111470 557350 5016150 2
2673 67958 1630992 1834866 5
2674 41179 41179 370611 2
2675 151354 151354 4994682 4
2676 11669 280056 571781 5
2677 65302 653020 3003892 5
2678 179432 179432 6100688 1
2679 80626 5160064 7981974 2
2680 85908 3092688 4896756 4
2681 163990 163990 8527480 4
2682 57923 1042614 1505998 4
2683 100743 805944 6246066 2
2684 198887 2386644 3182192 4
2685 158453 2535248 11567069 5
2686 104216 625296 2084320 2
2687 75193 1804632 5263510 4
2688 200869 4820856 8034760 4
2689 138677 1941478 7627235 2
2690 77259 231777 2626806 3
2691 188275 2635850 9413750 5
2692 53813 968634 2098707 4
2693 2469 19752 29628 5
2694 177143 177143 3188574 1
2695 98864 1581824 1779552 3
2696 144566 2602188 2746754 5
2697 52979 370853 423832 4
2698 106444 532220 5641532 1
2699 37764 1132920 3285468 4
2700 144495 1155960 3901365 1
2701 77269 231807 4095257 2
2702 185275 1111650 9819575 5
2703 199719 2396628 4992975 4
2704 47090 565080 3249210 1
2705 109063 436252 1417819 5
2706 183356 7334240 8984444 4
2707 87494 874940 2974796 3
2708 69336 1109376 3120120 1
2709 111658 3573056 5694558 5
2710 40830 326640 2613120 4
2711 116933 701598 6431315 5
2712 67753 948542 1219554 5
2713 37927 227562 493051 5
2714 75941 379705 4328637 5
2715 163239 652956 1469151 4
2716 204829 614487 4506238 4
2717 188856 1133136 5854536 4
2718 37874 908976 2992046 2
2719 141375 1131000 4948125 5
2720 42082 378738 1009968 4
2721 186861 4484664 5418969 2
2722 23685 189480 378960 5
2723 101341 1216092 1418774 3
2724 17921 107526 555551 4
2725 95622 1338708 2868660 4
2726 53847 484623 1076940 2
2727 15899 79495 174889 2
2728 137903 3309672 10756434 4
2729 60406 1449744 3443142 2
2730 28768 1035648 2445280 1
2731 13708 0 795064 4
2732 196558 1572464 9434784 2
2733 50838 305028 864246 4
2734 182025 1092150 6188850 1
2735 158085 0 6481485 1
2736 109375 2625000 9078125 2
2737 51012 0 765180 1
2738 182016 364032 9464832 3
2739 119012 1190120 6902696 4
2740 62150 310750 3915450 4
2741 142460 1424600 7692840 3
2742 34389 0 1238004 1
2743 190051 380102 10832907 3
2744 18915 56745 1097070 2
2745 125218 3756540 6511336 2
2746 190281 3044496 5708430 4
2747 150374 451122 1654114 1
2748 53251 1278024 1544279 2
2749 57787 115574 1733610 2
2750 56934 170802 740142 4
2751 206183 2474196 5360758 2
2752 184734 3694680 14039784 2
2753 199416 4187736 11566128 2
2754 118753 2850072 5581391 1
2755 53007 212028 3180420 2
2756 84177 1010124 2188602 5
2757 178352 3567040 11057824 5
2758 110704 0 221408 4
2759 51643 0 258215 4
2760 184080 2945280 4786080 2
2761 188380 941900 4897880 4
2762 142925 285850 7860875 1
2763 170393 1022358 4089432 5
2764 110052 1320624 6603120 1
2765 27085 812550 1245910 4
2766 11953 95624 633509 5
2767 38223 458676 1223136 3
2768 56407 1015326 1861431 3
2769 71159 1138544 4056063 5
2770 195198 1561584 4879950 4
2771 44249 442490 1061976 5
2772 26481 79443 556101 4
2773 183485 2201820 11926525 4
2774 83880 1342080 3271320 2
2775 33592 0 1545232 3
2776 96929 969290 2132438 4
2777 164362 2629792 8875548 3
2778 18160 217920 363200 2
2779 148883 3126543 7741916 3
2780 67467 809604 2901081 2
2781 28313 453008 2123475 5
2782 176075 1760750 5634400 3
2783 200128 4202688 11207168 3
2784 103523 3312736 6004334 2
2785 9785 0 136990 2
2786 126836 3044064 3424572 2
2787 161770 4853100 13912220 3
2788 142844 714220 1999816 4
2789 57497 689964 919952 5
2790 14260 171120 556140 4
2791 59415 356490 1723035 3
2792 12645 265545 379350 3
2793 78229 156458 1486351 2
2794 202630 2026300 3242080 4
2795 79935 0 4316490 5
2796 118109 472436 5196796 5
2797 14975 119800 793675 1
2798 122977 245954 1475724 3
2799 17153 17153 308754 3
2800 33935 1018050 2341515 5
2801 186546 373092 3917466 5
2802 102146 408584 3370818 3
2803 11033 22066 44132 3
2804 132482 3709496 10068632 1
2805 728 728 30576 3
2806 187413 4497912 11619606 1
2807 137796 275592 4133880 4
2808 129881 779286 7922741 4
2809 5246 110166 388204 3
2810 144551 1734612 5492938 4
2811 169486 1694860 5762524 4
2812 142587 1711044 1853631 4
2813 99110 594660 1982200 1
2814 31400 439600 1161800 1
2815 71542 71542 1931634 3
2816 185520 5194560 12800880 1
2817 42479 424790 1996513 3
2818 42192 295344 1350144 2
2819 104572 627432 5646888 2
2820 180642 0 10477236 1
2821 171110 342220 1539990 2
2822 196698 2360376 8458014 1
2823 193762 3487716 14532150 4
2824 139196 2923116 11135680 2
2825 105872 423488 2223312 2
2826 139156 0 834936 5
2827 2363 56712 59075 3
2828 90958 0 2637782 1
2829 168788 3375760 7089096 1
2830 894 8940 33078 2
2831 48256 193024 2268032 4
2832 56202 168606 2248080 3
2833 165930 4646040 12776610 3
2834 151820 4554600 7894640 2
2835 94217 94217 4993501 3
2836 115663 2313260 4973509 2
2837 39330 393300 1179900 4
2838 159721 958326 10062423 1
2839 92593 1481488 2037046 2
2840 56964 911424 3019092 3
2841 204840 614520 6145200 1
2842 183067 915335 8238015 1
2843 38036 1217152 3347168 1
2844 130614 1306140 2873508 3
2845 190925 1145550 5918675 3
2846 128392 4108544 10399752 3
2847 11561 69366 670538 2
2848 60459 241836 2116065 4
2849 78912 236736 2604096 4
2850 135068 1080544 5942992 5
2851 188489 1884890 9612939 5
2852 102298 1432172 4910304 1
2853 191712 2300544 10544160 1
2854 27214 163284 1360700 2
2855 126609 2658789 2785398 1
2856 150621 451863 3163041 3
2857 148172 3556128 9186664 2
2858 5586 83790 262542 4
2859 55052 495468 3413224 5
2860 43873 263238 1096825 4
2861 103781 415124 1037810 2
2862 94182 470910 6027648 2
2863 16004 64016 416104 5
2864 42233 380097 717961 2
2865 156715 940290 10029760 2
2866 150121 600484 7506050 1
2867 160629 2409435 8352708 5
2868 16806 151254 268896 4
2869 19501 39002 468024 5
2870 48667 730005 3455357 1
2871 150839 2715102 3016780 1
2872 93849 1407735 6850977 2
2873 189017 3780340 7749697 5
2874 171053 342106 6842120 5
2875 54425 163275 1142925 1
2876 143887 431661 1582757 1
2877 194965 2339580 4289230 3
2878 7496 224880 397288 5
2879 54783 438264 1972188 2
2880 99614 2988420 6574524 4
2881 54902 658824 2909806 2
2882 121235 1454820 2424700 2
2883 190878 4008438 11070924 5
2884 97687 2051427 3028297 3
2885 24048 505008 985968 1
2886 121249 2182482 5334956 3
2887 184095 3681900 4234185 5
2888 60314 1266594 1568164 1
2889 43491 1391712 3348807 2
2890 72313 2603268 3181772 2
2891 171077 3079386 7356311 5
2892 59784 239136 1135896 4
2893 42092 0 294644 3
2894 1955 29325 134895 4
2895 35465 1134880 3191850 1
2896 87379 1310685 3233023 3
2897 68274 819288 3823344 5
2898 86260 1725200 3536660 4
2899 147227 883362 9275301 2
2900 172053 860265 6882120 2
2901 50604 708456 1518120 3
2902 164715 329430 5106165 2
2903 153393 1380537 7976436 5
2904 47991 767856 1535712 4
2905 131100 2359800 5899500 4
2906 115152 1842432 7254576 1
2907 186276 2980416 10245180 1
2908 191753 191753 10354662 5
2909 199647 1197882 12977055 3
2910 170852 2733632 10592824 2
2911 85745 0 1457665 3
2912 151475 1817700 7422275 5
2913 107794 646764 3018232 1
2914 87430 2448040 5420660 1
2915 178280 8557440 10696800 1
2916 102135 408540 5208885 1
2917 84726 423630 5337738 2
2918 206293 7220255 11964994 4
2919 129775 519100 2725275 2
2920 99390 298170 5168280 4
2921 33244 166220 299196 4
2922 122224 2444480 7333440 2
2923 186077 2232924 3349386 5
2924 150008 4800256 11250600 1
2925 18036 288576 703404 3
2926 38492 1154760 3233328 1
2927 158879 3813096 9373861 4
2928 24381 97524 975240 2
2929 129809 649045 6360641 2
2930 198599 2383188 11717341 1
2931 3246 97380 249942 5
2932 66104 2776368 3900136 4
2933 138966 1250694 6670368 1
2934 19405 582150 1067275 2
2935 15917 573012 1321111 2
2936 69746 836952 2510856 2
2937 114441 2746584 4463199 5
2938 40881 1308192 3720171 5
2939 197758 395516 6723772 1
2940 200697 1204182 3411849 3
2941 124986 1499832 5624370 1
2942 148003 5920120 6364129 3
2943 191669 1533352 4216718 1
2944 115644 2081592 3584964 5
2945 117729 1177290 5886450 1
2946 21425 342800 364225 4
2947 106573 1705168 7033818 1
2948 137679 0 3717333 1
2949 198506 3176096 5558168 5
2950 33025 825625 2575950 1
2951 1641 45948 59076 3
2952 132809 1195281 3453034 1
2953 109416 984744 3173064 3
2954 132775 4248800 9958125 2
2955 6499 155976 181972 1
2956 164617 2633872 3456957 5
2957 44683 178732 2680980 4
2958 71930 431580 1798250 1
2959 119498 3345944 8603856 2
2960 79460 317840 2383800 2
2961 106013 1060130 5406663 1
2962 138431 1107448 2630189 2
2963 169510 2712160 3051180 3
2964 108707 1087070 1630605 5
2965 90277 902770 1263878 4
2966 54644 273220 2021828 4
2967 97380 1168560 3116160 2
2968 12645 252900 354060 4
2969 102762 1644192 4624290 5
2970 21706 325590 1410890 3
2971 976 23424 38064 5
2972 142963 714815 4288890 3
2973 155195 1241560 2793510 5
2974 163369 3430749 12416044 1
2975 143177 5011195 11597337 4
2976 91489 2195736 2287225 5
2977 181575 2178900 9441900 1
2978 112159 1121590 5047155 1
2979 38515 770300 1694660 1
2980 775 32550 72850 1
2981 108783 1305396 3807405 4
2982 21739 217390 1369557 3
2983 173836 695344 8517964 4
2984 105342 1264104 2528208 4
2985 204389 2452668 13285285 1
2986 114180 1370160 4909740 4
2987 106613 213226 5543876 3
2988 115062 460248 4027170 2
2989 70109 210327 3645668 5
2990 24064 866304 1660416 3
2991 157942 7581216 8055042 2
2992 107193 2143860 5681229 1
2993 66589 332945 2264026 3
2994 8392 33568 528696 2
2995 171231 5479392 11814939 1
2996 177461 3549220 12954653 2
2997 204226 2859164 6535232 2
2998 49538 792608 1337526 1
2999 131612 3685136 11187020 4
3000 47803 1529696 2868180 4
3001 113725 227450 909800 1
3002 93389 373556 1681002 4
3003 60511 484088 1936352 4
3004 177524 2130288 11894108 3
3005 33779 135116 1925403 1
3006 199534 7981360 11972040 4
3007 151075 7251600 11028475 2
3008 28208 676992 1438608 3
3009 196645 1573160 2359740 3
3010 2730 76440 90090 3
3011 173241 2425374 4331025 4
3012 65785 0 2170905 1
3013 13594 203910 299068 1
3014 57292 572920 2864600 4
3015 103249 1032490 2787723 1
3016 166929 2003148 4006296 5
3017 168536 1516824 7078512 3
3018 123428 987424 5924544 1
3019 117594 705564 2116692 4
3020 51408 1233792 2724624 4
3021 175316 701264 2805056 5
3022 135116 1891624 2161856 5
3023 113006 2034108 4407234 4
3024 77673 233019 310692 2
3025 17646 247044 458796 2
3026 53952 971136 3776640 2
3027 118971 3331188 6781347 1
3028 193426 1160556 5996206 2
3029 85264 767376 3495824 2
3030 2437 51177 90169 2
3031 195992 1567936 13131464 4
3032 150882 1207056 5280870 5
3033 134816 3235584 5527456 2
3034 19477 194770 409017 1
3035 205265 4926360 10673780 2
3036 67973 407838 2175136 4
3037 83868 1341888 3522456 5
3038 106147 424588 3396704 2
3039 33734 607212 1281892 5
3040 168550 674200 9101700 3
3041 26266 131330 420256 3
3042 200436 1403052 8418312 4
3043 108437 759059 5530287 1
3044 109848 549240 2636352 3
3045 119215 357645 6199180 4
3046 126136 2522720 4162488 2
3047 15842 126736 506944 5
3048 10746 0 10746 5
3049 201586 1209516 11288816 3
3050 75549 528843 679941 1
3051 98156 2061276 5987516 5
3052 193461 1160766 7738440 2
3053 88371 1767420 5832486 2
3054 114387 343161 457548 1
3055 9416 75328 612040 2
3056 181335 1088010 7253400 3
3057 140026 4200780 5320988 1
3058 55171 331026 1434446 3
3059 127772 894404 7794092 4
3060 148061 888366 8587538 2
3061 23756 356340 546388 3
3062 187009 6732324 13277639 1
3063 143581 4594592 8327698 3
3064 118566 592830 3675546 4
3065 65239 391434 1630975 2
3066 159779 3834696 11024751 5
3067 173655 1389240 9377370 1
3068 32422 648440 2107430 1
3069 21866 174928 327990 1
3070 187184 2994944 3369312 4
3071 100950 403800 706650 3
3072 171949 515847 10488889 4
3073 44207 1060968 3094490 3
3074 61669 2590098 5673548 4
3075 84909 3396360 4754904 5
3076 162267 6490680 11358690 4
3077 144220 1297980 8076320 3
3078 10630 31890 244490 2
3079 748 17952 18700 2
3080 137887 827322 2757740 3
3081 10539 94851 158085 5
3082 1304 18256 89976 5
3083 77458 2478656 2633572 2
3084 157638 1891656 5832606 4
3085 99875 599250 3695375 1
3086 47812 286872 2581848 3
3087 66446 996690 1063136 5
3088 196297 2355564 10796335 4
3089 203887 2038870 3058305 3
3090 95748 574488 2106456 1
3091 33827 338270 1183945 3
3092 172099 516297 9809643 2
3093 126163 504652 5677335 1
3094 156237 3280977 7968087 3
3095 94202 2260848 4992706 4
3096 182674 2922784 4566850 5
3097 59136 473088 2365440 3
3098 30653 245224 459795 1
3099 200704 3211264 11841536 1
3100 187711 2252532 5255908 2
3101 31388 282492 1161356 3
3102 137034 3288816 9181278 4
3103 38435 345915 807135 3
3104 148113 592452 1925469 3
3105 15599 77995 140391 5
3106 179242 1433936 1792420 1
3107 135800 814800 7876400 1
3108 55401 1329624 3434862 3
3109 179694 1078164 8625312 2
3110 41475 0 1700475 4
3111 187074 748296 4863924 3
3112 47971 575652 1247246 2
3113 19418 388360 1398096 3
3114 179040 3580800 8414880 2
3115 117861 1885776 2828664 3
3116 110197 1763152 4077289 1
3117 82747 2896145 5957784 5
3118 37484 74968 1349424 4
3119 130849 1046792 5495658 3
3120 34712 104136 1596752 2
3121 171482 4115568 4801496 3
3122 200691 3010365 13446297 4
3123 7027 21081 91351 4
3124 67790 1898120 4948670 1
3125 72603 2613708 4065768 4
3126 42680 213400 853600 5
3127 80187 1924488 2405610 4
3128 175389 5261670 9821784 1
3129 169141 4059384 10317601 1
3130 161824 6796608 10680384 3
3131 69481 2431835 5419518 2
3132 186203 931015 3351654 2
3133 191077 1719693 4203694 3
3134 167008 0 2839136 3
3135 108355 4550910 6392945 2
3136 30979 123916 1765803 1
3137 73850 1181600 2363200 5
3138 26606 159636 1277088 2
3139 48704 97408 974080 5
3140 5249 94482 404173 2
3141 84820 169640 848200 4
3142 65419 654190 1831732 1
3143 37048 74096 111144 1
3144 103618 0 4041102 1
3145 168315 841575 9089010 1
3146 173957 3479140 5566624 5
3147 121311 1455732 7521282 3
3148 132059 1056472 6602950 1
3149 125820 1761480 3774600 2
3150 112014 448056 3248406 3
3151 189081 0 4537944 3
3152 70696 848352 1696704 4
3153 113865 683190 6376440 3
3154 151095 302190 6648180 5
3155 176434 1058604 4940152 2
3156 34395 825480 2132490 5
3157 4113 16452 156294 3
3158 95332 2573964 6291912 2
3159 101810 1832580 3257920 1
3160 173298 1039788 10051284 3
3161 38237 76474 1911850 1
3162 67129 2148128 2618031 3
3163 7173 86076 179325 3
3164 1959 47016 152802 5
3165 64239 1798692 2698038 3
3166 145408 581632 7561216 1
3167 174296 2614440 10806352 1
3168 76198 228594 4571880 5
3169 191123 573369 11085134 5
3170 195257 2928855 10153364 5
3171 129191 1550292 8914179 3
3172 5181 10362 300498 3
3173 136359 2045385 9817848 5
3174 21705 65115 911610 5
3175 100836 705852 4638456 2
3176 97999 1763982 7447924 3
3177 84418 3376720 3629974 3
3178 76651 1379718 1839624 2
3179 191940 4606560 10556700 2
3180 36411 72822 291288 1
3181 158213 0 6012094 1
3182 8552 102624 290768 5
3183 152221 2435536 7154387 1
3184 107680 323040 2045920 1
3185 184742 4433808 8867616 3
3186 43856 0 789408 3
3187 83005 1494090 4897295 1
3188 203020 7105700 8932880 2
3189 39892 997300 1316436 5
3190 151234 1814808 8166636 1
3191 110555 884440 6743855 3
3192 61346 1472304 3128646 2
3193 73588 2354816 4047340 1
3194 54629 874064 1474983 1
3195 58267 1748010 2796816 5
3196 106853 641118 4167267 5
3197 137308 2883468 6178860 3
3198 168352 2356928 9259360 5
3199 39796 159184 955104 3
3200 65553 786636 917742 4
3201 121658 973264 7177822 3
3202 143166 572664 6728802 5
3203 188469 0 3203973 1
3204 13336 26672 573448 5
3205 73707 2358624 4496127 1
3206 74389 1190224 4240173 1
3207 168921 2702736 10135260 4
3208 184701 738804 11451462 5
3209 59432 2139552 3744216 2
3210 159740 958440 1118180 5
3211 74444 1339992 2233320 2
3212 144498 6935904 13149318 4
3213 65668 0 1116356 3
3214 113944 1367328 2734656 3
3215 46589 2236272 4798667 2
3216 136413 1909782 3410325 2
3217 149978 2699604 7948834 2
3218 101387 912483 5069350 1
3219 102771 4316382 8427222 4
3220 204515 3272240 4908360 4
3221 54989 164967 219956 4
3222 13103 104824 379987 2
3223 63571 3051408 5530677 4
3224 16539 49617 181929 5
3225 30735 737640 2212920 4
3226 188981 2267772 3779620 2
3227 167077 4678156 8186773 5
3228 170877 683508 8202096 2
3229 136318 1635816 9678578 5
3230 197167 5520676 8281014 5
3231 59568 119136 3157104 1
3232 66708 2001240 2334780 3
3233 72222 1155552 4838874 4
3234 128330 1283300 3336580 4
3235 190584 3430512 11053872 1
3236 97850 1174200 1369900 1
3237 61819 741828 1360018 3
3238 51845 2073800 4717895 3
3239 78009 468054 4992576 5
3240 172348 344696 8445052 4
3241 61248 2939904 3919872 1
3242 52015 624180 1040300 3
3243 123846 1857690 6068454 1
3244 172643 4143432 8804793 5
3245 4758 166530 180804 2
3246 103876 207752 2389148 5
3247 171575 1201025 3603075 5
3248 38836 271852 1902964 3
3249 203078 2843092 5280028 1
3250 13823 414690 857026 5
3251 155492 2176888 10262472 1
3252 93626 374504 3932292 1
3253 109959 659754 5278032 3
3254 146915 3672875 4260535 5
3255 121664 121664 486656 2
3256 71867 4024552 7905370 3
3257 61829 2967792 6553874 5
3258 192472 3079552 6544048 2
3259 84538 507228 5072280 2
3260 53621 0 2198461 3
3261 4638 0 37104 3
3262 71587 644283 1574914 4
3263 65435 981525 3729795 4
3264 168101 5043030 12607575 1
3265 9419 226056 461531 3
3266 5000 50000 255000 5
3267 54616 436928 2130024 5
3268 36804 294432 699276 4
3269 89733 0 897330 1
3270 172665 517995 863325 3
3271 183358 2200296 2383654 4
3272 192365 2885475 11926630 5
3273 166858 3003444 10011480 4
3274 72237 866844 3828561 3
3275 44307 443070 1683666 5
3276 166850 1334800 3837550 4
3277 109525 219050 1204775 3
3278 148534 3713350 7872302 5
3279 172430 689720 8104210 2
3280 160277 1923324 3365817 3
3281 124699 3990368 8479532 1
3282 188078 1128468 6958886 1
3283 131856 527424 5010528 1
3284 53655 321930 536550 3
3285 90278 270834 3340286 4
3286 157883 1263064 7736267 1
3287 35708 428496 571328 4
3288 33478 602604 2008680 1
3289 25010 125050 975390 1
3290 4255 34040 148925 4
3291 181506 544518 7260240 2
3292 82366 2635712 7248208 2
3293 145323 726615 4650336 2
3294 35804 537060 1002512 4
3295 144063 1152504 8931906 5
3296 192871 5786130 6750485 3
3297 197785 5537980 13844950 3
3298 43122 689952 1595514 3
3299 1745 15705 57585 4
3300 201398 3222368 9667104 4
3301 169656 1526904 10857984 2
3302 166547 3997128 9326632 4
3303 4106 4106 119074 5
3304 33931 135724 373241 5
3305 188573 2828595 10748661 3
3306 6401 96015 102416 5
3307 38718 154872 1819746 1
3308 110786 3877510 9859954 2
3309 65555 1638875 3867745 1
3310 36068 108204 1082040 3
3311 158240 6646080 15982240 4
3312 132968 3191232 7047304 2
3313 137433 4947588 12918702 5
3314 58003 406021 2378123 2
3315 67416 134832 2359560 5
3316 144529 578116 7660037 3
3317 98536 2364864 4631192 3
3318 103042 0 1339546 1
3319 66228 264912 3510084 5
3320 100428 803424 6126108 2
3321 54822 274110 931974 5
3322 44853 269118 1704414 2
3323 126181 504724 4163973 3
3324 34647 0 1905585 5
3325 77905 623240 1090670 3
3326 197105 3153680 11826300 4
3327 101541 609246 2741607 2
3328 171784 2061408 8589200 4
3329 184533 5166924 7196787 5
3330 10028 40112 521456 5
3331 57740 577400 1732200 1
3332 113020 339060 6668180 1
3333 72295 650655 1879670 4
3334 205483 4109660 15616708 2
3335 68182 1227276 4159102 4
3336 111317 667902 4563997 4
3337 69767 1046505 3906952 3
3338 134410 3225840 5645220 5
3339 37293 74586 372930 3
3340 41251 2640064 3588837 3
3341 73148 877776 2340736 2
3342 39547 237282 2333273 2
3343 104047 416188 3121410 1
3344 112721 338163 1465373 3
3345 42714 1067850 2520126 4
3346 148407 148407 2374512 4
3347 153342 0 5213628 5
3348 89225 2141400 3212100 3
3349 198976 2785664 3979520 2
3350 120149 2523129 3364172 2
3351 52910 0 211640 3
3352 114676 1032084 5733800 5
3353 67121 2147872 5705285 1
3354 135986 4079580 11150852 4
3355 111943 3134404 6828523 2
3356 127533 0 1530396 3
3357 89395 1430320 1519715 4
3358 198629 3575322 11520482 3
3359 169665 2375310 12215880 5
3360 96895 2906850 8429865 1
3361 94149 847341 1223937 5
3362 189332 1893320 11927916 2
3363 135522 4743270 6369534 5
3364 55671 222684 3451602 2
3365 56364 1127280 3212748 4
3366 206032 3090480 11125728 5
3367 45647 1597645 3788701 1
3368 2159 12954 73406 4
3369 111385 445540 1225235 3
3370 122172 2443440 6475116 2
3371 38353 460236 2147768 1
3372 169819 0 3056742 5
3373 87629 262887 1752580 3
3374 72769 873228 2619684 5
3375 159433 0 3507526 2
3376 64075 640750 3908575 5
3377 61995 1239900 3471720 1
3378 2585 77550 155100 4
3379 109679 1645185 4387160 2
3380 190828 6678980 13357960 4
3381 124675 1496100 1620775 2
3382 25685 102740 231165 3
3383 123469 740814 7655078 4
3384 11819 35457 673683 5
3385 176547 176547 8650803 3
3386 158035 1264280 5373190 5
3387 79625 0 4379375 2
3388 172672 2417408 8978944 2
3389 112399 3147172 4271162 2
3390 50562 50562 1264050 5
3391 140872 281744 4789648 2
3392 32112 160560 545904 4
3393 24647 295764 788704 5
3394 203550 4274550 8345550 2
3395 191255 4590120 11857810 2
3396 61331 1717268 3863853 1
3397 95944 671608 1151328 4
3398 168409 673636 2357726 2
3399 197946 7917840 15439788 1
3400 100131 100131 400524 5
3401 166349 3992376 6154913 1
3402 82503 1155042 5857713 4
3403 120468 1204680 3975444 5
3404 29212 701088 2424596 4
3405 44945 674175 1348350 2
3406 100264 401056 4311352 1
3407 135555 2033325 9895515 1
3408 183718 1469744 2572052 1
3409 130058 3251450 8843944 4
3410 122112 610560 1587456 3
3411 180305 4507625 13162265 1
3412 132357 794142 6750207 5
3413 172356 1378848 8273088 5
3414 16286 97716 114002 3
3415 133018 2660360 10508422 2
3416 101598 101598 2844744 4
3417 74974 1199584 1949324 2
3418 34497 517455 1310886 5
3419 72430 1158880 4997670 4
3420 97566 390264 5170998 3
3421 5039 105819 191482 5
3422 954 2862 26712 3
3423 90928 545568 2182272 1
3424 189033 378066 10207782 2
3425 196804 2361648 7478552 4
3426 52432 0 2464304 3
3427 13666 54664 587638 1
3428 158589 0 9356751 5
3429 130105 3122520 8196615 2
3430 53094 318564 3344922 1
3431 87214 2616420 3052490 2
3432 39574 633184 2374440 1
3433 6615 46305 138915 2
3434 129271 517084 1680523 5
3435 69166 829992 3665798 2
3436 145158 1161264 9290112 5
3437 121332 1455984 2305308 3
3438 113805 569025 5690250 5
3439 103743 1244916 4564692 5
3440 148578 3565872 3863028 3
3441 77363 1856712 4951232 3
3442 43187 777366 1166049 2
3443 132360 3176640 5162040 1
3444 23960 479200 1749080 3
3445 140527 3372648 10258471 3
3446 3473 72933 163231 5
3447 24833 446994 1316149 5
3448 86071 688568 3012485 1
3449 138106 3314544 10081738 3
3450 173743 0 8860893 4
3451 129451 2589020 8543766 1
3452 176058 1056348 3697218 3
3453 190166 0 8937802 2
3454 132212 1057696 5288480 3
3455 59882 718584 2095870 1
3456 12462 436170 523404 2
3457 53516 535160 2836348 3
3458 118650 237300 5813850 2
3459 24677 246770 1061111 5
3460 56848 0 284240 2
3461 148602 148602 594408 5
3462 155616 1867392 8714496 2
3463 190169 3423042 8177267 5
3464 61446 860244 2150610 2
3465 20239 323824 1214340 2
3466 103561 2485464 2899708 1
3467 86542 2077008 3028970 2
3468 168413 1684130 10610019 2
3469 136543 3823204 4642462 1
3470 40590 81180 1623600 5
3471 104118 1874124 6351198 1
3472 27007 324084 810210 5
3473 103456 620736 4448608 5
3474 189237 1513896 3973977 5
3475 134012 0 5226468 2
3476 12444 87108 622200 2
3477 185213 740852 11297993 5
3478 154533 0 4017858 3
3479 111814 2683536 7156096 5
3480 190123 380246 9696273 2
3481 22566 338490 1195998 5
3482 84179 336716 1599401 5
3483 53885 969930 1401010 1
3484 1558 7790 82574 5
3485 183540 367080 4588500 1
3486 120476 4819040 10360936 2
3487 138800 1388000 8189200 5
3488 76067 2434144 4259752 1
3489 202146 6468672 13948074 3
3490 137224 2195584 9605680 2
3491 27379 246411 821370 4
3492 201350 805400 5033750 2
3493 205875 1029375 7205625 5
3494 30523 213661 671506 5
3495 65097 781164 1757619 4
3496 164602 1975224 7407090 1
3497 117206 234412 5157064 4
3498 38800 77600 504400 1
3499 133054 2661080 10378212 5
3500 77089 1850136 3931539 5
