0001 95619 191238 4876569 2
0002 9334 112008 429364 1
0003 122803 491212 1350833 3
0004 87864 878640 2284464 4
0005 119773 1796595 5629331 1
0006 48663 194652 1849194 4
0007 123148 2955552 5541660 5
0008 24159 386544 1062996 2
0009 115607 1387284 5895957 3
0010 7376 66384 118016 1
0011 98028 2940840 6175764 4
0012 34785 521775 1043550 1
0013 66032 198096 1518736 1
0014 121255 2546355 7032790 2
0015 110486 2320206 6187216 1
0016 23015 322210 1380900 2
0017 46098 368784 1797822 1
0018 117021 2340420 3744672 4
0019 9717 19434 97170 5
0020 79987 159974 719883 2
0021 65157 912198 3453321 3
0022 46124 184496 507364 3
0023 29051 174306 1510652 1
0024 21255 510120 807690 3
0025 54218 487962 1572322 5
0026 91621 1465936 1832420 2
0027 13101 78606 379929 1
0028 98192 1178304 4320448 3
0029 27054 81162 1271538 3
0030 4872 194880 331296 5
0031 1758 10548 80868 5
0032 52954 794310 2065206 5
0033 1099 30772 46158 2
0034 12324 61620 271128 2
0035 50978 1019560 2243032 4
0036 51563 360941 1134386 5
0037 18148 254072 544440 2
0038 7959 7959 103467 2
0039 73908 1108620 3325860 5
0040 70290 2530440 5342040 2
0041 112261 2020698 6286616 2
0042 94287 471435 1791453 3
0043 11593 23186 185488 5
0044 52120 1824200 3439920 3
0045 11574 115740 428238 1
0046 78751 393755 1575020 5
0047 59065 2067275 4725200 5
0048 46922 1642270 3378384 2
0049 27146 54292 570066 1
0050 42810 0 1155870 4
0051 65568 786816 1573632 1
0052 27332 136660 245988 3
0053 6415 179620 339995 5
0054 89969 1079628 4228543 4
0055 68696 1923488 3297408 5
0056 3921 7842 15684 5
0057 81018 0 2106468 2
0058 32775 0 1507650 5
0059 49498 1781928 3316366 4
0060 10077 100770 141078 1
0061 46448 278688 2229504 1
0062 24 432 1632 4
0063 77227 1930675 3243534 3
0064 5326 74564 122498 4
0065 10397 218337 738187 5
0066 78978 473868 3790944 3
0067 12946 207136 375434 2
0068 114765 459060 5967780 5
0069 69537 1251666 2572869 5
0070 14822 266796 607702 1
0071 4543 81774 204435 4
0072 66432 2325120 3321600 5
0073 52173 0 2243439 4
0074 49273 689822 2463650 1
0075 80185 160370 3848880 4
0076 51116 0 2402452 4
0077 124857 499428 4619709 5
0078 86002 0 430010 5
0079 99162 1189944 4263966 1
0080 28107 843210 1826955 4
0081 57178 114356 1772518 5
0082 98797 1481955 1975940 5
0083 118558 829906 5690784 4
0084 25372 532812 1116368 3
0085 98731 1184772 3159392 4
0086 57884 694608 1852288 2
0087 104183 520915 1458562 3
0088 1737 26055 53847 2
0089 15046 180552 300920 3
0090 9035 36140 433680 1
0091 120790 0 3261330 1
0092 48022 144066 1776814 4
0093 76866 1537320 1998516 3
0094 115215 3456450 4378170 5
0095 18928 37856 586768 4
0096 38047 0 266329 4
0097 41794 250764 919468 2
0098 24423 97692 1147881 4
0099 21316 213160 1065800 1
0100 77447 0 2710645 2
0101 44309 44309 1152034 2
0102 37272 447264 2012688 2
0103 81106 1459908 4136406 5
0104 68275 1092400 4096500 4
0105 59749 59749 1314478 5
0106 75402 150804 3543894 1
0107 15400 308000 1078000 4
0108 7396 155316 214484 4
0109 24850 223650 844900 5
0110 123035 984280 1845525 4
0111 75906 303624 1973556 2
0112 38774 193870 1434638 5
0113 72172 1010408 4546836 4
0114 58201 465608 3026452 5
0115 104303 2190363 6571089 1
0116 81338 325352 2602816 1
0117 120552 843864 1567176 4
0118 108647 434588 1412411 2
0119 56446 169338 1411150 5
0120 56115 1122300 1739565 2
0121 70259 140518 491813 4
0122 50509 757635 1010180 1
0123 38911 77822 933864 1
0124 80924 161848 1861252 2
0125 93502 187004 4020586 1
0126 84274 1685480 3960878 3
0127 35692 856608 1713216 3
0128 91546 1098552 4668846 5
0129 93669 562014 1873380 1
0130 18515 111090 833175 2
0131 55706 334236 2283946 2
0132 106065 1060650 2439495 2
0133 62341 872774 1994912 5
0134 120739 1811085 4829560 3
0135 110923 665538 5102458 1
0136 115653 1040877 4394814 4
0137 85166 1362656 3236308 5
0138 95337 858033 3908817 2
0139 52995 105990 2596755 2
0140 53483 641796 2139320 5
0141 14529 29058 261522 4
0142 114934 1838944 2298680 3
0143 31485 377820 535245 1
0144 53189 744646 3244529 3
0145 80823 969876 3556212 1
0146 25677 205416 1283850 5
0147 104099 624594 3539366 3
0148 70447 845364 3663244 3
0149 47182 330274 1509824 2
0150 48082 0 1298214 3
0151 72368 578944 1157888 2
0152 43229 605206 1469786 4
0153 97288 1167456 2237624 2
0154 106709 1280508 5335450 1
0155 75587 226761 1738501 1
0156 60864 182592 2617152 4
0157 98194 589164 3633178 2
0158 54192 0 1896720 1
0159 20888 731080 1629264 5
0160 28629 85887 1231047 1
0161 34494 827856 1621218 5
0162 124860 1872900 7866180 1
0163 86594 1039128 2857602 2
0164 10865 173840 706225 5
0165 31954 95862 1022528 4
0166 106618 426472 2558832 5
0167 122164 2443280 4520068 4
0168 86675 520050 2426900 3
0169 108215 2164300 6925760 1
0170 106659 639954 4799655 5
0171 6427 89978 102832 5
0172 32431 64862 1653981 4
0173 38754 193770 387540 3
0174 57161 685932 2114957 5
0175 117108 585540 1405296 2
0176 71420 1285560 3785260 4
0177 109103 2182060 3818605 1
0178 77570 698130 1784110 4
0179 41850 502200 2385450 5
0180 103678 2177238 5287578 5
0181 81549 1467882 5219136 4
0182 68593 823116 2812313 4
0183 42465 891765 2590365 5
0184 353 1059 6001 1
0185 22650 90600 249150 3
0186 1823 10938 78389 3
0187 108872 653232 1741952 2
0188 101439 608634 4260438 5
0189 83298 2498940 4664688 4
0190 35864 286912 1542152 5
0191 86574 779166 4588422 1
0192 9230 230750 359970 2
0193 81138 1135932 1217070 1
0194 48687 243435 1850106 2
0195 41509 124527 207545 2
0196 53232 798480 1969584 2
0197 73099 730990 804089 1
0198 16301 146709 619438 2
0199 34158 136632 1639584 4
0200 20009 300135 720324 5
0201 121322 363966 5823456 2
0202 88641 354564 2481948 5
0203 63729 573561 3632553 4
0204 62468 937020 2436252 4
0205 104077 2914156 6348697 2
0206 46430 92860 2228640 5
0207 27264 54528 736128 4
0208 62141 745692 3044909 3
0209 7695 61560 200070 3
0210 108552 1085520 1628280 2
0211 17836 374556 517244 2
0212 76732 767320 2455424 1
0213 42417 296919 848340 2
0214 73118 1316124 1462360 2
0215 52876 211504 1269024 3
0216 92655 1297170 2038410 5
0217 31515 220605 441210 3
0218 93185 1397775 2329625 1
0219 48032 576384 1200800 4
0220 45442 181768 2272100 3
0221 75330 451980 3841830 4
0222 13852 166224 374004 3
0223 103132 618792 1650112 5
0224 91894 551364 4686594 2
0225 115229 1382748 3802557 4
0226 8473 127095 457542 3
0227 102663 1231956 2258586 4
0228 8526 51156 196098 2
0229 105211 1052110 2314642 5
0230 92297 369188 2122831 3
0231 93536 841824 2993152 2
0232 120165 1441980 3004125 1
0233 113810 3186680 7056220 5
0234 118419 1421028 2131542 1
0235 83891 0 1258365 3
0236 38000 76000 1178000 1
0237 4971 29826 178956 3
0238 109365 1093650 3937140 2
0239 70901 354505 3686852 5
0240 12229 220122 660366 2
0241 96826 1549216 1936520 5
0242 39792 596880 716256 3
0243 107105 2249205 5569460 1
0244 86974 521844 695792 1
0245 30657 0 1471536 2
0246 100902 403608 3127962 2
0247 77579 620632 3180739 5
0248 112239 2357019 5836428 5
0249 49190 590280 1082180 2
0250 77337 77337 2165436 1
0251 82997 995964 2904895 1
0252 28979 579580 666517 3
0253 39723 278061 1191690 3
0254 10693 106930 641580 5
0255 25113 200904 477147 1
0256 118856 356568 3090256 5
0257 91766 1651788 3395342 3
0258 105073 735511 1996387 2
0259 105707 1268484 1374191 5
0260 111025 4663050 6106375 3
0261 90189 721512 3968316 4
0262 50652 1215648 3697596 1
0263 108470 3254100 7050550 4
0264 45899 1376970 1881859 3
0265 62491 499928 2999568 4
0266 1803 5409 23439 3
0267 104237 416948 5628798 5
0268 21225 891450 1379625 4
0269 102363 1535445 3070890 4
0270 7076 70760 290116 5
0271 60846 0 2738070 3
0272 99858 199716 2196876 4
0273 58669 352014 410683 5
0274 57276 0 2634696 1
0275 45109 631526 2841867 4
0276 19946 179514 977354 3
0277 104807 2515368 5135543 1
0278 61248 367488 1898688 3
0279 102696 616176 4415928 2
0280 120274 2164932 6374522 4
0281 10139 60834 253475 2
0282 66098 528784 1718548 4
0283 86614 346456 3118104 3
0284 75075 1501500 1801800 1
0285 65220 260880 1565280 2
0286 120819 362457 4591122 2
0287 111251 1112510 6563809 4
0288 98246 1178952 3831594 1
0289 59407 831698 891105 3
0290 60932 609320 3229396 4
0291 110385 993465 6291945 3
0292 38455 230730 1999660 3
0293 49653 893754 1489590 4
0294 16758 33516 385434 4
0295 37693 791553 2223887 1
0296 11728 0 457392 3
0297 13488 404640 418128 1
0298 83503 751527 2672096 1
0299 88093 616651 1145209 4
0300 32107 385284 545819 5
0301 18369 110214 973557 2
0302 65223 1043568 2217582 1
0303 94617 1703106 3311595 2
0304 45997 91994 873943 2
0305 109635 1315620 2411970 3
0306 72133 865596 1514793 2
0307 66409 1394589 3718904 3
0308 59939 1198780 3836096 4
0309 110255 110255 2205100 1
0310 117756 942048 5652288 3
0311 89314 803826 1161082 4
0312 116492 2329840 6407060 2
0313 107392 3006976 4295680 3
0314 64229 513832 2055328 5
0315 66163 793956 2448031 5
0316 43155 863100 2502990 1
0317 95335 2860050 3813400 5
0318 339 4746 18306 5
0319 110095 660570 3082660 2
0320 52702 105404 632424 5
0321 105197 420788 1051970 3
0322 21843 349488 698976 1
0323 21966 43932 658980 4
0324 71447 285788 1000258 2
0325 25893 414288 854469 4
0326 98334 786672 3638358 4
0327 95891 383564 4986332 4
0328 67050 402300 871650 4
0329 31202 748848 1060868 5
0330 124463 497852 3360501 5
0331 115369 2884225 4268653 2
0332 111025 1332300 1776400 2
0333 43663 654945 1746520 3
0334 92522 370088 4348534 3
0335 104947 2938516 6191873 2
0336 46670 0 1213420 2
0337 3263 29367 52208 2
0338 68983 620847 2621354 3
0339 112791 1353492 1466283 5
0340 45654 410886 2693586 5
0341 34354 103062 1064974 2
0342 105616 633696 2957248 4
0343 91521 549126 3752361 5
0344 95406 4007052 7632480 1
0345 4353 26118 108825 3
0346 121276 1819140 5093592 3
0347 90421 180842 4249787 1
0348 79555 556885 1988875 1
0349 118785 1425420 3444765 5
0350 68050 1088800 1156850 1
0351 80886 404430 1698606 2
0352 79246 475476 3169840 1
0353 78228 1642788 2268612 4
0354 78939 157878 3473316 1
0355 15696 329616 627840 5
0356 43057 430570 2411192 1
0357 11006 33018 561306 1
0358 117185 117185 5390510 3
0359 3167 88676 120346 3
0360 98142 392568 1275846 3
0361 57688 230752 1499888 4
0362 71442 2143260 4858056 1
0363 41987 0 1427558 4
0364 11629 93032 569821 3
0365 4637 55644 153021 4
0366 49816 0 697424 4
0367 17812 53436 195932 2
0368 119366 1074294 5252104 2
0369 58897 117794 2473674 5
0370 19134 535752 1396782 2
0371 83259 499554 3080583 1
0372 5287 26435 121601 5
0373 28477 854310 1224511 1
0374 26897 0 215176 3
0375 80169 1924056 2084394 4
0376 97073 1359022 5533161 4
0377 33922 407064 780206 5
0378 72461 72461 2608596 1
0379 64764 388584 3108672 1
0380 89194 2229850 6332774 1
0381 65230 391380 978450 3
0382 77408 1161120 2709280 3
0383 103034 618204 1854612 2
0384 30838 308380 955978 3
0385 19972 419412 679048 4
0386 3002 6004 111074 4
0387 501 10521 21543 2
0388 23626 236260 519772 3
0389 18044 216528 523276 3
0390 71095 213285 2701610 1
0391 34639 831336 1489477 5
0392 70972 567776 2342076 1
0393 21362 192258 448602 5
0394 59222 829108 3494098 4
0395 28559 599739 1228037 3
0396 70942 354710 3547100 3
0397 65564 983460 2163612 4
0398 29207 613347 700968 1
0399 56596 113192 1414900 2
0400 50252 201008 804032 5
0401 103017 206034 2575425 3
0402 9192 165456 367680 2
0403 68893 275572 2686827 3
0404 35470 425640 2057260 3
0405 44483 88966 1645871 4
0406 118086 590430 6494730 1
0407 6709 134180 268360 1
0408 113277 679662 4757634 5
0409 12729 50916 267309 5
0410 79756 2871216 5742432 2
0411 44011 88022 484121 2
0412 66972 1607328 2143104 2
0413 30961 216727 928830 5
0414 5518 33108 309008 1
0415 70233 140466 1826058 5
0416 17541 210492 999837 5
0417 46194 1385820 2956416 4
0418 49212 1377936 1525572 3
0419 96894 2325456 3778866 5
0420 28851 605871 1933017 4
0421 10764 21528 484380 2
0422 41392 620880 1407328 3
0423 54504 817560 1253592 1
0424 46985 563820 1973370 5
0425 5469 114849 284388 4
0426 43207 259242 1166589 5
0427 27334 191338 328008 2
0428 106986 641916 5242314 5
0429 13545 243810 446985 2
0430 80810 969720 4444550 5
0431 115715 1041435 4165740 1
0432 115366 692196 1038294 3
0433 18048 433152 1335552 5
0434 113944 1823104 2962544 4
0435 15696 282528 361008 1
0436 73641 883692 3313845 1
0437 5577 156156 267696 4
0438 44338 266028 2349914 3
0439 87182 2441096 5754012 3
0440 1683 25245 55539 2
0441 91880 735040 4777760 3
0442 69849 628641 1396980 4
0443 87047 1740940 3830068 2
0444 119337 4176795 7040883 2
0445 79731 2391930 3428433 5
0446 60558 1211160 2422320 3
0447 104241 5003568 8339280 4
0448 93740 281220 562440 3
0449 117935 235870 1651090 2
0450 45916 321412 2295800 4
0451 51128 306768 2351888 2
0452 75503 1585563 3775150 3
0453 72669 290676 3342774 5
0454 47172 754752 1415160 3
0455 60164 601640 2767544 2
0456 20539 1006411 1068028 2
0457 30518 305180 1129166 3
0458 24738 593712 1162686 2
0459 109204 1310448 2620896 4
0460 104294 312882 417176 5
0461 59757 358542 1195140 3
0462 5836 35016 58360 2
0463 112694 450776 5071230 4
0464 81251 162502 487506 2
0465 33075 396900 496125 5
0466 121049 363147 4357764 2
0467 115758 231516 5672142 3
0468 101632 1626112 1829376 5
0469 12887 257740 438158 3
0470 74022 888264 3923166 3
0471 57003 114006 1254066 1
0472 34797 208782 1113504 2
0473 93497 1963437 2243928 1
0474 27823 667752 2031079 4
0475 101255 0 2227610 2
0476 68840 413040 2891280 3
0477 117498 704988 2819952 1
0478 103762 1245144 4773052 1
0479 15853 776797 1014592 5
0480 118922 1902752 3567660 2
0481 88203 2205075 5115774 3
0482 23392 0 1029248 5
0483 33646 336460 1985114 3
0484 85020 1020240 1700400 2
0485 5402 32412 37814 5
0486 58426 584260 3038152 3
0487 102422 716954 3175082 2
0488 41624 332992 1040600 2
0489 90749 362996 544494 2
0490 48229 1446870 3665404 1
0491 9558 200718 630828 1
0492 122753 368259 1473036 1
0493 54433 1959588 3864743 1
0494 15855 110985 206115 3
0495 79401 317604 3255441 3
0496 117524 117524 2585528 5
0497 93340 373360 1960140 5
0498 38065 685170 1180015 2
0499 58589 292945 937424 1
0500 68317 1366340 2800997 3
0501 111501 557505 1338012 4
0502 25757 103028 901495 5
0503 59156 2070460 4200076 1
0504 4029 12087 169218 4
0505 47091 1977822 2825460 3
0506 4710 56520 197820 1
0507 43901 526812 2282852 5
0508 9567 114804 306144 4
0509 65526 1376046 4652346 3
0510 24762 346668 594288 1
0511 13056 470016 561408 1
0512 21261 148827 489003 4
0513 98880 1977600 5537280 5
0514 53276 1864660 3409664 4
0515 7929 190296 206154 3
0516 52280 941040 3345920 5
0517 89822 718576 2515016 2
0518 100796 604776 3427064 3
0519 26125 156750 1071125 2
0520 116291 232582 1744365 3
0521 110817 1662255 2992059 3
0522 24875 1393000 1517375 3
0523 95954 1727172 3166482 1
0524 75981 1519620 2127468 3
0525 34390 137560 343900 3
0526 120301 2526321 7097759 5
0527 79208 396040 1504952 5
0528 4653 27918 241956 1
0529 50907 916326 2341722 3
0530 43439 521268 1911316 1
0531 5163 30978 77445 1
0532 118831 594155 3446099 2
0533 65012 195036 2925540 2
0534 59764 358584 2928436 5
0535 39952 1398320 2716736 1
0536 105204 631224 1367652 3
0537 73984 2219520 3477248 4
0538 84229 673832 1768809 4
0539 84799 1780779 6020729 4
0540 117434 2113812 7046040 4
0541 24677 148062 962403 1
0542 119926 2158668 2998150 1
0543 30415 364980 942865 5
0544 15761 157610 788050 4
0545 22522 135132 315308 3
0546 44579 133737 1827739 5
0547 15168 303360 864576 4
0548 53226 425808 3087108 4
0549 20159 302385 604770 5
0550 75688 378440 1135320 1
0551 87149 1568682 4357450 3
0552 118214 709284 5083202 1
0553 36377 1091310 2037112 2
0554 62077 124154 869078 4
0555 51647 258235 2737291 4
0556 114606 802242 2635938 5
0557 123556 1482672 4942240 4
0558 76917 769170 1769091 1
0559 100439 200878 4720633 3
0560 70492 563936 4088536 3
0561 119963 7557669 8997225 1
0562 124860 2497200 5868420 5
0563 13318 266360 386222 2
0564 55406 2493270 2881112 5
0565 9095 54570 90950 1
0566 119731 239462 1077579 5
0567 65178 1303560 2737476 3
0568 18456 36912 221472 2
0569 87752 263256 2457056 1
0570 688 8256 38528 3
0571 5855 245910 450835 4
0572 112635 2027430 2365335 1
0573 25998 51996 1065918 3
0574 45809 549708 1649124 3
0575 10868 304304 315172 2
0576 110562 1990116 2764050 4
0577 119564 478256 1673896 2
0578 21607 172856 1123564 4
0579 102988 205976 4943424 5
0580 927 12978 38007 2
0581 33281 931868 2229827 3
0582 110935 665610 5990490 1
0583 21094 0 759384 3
0584 28943 347316 1013005 4
0585 112319 2695656 6402183 4
0586 87320 1047840 2095680 5
0587 25375 152250 1268750 1
0588 30117 271053 361404 5
0589 13550 67750 162600 5
0590 60393 1087074 2053362 2
0591 29983 119932 1019422 1
0592 101161 2832508 7688236 5
0593 32723 0 1014413 5
0594 49563 446067 1982520 2
0595 1905 5715 91440 4
0596 19657 39314 825594 3
0597 21246 169968 212460 4
0598 7607 91284 205389 5
0599 61121 1528025 4095107 5
0600 37910 1326850 1819680 5
0601 45330 0 1722540 5
0602 100521 1608336 3216672 2
0603 56564 848460 1753484 4
0604 84618 4146282 6177114 4
0605 64613 775356 1486099 3
0606 31883 318830 350713 1
0607 8567 25701 402649 3
0608 106542 1917756 4155138 2
0609 28286 509148 1838590 1
0610 44436 399924 1866312 3
0611 105803 317409 4126317 1
0612 77402 154804 309608 1
0613 51606 0 2322270 2
0614 102495 1229940 5022255 3
0615 18205 218460 892045 1
0616 113740 1706100 2161060 3
0617 97456 1169472 4482976 3
0618 116111 696666 4063885 1
0619 46717 140151 560604 5
0620 101017 303051 2323391 4
0621 102406 614436 1843308 2
0622 11322 45288 328338 4
0623 98767 1481505 2469175 5
0624 46822 374576 1826058 5
0625 47659 1143816 1572747 2
0626 18859 0 282885 5
0627 23713 71139 213417 5
0628 38273 382730 1875377 4
0629 90417 542502 2260425 3
0630 54583 163749 1200826 4
0631 66999 1875972 3282951 5
0632 30379 364548 394927 1
0633 81659 326636 1878157 1
0634 88858 888580 3643178 4
0635 36226 362260 760746 2
0636 9520 9520 57120 1
0637 79685 956220 1434330 5
0638 51783 1035660 1812405 3
0639 30799 461985 492784 2
0640 82248 246744 4112400 2
0641 81819 736371 1800018 4
0642 70225 491575 2598325 1
0643 120097 360291 4563686 4
0644 36086 721720 1226924 3
0645 44226 132678 353808 2
0646 58990 235960 2595560 5
0647 36758 441096 514612 2
0648 6418 6418 109106 1
0649 75984 1063776 3115344 1
0650 8559 102708 504981 3
0651 101708 0 2237576 5
0652 22875 205875 663375 2
0653 13974 0 517038 1
0654 105994 2649850 5829670 5
0655 114908 919264 2987608 4
0656 112775 1804400 3834350 4
0657 59674 179022 2386960 1
0658 101564 1828152 2437536 4
0659 107087 0 642522 1
0660 121824 243648 2071008 2
0661 98866 494330 2768248 2
0662 96424 578544 4435504 5
0663 28320 849600 1331040 1
0664 104256 208512 2814912 5
0665 20706 103530 269178 4
0666 55112 1102240 3637392 4
0667 38523 462276 1040121 4
0668 63114 757368 2335218 5
0669 33654 336540 1850970 4
0670 109208 1528912 4477528 2
0671 45987 183948 551844 1
0672 34035 170175 340350 1
0673 124483 1991728 3112075 5
0674 6111 24444 152775 3
0675 26308 657700 868164 5
0676 89786 718288 4040370 5
0677 86408 1209712 1296120 4
0678 47031 282186 2445612 5
0679 86016 602112 3612672 1
0680 59496 713952 2855808 1
0681 98257 1473855 3635509 5
0682 94866 664062 2656248 2
0683 66934 1673350 4082974 2
0684 6126 30630 324678 4
0685 108240 1623600 4870800 3
0686 56812 227248 2783788 3
0687 111746 2681904 4358094 2
0688 5942 59420 77246 5
0689 83931 671448 3609033 5
0690 15035 300700 796855 2
0691 19748 197480 236976 4
0692 48952 1223800 2153888 2
0693 47928 958560 2683968 4
0694 88385 0 1679315 3
0695 32904 263232 1217448 2
0696 59243 355458 1777290 4
0697 43689 1834938 3320364 2
0698 47553 1188825 2995839 1
0699 76521 1147815 4438218 2
0700 23383 140298 888554 1
0701 90700 362800 4535000 4
0702 15586 280548 639026 1
0703 62489 374934 749868 1
0704 35027 1471134 3117403 3
0705 451 22099 34276 3
0706 94235 1130820 4617515 1
0707 90230 0 2526440 5
0708 114503 4122108 7900707 2
0709 79105 1661205 4904510 5
0710 104213 208426 521065 2
0711 88935 1067220 5513970 2
0712 49709 447381 2137487 3
0713 115945 695670 1391340 3
0714 7209 14418 237897 5
0715 68080 136160 1429680 4
0716 5463 114723 196668 4
0717 44165 1324950 1678270 3
0718 10115 182070 354025 4
0719 64212 385272 3339024 3
0720 54583 327498 2674567 5
0721 57215 343290 514935 1
0722 77783 933396 2255707 2
0723 47628 571536 1524096 4
0724 52680 790200 1000920 5
0725 90734 544404 3357158 5
0726 61250 367500 3123750 1
0727 79249 316996 2060474 1
0728 21509 172072 1182995 2
0729 54032 108064 594352 1
0730 53284 1118964 2451064 1
0731 105256 210512 421024 3
0732 28339 340068 1501967 5
0733 49235 49235 2264810 4
0734 65816 789792 1118872 3
0735 42050 420500 798950 5
0736 43534 1088350 1131884 3
0737 56458 564580 2201862 3
0738 123776 1856640 3465728 1
0739 72937 364685 2625732 1
0740 69347 2427145 4854290 3
0741 116663 349989 5483161 3
0742 78923 631384 947076 4
0743 120833 3624990 6645815 5
0744 32970 263760 593460 4
0745 117412 0 4226832 1
0746 115413 4039455 8425149 1
0747 10922 327660 480568 4
0748 84927 2547810 5775036 4
0749 73505 1764120 3160715 1
0750 99599 697193 4083559 4
0751 57016 1026288 1596448 5
0752 3963 15852 114927 3
0753 12428 149136 410124 3
0754 85407 2049768 2733024 1
0755 90051 720408 1260714 3
0756 86163 1809423 4911291 3
0757 22041 330615 749394 5
0758 51671 516710 2480208 4
0759 92257 1291598 3321252 5
0760 107232 1608480 2359104 1
0761 62967 314835 881538 5
0762 103911 1454754 2701686 5
0763 64400 322000 386400 5
0764 62072 186216 3165672 3
0765 32386 647720 1522142 1
0766 8178 130848 531570 4
0767 28666 802648 1433300 4
0768 22599 271188 564975 1
0769 13985 0 181805 1
0770 53793 1291032 1452411 5
0771 74037 370185 1998999 4
0772 117369 234738 5046867 1
0773 33410 534560 2004600 5
0774 77405 1548100 5031325 2
0775 55911 447288 3019194 4
0776 12771 51084 549153 5
0777 61702 246808 3331908 3
0778 80168 1282688 3607560 1
0779 112954 3388620 6325424 4
0780 17034 102204 187374 2
0781 10144 243456 405760 5
0782 43956 527472 1318680 2
0783 69517 1112272 2989231 5
0784 12031 120310 372961 5
0785 103514 310542 4347588 2
0786 99927 999270 2997810 3
0787 28147 450352 1857702 5
0788 77597 620776 1241552 5
0789 55177 331062 2924381 3
0790 25815 309780 671190 2
0791 79050 474300 3715350 3
0792 78812 945744 2285548 3
0793 36125 144500 975375 4
0794 120866 1450392 7493692 3
0795 110267 2646408 8049491 2
0796 110637 1106370 1991466 5
0797 124915 124915 5621175 1
0798 57020 114040 2736960 4
0799 96221 384884 4329945 1
0800 122631 735786 5518395 3
0801 83591 2507730 4513914 4
0802 100919 2018380 2220218 3
0803 10025 60150 330825 1
0804 42968 515616 1675752 4
0805 85748 257244 1886456 4
0806 21345 426900 448245 4
0807 100578 603468 2212716 1
0808 6669 6669 26676 2
0809 2276 13656 116076 2
0810 120901 725406 967208 1
0811 35009 70018 1295333 1
0812 66559 266236 1530857 5
0813 1522 12176 80666 1
0814 122245 1711430 2200410 4
0815 43108 258648 2284724 4
0816 32769 589842 1015839 4
0817 50848 406784 2644096 5
0818 102183 408732 1124013 4
0819 42764 213820 1710560 1
0820 2515 158445 231380 4
0821 115328 461312 5305088 5
0822 110889 2217780 3659337 3
0823 61459 122918 2519819 3
0824 29617 1066212 2310126 4
0825 43076 904596 2196876 2
0826 74816 598528 1945216 2
0827 104858 734006 5557474 4
0828 119003 476012 2737069 4
0829 14835 0 148350 2
0830 85275 3581550 7163100 3
0831 106142 212284 1910556 2
0832 96232 192464 769856 2
0833 19186 57558 882556 1
0834 117569 705414 3644639 1
0835 80396 1688316 3537424 5
0836 34223 410676 1608481 4
0837 50619 151857 809904 3
0838 29340 88020 1437660 3
0839 14139 169668 381753 3
0840 19606 294090 1156754 2
0841 74367 892404 3941451 2
0842 72141 288564 2092089 2
0843 95935 287805 2302440 4
0844 59101 886515 2718646 5
0845 123309 739854 1726326 1
0846 38970 818370 2455110 4
0847 8929 17858 187509 4
0848 91762 367048 4588100 3
0849 76475 1147125 4817925 5
0850 78726 1653246 2912862 2
0851 74107 666963 3927671 1
0852 114062 3421860 6615596 3
0853 89849 2515772 3953356 1
0854 44195 928095 1281655 4
0855 7464 89568 261240 2
0856 62931 566379 3335343 1
0857 60168 180504 601680 5
0858 105387 1475418 4110093 3
0859 58490 877350 1403760 2
0860 62257 747084 3797677 4
0861 68877 0 1033155 2
0862 4388 17552 70208 4
0863 88877 355508 2577433 1
0864 96262 2021502 6834602 5
0865 113843 341529 3301447 5
0866 56031 112062 2857581 1
0867 53959 539590 1672729 5
0868 122235 3667050 7945275 4
0869 46973 1409190 3476002 1
0870 39362 472344 984050 3
0871 82651 82651 3801946 4
0872 10434 260850 427794 4
0873 47252 1653820 2882372 1
0874 20494 204940 799266 4
0875 89079 890790 3295923 2
0876 98848 395392 5337792 5
0877 69180 69180 2421300 3
0878 115612 231224 3121524 1
0879 86735 86735 3469400 3
0880 11300 45200 248600 1
0881 30932 0 92796 4
0882 107054 428216 5459754 2
0883 90764 726112 1724516 5
0884 42749 256494 2051952 5
0885 37777 1057756 2606613 3
0886 59760 418320 2151360 1
0887 55502 444016 1498554 2
0888 102205 204410 613230 5
0889 121687 365061 1946992 1
0890 84357 1012284 4386564 5
0891 59912 359472 3235248 1
0892 64308 0 1736316 2
0893 34210 855250 1642080 5
0894 3385 60930 209870 2
0895 37327 447924 1306445 4
0896 84877 679016 3564834 4
0897 6774 20322 311604 1
0898 88090 528540 2818880 4
0899 119252 1908032 7393624 3
0900 79689 1912536 4701651 5
0901 52240 1097040 2768720 3
0902 62815 188445 753780 2
0903 48322 193288 1449660 2
0904 109233 655398 4041621 2
0905 57656 230624 1037808 4
0906 118486 1658804 3080636 4
0907 51330 102660 1642560 3
0908 2423 2423 43614 2
0909 19450 233400 914150 2
0910 112723 450892 901784 3
0911 7450 14900 283100 3
0912 38265 1339275 1874985 2
0913 39504 237024 316032 3
0914 23673 189384 236730 2
0915 31796 381552 731308 4
0916 124300 1740200 7085100 1
0917 85712 1199968 5485568 3
0918 56925 455400 1423125 1
0919 7203 28812 244902 1
0920 3905 19525 183535 2
0921 85325 1023900 3498325 4
0922 52937 264685 2540976 5
0923 75485 905820 2340035 1
0924 86215 0 775935 4
0925 64353 3088944 4826475 1
0926 61193 367158 979088 5
0927 99624 796992 5479320 5
0928 118290 709740 6151080 4
0929 30063 270567 1743654 2
0930 107298 643788 2467854 5
0931 47793 286758 2580822 4
0932 22451 112255 516373 1
0933 17238 120666 293046 3
0934 6860 54880 336140 5
0935 4850 14550 97000 2
0936 109596 3835860 4055052 4
0937 40469 849849 1861574 5
0938 8277 66216 380742 2
0939 117358 2933950 5046394 1
0940 90408 1627344 2350608 2
0941 25653 76959 974814 3
0942 101502 1421028 2740554 2
0943 105902 529510 5295100 3
0944 114800 344400 1262800 2
0945 549 4392 19764 3
0946 67615 405690 608535 5
0947 9988 49940 369556 4
0948 32461 259688 1460745 1
0949 25227 706356 933399 5
0950 34268 274144 1747668 1
0951 76704 920448 2761344 5
0952 28843 201901 1644051 1
0953 18020 144160 270300 2
0954 118281 591405 1064529 3
0955 2001 32016 106053 5
0956 116245 464980 2092410 2
0957 22082 353312 1435330 4
0958 114848 344544 5283008 5
0959 118571 1422852 2489991 4
0960 103963 623778 3638705 3
0961 96754 0 4644192 3
0962 55147 1158087 3363967 1
0963 22272 178176 400896 1
0964 84552 84552 930072 3
0965 100648 905832 1811664 5
0966 24114 289368 940446 5
0967 78346 470076 3525570 1
0968 19296 19296 135072 5
0969 3074 27666 126034 4
0970 118583 1422996 2964575 4
0971 94497 944970 1039467 3
0972 115328 1729920 2652544 1
0973 109663 657978 3947868 3
0974 17604 211248 475308 4
0975 59995 179985 839930 1
0976 74597 149194 1790328 5
0977 57200 228800 1887600 4
0978 27082 54164 324984 5
0979 74586 0 149172 5
0980 49725 447525 1442025 2
0981 49724 198896 546964 1
0982 70812 566496 1416240 3
0983 68014 1836378 3536728 1
0984 99249 0 3175968 2
0985 18409 36818 404998 5
0986 28534 399476 1398166 2
0987 99716 1196592 3290628 2
0988 21695 43390 585765 1
0989 81183 2273124 2679039 2
0990 7823 234690 258159 4
0991 117987 1415844 4601493 1
0992 89767 2154408 6642758 3
0993 124571 498284 5730266 5
0994 123774 2970576 5693604 5
0995 91732 366928 3027156 3
0996 114656 4127616 6650048 4
0997 109742 1646130 4828648 2
0998 38025 304200 570375 3
0999 107986 107986 215972 2
1000 70943 709430 1489803 5
1001 13855 83130 540345 1
1002 104175 520875 4375350 4
1003 16918 50754 693638 4
1004 46946 704190 1596164 3
1005 56410 1579480 4287160 5
1006 97089 1165068 2524314 1
1007 77150 1080100 2237350 3
1008 99254 1985080 3672398 4
1009 100789 604734 3124459 3
1010 25310 531510 1543910 2
1011 55402 1108040 3490326 1
1012 81158 973896 2678214 2
1013 33029 528464 1122986 3
1014 42372 593208 1016928 5
1015 109281 2185620 7649670 3
1016 99169 396676 1190028 3
1017 93129 186258 3818289 1
1018 27738 332856 1109520 1
1019 22588 22588 135528 3
1020 112329 1123290 6065766 3
1021 68790 2063700 2545230 1
1022 78420 2744700 3528900 3
1023 42527 637905 1530972 5
1024 47407 474070 2038501 5
1025 117000 1638000 6903000 5
1026 88905 2133720 2756055 5
1027 117608 0 1293688 4
1028 12842 256840 898940 2
1029 120125 480500 4684875 4
1030 90098 360392 3423724 4
1031 60760 2551920 4253200 3
1032 116170 580850 4065950 1
1033 28882 346584 693168 3
1034 6931 55448 367343 2
1035 31319 563742 1409355 2
1036 46797 93594 374376 5
1037 119020 1428240 2975500 5
1038 19035 475875 1084995 1
1039 97311 681177 3113952 4
1040 109251 1748016 1966518 2
1041 60169 361014 2286422 1
1042 51670 516700 1963460 2
1043 18046 0 108276 1
1044 51827 621924 3109620 4
1045 101643 3557505 5793651 5
1046 2385 35775 62010 3
1047 8214 197136 402486 2
1048 5725 28625 206100 1
1049 93278 1865560 2891618 1
1050 106625 3198750 6290875 4
1051 84823 508938 4495619 2
1052 46199 739184 2587144 1
1053 22753 204777 796355 3
1054 75991 3723559 6611217 2
1055 21042 126252 1010016 5
1056 76823 460938 3380212 3
1057 123388 740328 1110492 5
1058 55023 550230 990414 4
1059 73950 591600 739500 1
1060 108679 217358 2064901 3
1061 40171 1687182 3012825 2
1062 119048 1428576 3095248 2
1063 10485 62910 272610 5
1064 65035 1300700 1495805 4
1065 75471 377355 1207536 1
1066 39856 836976 2630496 3
1067 90468 633276 2804508 4
1068 72754 654786 3637700 3
1069 6131 18393 263633 4
1070 55487 832305 3495681 4
1071 15637 187644 562932 5
1072 92947 836523 5297979 3
1073 118967 2855208 4282812 5
1074 45396 907920 2950740 4
1075 69332 623988 2426620 3
1076 67115 805380 2214795 1
1077 35291 635238 1094021 1
1078 33078 496170 1852368 1
1079 55692 445536 1002456 5
1080 52733 421864 1054660 2
1081 23544 23544 541512 2
1082 119610 358830 4664790 5
1083 38690 773800 1857120 3
1084 19589 78356 783560 3
1085 5149 20596 72086 2
1086 96169 1923380 3173577 1
1087 112106 224212 4820558 5
1088 36879 553185 1548918 2
1089 116387 2327740 4888254 1
1090 116435 4657400 5356010 4
1091 84866 1272990 4667630 5
1092 123992 2479840 6695568 1
1093 47525 95050 2281200 2
1094 43834 1227352 1446522 2
1095 91480 182960 914800 4
1096 114429 1373148 6408024 1
1097 92909 1672362 2880179 5
1098 85603 599221 4365753 4
1099 11760 141120 270480 2
1100 52952 529520 1270848 1
1101 29129 58258 757354 4
1102 5175 62100 77625 5
1103 104316 1877688 5111484 3
1104 67544 1621056 3174568 3
1105 98323 393292 2654721 3
1106 29303 0 58606 2
1107 19255 385100 1232320 3
1108 38845 388450 2058785 1
1109 114416 915328 5148720 1
1110 65414 1046624 3663184 4
1111 10380 93420 612420 3
1112 107814 431256 3018792 2
1113 81023 162046 4051150 5
1114 106720 2561280 7577120 2
1115 61510 861140 1353220 2
1116 7959 167139 525294 1
1117 37800 1209600 2230200 1
1118 86881 2085144 6168551 4
1119 31562 252496 347182 4
1120 105318 3791448 5265900 4
1121 49924 199696 2046884 5
1122 5803 11606 191499 2
1123 52194 1096074 2766282 4
1124 117910 943280 1768650 3
1125 46597 279582 2329850 3
1126 63856 127712 1532544 3
1127 118025 472100 3776800 2
1128 77665 0 2562945 3
1129 28860 173160 1010100 2
1130 57133 1028394 3199448 2
1131 12836 0 551948 1
1132 33766 844150 979214 4
1133 36170 325530 723400 2
1134 5939 47512 285072 2
1135 78915 1183725 2762025 3
1136 17788 71152 569216 4
1137 73454 146908 734540 4
1138 70493 845916 2326269 3
1139 123325 2589825 6166250 1
1140 78273 939276 4852926 5
1141 97030 388120 2619810 3
1142 92924 1115088 1300936 3
1143 38456 153824 538384 5
1144 62695 62695 2883970 4
1145 87570 875700 1838970 5
1146 23596 235960 589900 5
1147 20148 362664 685032 5
1148 51816 155448 518160 2
1149 25737 154422 978006 4
1150 83300 833000 2665600 3
1151 72904 218712 3791008 4
1152 92911 2787330 2880241 3
1153 95440 381760 4581120 4
1154 82171 575197 2465130 4
1155 120191 480764 6490314 2
1156 17549 0 877450 2
1157 88943 1067316 3201948 1
1158 34840 34840 1776840 1
1159 77406 696654 3792894 3
1160 99319 893871 3575484 3
1161 23554 471080 1012822 1
1162 68799 1238382 2614362 4
1163 108350 1516900 3358850 3
1164 56384 676608 2368128 3
1165 32475 487125 1493850 3
1166 57050 684600 1540350 5
1167 57807 809298 2832543 5
1168 116702 1400424 5835100 1
1169 51091 613092 2810005 3
1170 22046 264552 1234576 1
1171 6740 377440 458320 2
1172 28600 85800 972400 1
1173 114680 4013800 9633120 5
1174 62398 873572 1372756 5
1175 46843 0 608959 3
1176 96728 0 1644376 4
1177 17049 51147 170490 5
1178 103852 1661632 6854232 4
1179 78552 1256832 3063528 5
1180 98059 2353416 4804891 1
1181 31661 158305 981491 5
1182 120226 1683164 1923616 2
1183 26297 315564 1604117 5
1184 22105 265260 486310 3
1185 84453 2364684 2449137 3
1186 80084 800840 1041092 5
1187 74295 371475 1634490 3
1188 89132 3743544 7487088 3
1189 44710 44710 1609560 4
1190 70142 140284 2104260 5
1191 105153 315459 946377 3
1192 95978 575868 3743142 2
1193 11996 71976 239920 4
1194 80100 640800 3844800 3
1195 47962 239810 2637910 3
1196 27407 0 274070 3
1197 39923 638768 1517074 3
1198 109008 327024 4360320 4
1199 108530 3255900 5100910 3
1200 84537 84537 2958795 3
1201 45393 226965 680895 1
1202 53404 480636 961272 2
1203 115620 231240 5665380 5
1204 41677 833540 1417018 4
1205 6575 26300 85475 3
1206 37134 185670 1114020 5
1207 100743 4231206 5339379 2
1208 74809 448854 4114495 4
1209 124919 249838 4122327 2
1210 86382 1036584 2332314 4
1211 64764 0 64764 3
1212 55053 440424 1211166 5
1213 15519 310380 946659 1
1214 10130 30390 192470 5
1215 116228 1162280 2673244 5
1216 120155 961240 6728680 2
1217 115504 577520 5775200 2
1218 35523 355230 994644 5
1219 111158 0 4224004 4
1220 83961 2518830 4198050 4
1221 18008 72032 522232 2
1222 67378 2021340 4514326 4
1223 105713 3805668 4651372 2
1224 69359 69359 3051796 4
1225 3580 42960 221960 4
1226 122683 1472196 6747565 3
1227 39809 597135 1313697 1
1228 92949 1487184 3532062 2
1229 52474 629688 1994012 5
1230 31625 474375 1771000 4
1231 45638 273828 1642968 3
1232 118732 237464 1424784 5
1233 28826 691824 1325996 1
1234 67045 201135 1072720 4
1235 33470 100410 1539620 2
1236 122759 491036 1595867 4
1237 57256 458048 629816 4
1238 79140 4431840 4590120 5
1239 50201 1405628 3564271 3
1240 23980 23980 479600 1
1241 29289 0 849381 5
1242 57589 575890 691068 4
1243 40082 40082 1162378 1
1244 53221 532210 1064420 3
1245 3622 7244 134014 4
1246 65795 328975 3289750 2
1247 36556 329004 1608464 5
1248 117708 1177080 1647912 5
1249 88754 177508 3195144 5
1250 40424 121272 1940352 2
1251 99150 1784700 4362600 1
1252 108152 1297824 6705424 2
1253 7831 62648 344564 2
1254 102362 1433068 5527548 3
1255 6791 135820 217312 5
1256 96915 872235 2713620 3
1257 15762 283716 1071816 5
1258 89967 1889307 2699010 1
1259 19179 383580 767160 5
1260 10608 31824 519792 3
1261 19333 405993 715321 2
1262 109987 879896 4069519 1
1263 87553 1050636 3502120 2
1264 1438 28760 77652 1
1265 4305 17220 172200 2
1266 69618 208854 3272046 1
1267 74469 372345 1340442 2
1268 110296 110296 5073616 5
1269 68766 481362 1994214 2
1270 41095 493140 534235 3
1271 124724 997792 3741720 1
1272 49854 1744890 2991240 5
1273 41723 83446 458953 2
1274 71949 503643 3381603 3
1275 30853 370236 401089 3
1276 84655 0 423275 5
1277 82584 743256 2725272 2
1278 78361 391805 2037386 5
1279 56438 677256 1693140 4
1280 43283 519396 1211924 4
1281 22540 631120 698740 2
1282 30320 181920 272880 4
1283 35458 141832 1560152 3
1284 43453 1216684 2954804 4
1285 85499 854990 3761956 3
1286 81207 1299312 5278455 5
1287 17546 70184 122822 4
1288 71239 427434 2849560 5
1289 104802 1886436 5449704 1
1290 13528 189392 608760 4
1291 46230 970830 3097410 4
1292 95961 671727 4030362 1
1293 6471 25884 90594 5
1294 22689 635292 1270584 1
1295 80574 805740 4270422 3
1296 39970 119910 1678740 5
1297 38804 349236 1590964 5
1298 115906 2086308 7070266 1
1299 60779 607790 1458696 3
1300 86642 693136 3638964 2
1301 87712 877120 4122464 4
1302 9760 0 39040 3
1303 3953 83013 94872 2
1304 80728 726552 4520768 5
1305 62798 251192 2700314 4
1306 81495 1222425 3096810 1
1307 53535 428280 910095 5
1308 119378 596890 2029426 3
1309 30088 60176 451320 2
1310 31003 31003 248024 2
1311 77499 619992 1394982 5
1312 87244 0 2006612 3
1313 15362 122896 445498 2
1314 40783 489396 2039150 4
1315 63120 378720 504960 1
1316 60578 726936 1999074 1
1317 84680 677440 4826760 3
1318 89819 898190 4311312 2
1319 37988 189940 227928 2
1320 63106 1325226 3218406 3
1321 28846 86538 374998 2
1322 28938 173628 1360086 2
1323 54332 380324 2879596 1
1324 45602 1276856 2462508 5
1325 43728 87456 1661664 2
1326 82588 660704 3716460 1
1327 91318 1917678 6209624 3
1328 70923 1418460 2482305 5
1329 60012 540108 3240648 4
1330 109924 659544 2418328 1
1331 26216 26216 209728 4
1332 111761 670566 1117610 3
1333 24403 48806 951717 1
1334 111372 668232 5902716 1
1335 68130 1703250 5109750 1
1336 52682 316092 1159004 2
1337 47930 575160 623090 3
1338 87150 348600 2353050 4
1339 91727 1100724 4586350 1
1340 117357 469428 6102564 4
1341 8964 71712 376488 3
1342 41948 1006752 1468180 1
1343 119738 1436856 2753974 4
1344 58563 117126 937008 3
1345 76996 923952 2232884 3
1346 11379 136548 295854 3
1347 108722 0 434888 4
1348 18966 170694 568980 2
1349 73038 511266 1241646 3
1350 123079 492316 6030871 2
1351 61455 1290555 2581110 5
1352 96737 1934740 2224951 3
1353 18094 144752 904700 2
1354 44760 537120 1566600 4
1355 124287 1491444 3604323 2
1356 2337 70110 175275 1
1357 3271 13084 160279 3
1358 46511 2092995 3860413 5
1359 118830 0 4159050 2
1360 109189 1310268 1747024 2
1361 96391 578346 2313384 5
1362 23037 575925 1428294 3
1363 121910 1462920 6217410 2
1364 114600 687600 5615400 5
1365 79245 1901880 3169800 1
1366 2165 8660 116910 1
1367 61973 247892 2974704 3
1368 22896 366336 801360 2
1369 104275 417100 5109475 4
1370 36413 436956 910325 5
1371 74550 2236500 2385600 3
1372 57690 865350 2192220 1
1373 11121 0 544929 2
1374 113672 682032 6365632 2
1375 111913 223826 895304 4
1376 13104 26208 144144 3
1377 15434 15434 787134 5
1378 52590 1314750 3839070 4
1379 27507 1155294 2255574 3
1380 83991 1679820 5123451 1
1381 62435 187305 998960 3
1382 11646 11646 81522 2
1383 19772 415212 731564 3
1384 72089 1081335 1441780 1
1385 20594 164752 1029700 4
1386 48716 194864 682024 1
1387 35101 877525 1895454 1
1388 3483 52245 153252 1
1389 90305 0 451525 3
1390 111315 779205 3896025 3
1391 104369 521845 2817963 3
1392 81174 405870 3490482 4
1393 85993 687944 1203902 5
1394 68277 546216 1228986 1
1395 59986 719832 2279468 4
1396 57666 115332 2364306 2
1397 89557 537342 895570 1
1398 49149 393192 1916811 2
1399 68961 1379220 3310128 2
1400 18537 222444 667332 3
1401 36268 0 761628 5
1402 97755 1173060 5278770 4
1403 33153 99459 961437 5
1404 1992 31872 101592 5
1405 24429 73287 195432 4
1406 36814 0 736280 4
1407 91148 2734440 6744952 1
1408 12644 0 164372 2
1409 29293 615153 1054548 1
1410 62143 310715 2858578 4
1411 82001 164002 2378029 5
1412 57297 1432425 1718910 2
1413 2194 46074 57044 4
1414 42355 338840 1016520 5
1415 42714 170856 854280 5
1416 93610 3931620 6552700 4
1417 67668 947352 1827036 5
1418 82963 414815 4148150 1
1419 17169 257535 583746 4
1420 31077 93231 435078 3
1421 123657 0 2102169 3
1422 36956 554340 1219548 5
1423 87259 872590 3752137 4
1424 66300 795600 1392300 1
1425 103592 828736 3211352 3
1426 55153 1158213 3088568 4
1427 107675 1615125 4199325 1
1428 95449 2672572 6395083 4
1429 38094 533316 2018982 4
1430 60819 729828 2128665 5
1431 46802 374416 1778476 4
1432 93574 1122888 1965054 5
1433 10527 31581 168432 2
1434 123710 2226780 6680340 3
1435 111240 1668600 2224800 2
1436 13454 403620 1022504 5
1437 63319 379914 2975993 2
1438 96524 965240 5791440 1
1439 51549 206196 1237176 1
1440 82086 1231290 2134236 5
1441 64187 128374 2952602 1
1442 23043 368688 875634 4
1443 37613 300904 714647 3
1444 105273 1263276 5263650 1
1445 58112 2092032 4184064 1
1446 107580 107580 1290960 3
1447 72764 1746336 4656896 2
1448 97565 2341560 5366075 3
1449 51290 1025800 2051600 4
1450 38961 1168830 1285713 4
1451 64594 516752 1485662 4
1452 77374 1083236 4951936 4
1453 118617 237234 2135106 1
1454 18528 277920 629952 4
1455 113855 2846375 8425270 5
1456 114301 1371612 2171719 4
1457 46854 374832 1358766 4
1458 84711 0 1609509 5
1459 11781 106029 412335 5
1460 66403 2390508 5511449 4
1461 115016 460064 6210864 4
1462 57041 114082 1483066 2
1463 97515 1170180 5850900 4
1464 8890 186690 364490 5
1465 44736 0 849984 2
1466 103643 2072860 4353006 1
1467 107838 1294056 5068386 5
1468 3040 24320 54720 3
1469 105831 423324 3809916 5
1470 75259 451554 3236137 2
1471 47267 283602 1370743 5
1472 12944 232992 673088 5
1473 35821 286568 1217914 2
1474 34182 170910 1264734 3
1475 83008 415040 1660160 4
1476 751 2253 32293 5
1477 99336 496680 1986720 1
1478 82685 744165 3968880 4
1479 121618 3648540 7297080 5
1480 51837 0 2488176 5
1481 120 360 600 1
1482 65168 782016 912352 4
1483 24685 493700 1530470 2
1484 31782 444948 794550 5
1485 120437 722622 4576606 5
1486 100664 1207968 5838512 2
1487 105296 421184 2948288 2
1488 24266 606650 922108 4
1489 107847 431388 2264787 5
1490 2036 8144 73296 2
1491 124524 1867860 1992384 5
1492 93115 2327875 3259025 3
1493 38915 544810 1751175 3
1494 66053 132106 1056848 4
1495 41421 248526 662736 4
1496 2887 101045 225186 4
1497 25905 310860 1217535 5
1498 84953 1019436 1274295 1
1499 19578 274092 704808 2
1500 18994 455856 1101652 4
1501 48844 488440 2051448 4
1502 62977 755724 2519080 2
1503 98464 3446240 7483264 5
1504 38231 152924 688158 4
1505 66226 331130 3642430 4
1506 20328 81312 264264 2
1507 112131 672786 3812454 2
1508 6688 100320 394592 2
1509 81327 569289 4066350 2
1510 42836 171344 1242244 1
1511 56608 1415200 3736128 2
1512 48273 1158552 2655015 1
1513 101905 2853340 5808585 4
1514 38636 386360 888628 4
1515 50327 201308 654251 1
1516 4464 8928 84816 1
1517 10721 257304 525329 5
1518 67467 1012005 1889076 4
1519 82066 984792 2954376 1
1520 122724 1227240 4295340 4
1521 95018 1900360 2850540 4
1522 93122 1862440 3073026 3
1523 84621 676968 1100073 5
1524 100925 1513875 3532375 2
1525 84553 507318 4565862 3
1526 105387 1580805 2002353 5
1527 70075 1121200 3363600 2
1528 89511 1074132 3222396 2
1529 91472 457360 5030960 1
1530 89776 897760 4399024 4
1531 28624 57248 1116336 4
1532 54562 1309488 3382844 3
1533 37293 932325 2796975 1
1534 96717 0 3288378 5
1535 104972 2204412 6613236 2
1536 86394 518364 1295910 5
1537 81447 488682 2117622 5
1538 11958 143496 633774 2
1539 55732 668784 3232456 1
1540 81380 325520 1546220 2
1541 70843 425058 1629389 4
1542 17954 269310 466804 3
1543 2212 13272 28756 5
1544 14407 288140 403396 3
1545 6304 12608 239552 1
1546 78977 631816 1184655 5
1547 76517 535619 3519782 4
1548 359 718 3231 3
1549 6420 64200 166920 1
1550 32069 320690 833794 3
1551 10466 104660 470970 3
1552 66894 2408184 3545382 5
1553 30583 642243 1987895 4
1554 40954 204770 1801976 1
1555 28451 56902 113804 1
1556 5464 0 71032 4
1557 99574 0 4182108 1
1558 23850 286200 1383300 2
1559 64684 582156 840892 5
1560 58212 698544 1979208 1
1561 95893 575358 1534288 2
1562 80176 240528 2244928 1
1563 82234 411170 493404 3
1564 51426 411408 1182798 4
1565 112939 2032902 6776340 4
1566 65188 391128 1368948 4
1567 35263 564208 2256832 4
1568 120052 720312 6482808 2
1569 14101 211515 423030 3
1570 24424 439632 488480 2
1571 32672 490080 522752 1
1572 110967 1331604 6768987 1
1573 78841 1261456 2995958 3
1574 88925 266775 4357325 5
1575 83919 839190 1426623 4
1576 47055 282330 1929255 2
1577 105881 3705835 7941075 1
1578 101334 608004 912006 4
1579 12933 51732 362124 3
1580 116322 814254 3954948 3
1581 30836 61672 1017588 1
1582 110755 2215100 7642095 1
1583 115439 1385268 5541072 2
1584 112301 449204 1909117 4
1585 45823 412407 1328867 3
1586 36848 368480 1952944 1
1587 70819 849828 2903579 3
1588 67340 1010100 3501680 2
1589 24612 369180 1009092 5
1590 20276 324416 466348 3
1591 41775 167100 2130525 1
1592 104810 0 524050 5
1593 11749 117490 599199 5
1594 111403 0 2450866 5
1595 80265 1605300 2086890 3
1596 64744 517952 1230136 3
1597 95965 575790 4894215 2
1598 96655 4059510 6862505 2
1599 102677 308031 1540155 4
1600 61042 366252 427294 2
1601 55784 557840 1729304 4
1602 37682 113046 1017414 1
1603 5245 31470 220290 2
1604 20259 121554 243108 3
1605 68836 413016 3235292 2
1606 27294 163764 327528 2
1607 69293 554344 2979599 4
1608 122205 855435 4277175 4
1609 110991 1331892 3329730 5
1610 22731 113655 1068357 3
1611 58187 1047366 2152919 5
1612 95578 382312 1720404 4
1613 20249 121494 688466 5
1614 79940 239820 319760 5
1615 62364 873096 2619288 2
1616 31002 372024 1519098 4
1617 98557 1379798 4040837 5
1618 77875 545125 1323875 1
1619 99775 399100 4290325 3
1620 52777 263885 2638850 2
1621 31375 878500 1411875 4
1622 8935 160830 214440 4
1623 18112 326016 615808 2
1624 51514 515140 1648448 3
1625 96244 288732 4330980 5
1626 7950 31800 159000 5
1627 99403 1491045 3876717 2
1628 36217 0 1557331 2
1629 91993 1103916 1471888 4
1630 69785 837420 2372690 1
1631 73301 366505 2272331 2
1632 70965 2838600 5890095 3
1633 122401 734406 4528837 1
1634 55500 777000 1887000 5
1635 123473 4321555 8396164 2
1636 111469 2675256 8137237 3
1637 45022 1080528 2971452 1
1638 100153 1502295 3705661 4
1639 65101 1953030 2343636 2
1640 4871 29226 58452 5
1641 14681 88086 440430 3
1642 20240 0 323840 1
1643 50192 100384 301152 1
1644 70530 1269540 3738090 1
1645 9707 155312 330038 3
1646 96504 772032 4921704 1
1647 29607 118428 384891 2
1648 74015 1332270 3034615 3
1649 31373 188238 752952 5
1650 62427 62427 2809215 3
1651 105183 1262196 5679882 3
1652 2040 8160 108120 2
1653 119146 476584 4170110 3
1654 59129 236516 1182580 1
1655 105662 1901916 5177438 1
1656 59534 0 535806 2
1657 9716 29148 388640 2
1658 54256 1627680 1953216 3
1659 57292 114584 401044 5
1660 49376 740640 2765056 2
1661 92969 1673442 3811729 2
1662 40017 480204 2040867 5
1663 7924 166404 293188 3
1664 77365 618920 3326695 5
1665 77287 1623027 3787063 3
1666 40856 490272 2206224 4
1667 75127 450762 2103556 1
1668 27967 559340 1789888 1
1669 27703 83109 1385150 4
1670 2279 18232 29627 2
1671 39263 471156 1923887 4
1672 124908 2498160 5121228 3
1673 95318 285954 1334452 2
1674 109399 437596 2297379 3
1675 59208 592080 1065744 2
1676 24679 197432 345506 3
1677 74366 1115490 2156614 3
1678 91753 275259 4495897 4
1679 58328 1049904 1516528 1
1680 86326 1035912 2935084 1
1681 17175 34350 807225 1
1682 45557 683355 2323407 1
1683 17561 105366 509269 5
1684 39289 785780 1610849 1
1685 75606 907272 1209696 5
1686 93694 1124328 5153170 3
1687 92405 831645 3326580 5
1688 88479 176958 530874 2
1689 37876 0 1249908 3
1690 99093 0 4558278 3
1691 110567 0 4754381 2
1692 38304 38304 1532160 5
1693 75544 1813056 2115232 2
1694 51462 205848 514620 3
1695 78830 945960 1340110 2
1696 97039 485195 1940780 5
1697 33790 0 709590 3
1698 50794 1219056 2031760 5
1699 92010 3220350 7268790 5
1700 679 3395 7469 1
1701 101895 2547375 3464430 5
1702 67386 134772 1010790 3
1703 58980 235920 2123280 5
1704 90433 0 3617320 5
1705 34689 624402 901914 1
1706 64727 776724 2653807 4
1707 24494 293928 1151218 2
1708 72238 433428 3395186 3
1709 60744 364464 1397112 5
1710 78777 78777 3229857 4
1711 32334 582012 1810704 3
1712 91206 456030 2827386 2
1713 19506 390120 799746 1
1714 6388 51104 274684 5
1715 41967 251802 1426878 2
1716 83193 166386 249579 1
1717 120024 720144 6721344 2
1718 95745 2680860 6893640 2
1719 73807 1107105 2214210 4
1720 112326 449304 2358846 3
1721 61628 1232560 1910468 4
1722 94706 2651768 5303536 1
1723 7099 85188 191673 5
1724 119438 1672132 6569090 4
1725 49090 147270 343630 5
1726 29571 236568 325281 4
1727 43209 648135 1598733 1
1728 52060 312360 1093260 5
1729 41382 413820 1489752 3
1730 28084 0 1039108 3
1731 91045 182090 3186575 3
1732 55200 386400 1159200 1
1733 5327 37289 229061 1
1734 22422 269064 1143522 2
1735 15173 182076 197249 5
1736 90047 1080564 2431269 2
1737 75985 303940 2659475 3
1738 84027 1008324 1428459 2
1739 108123 216246 4324920 4
1740 37819 151276 2004407 4
1741 13446 40338 349596 3
1742 73634 589072 2282654 5
1743 99289 0 1092179 3
1744 113399 2381379 2834975 5
1745 111906 1342872 2126214 2
1746 55320 1548960 1604280 5
1747 81207 243621 2192589 1
1748 69755 209265 1116080 5
1749 44484 88968 266904 3
1750 97842 293526 2543892 1
1751 73358 880296 3887974 1
1752 65661 919254 2363796 4
1753 103930 311790 1143230 5
1754 14491 86946 391257 3
1755 83456 250368 2002944 2
1756 22105 22105 618940 4
1757 54806 876896 2795106 2
1758 94125 0 1882500 1
1759 56625 113250 2434875 2
1760 18864 113184 396144 2
1761 71291 855492 4063587 5
1762 38130 0 190650 1
1763 77660 1087240 1708520 2
1764 103312 516560 619872 2
1765 19678 413238 983900 2
1766 53455 320730 2779660 1
1767 90232 4331136 6496704 3
1768 68147 204441 749617 1
1769 97440 682080 3020640 2
1770 27847 334164 1698667 5
1771 36686 440232 953836 2
1772 90480 1085760 2442960 4
1773 57368 1147360 2352088 2
1774 72951 2188530 2553285 4
1775 91060 2185440 5099360 3
1776 80742 1211130 2180034 3
1777 32334 776016 1584366 4
1778 7419 7419 59352 4
1779 61873 0 618730 3
1780 15822 94932 348084 1
1781 82671 0 330684 5
1782 12690 456840 609120 5
1783 17119 68476 308142 3
1784 73698 147396 2284638 5
1785 46869 421821 2624664 3
1786 15218 228270 913080 4
1787 100694 2114574 4531230 3
1788 80698 2259544 4841880 4
1789 11158 22316 33474 2
1790 107117 535585 1392521 2
1791 115909 695454 5099996 5
1792 70586 2117580 2470510 1
1793 84684 423420 3556728 1
1794 82650 82650 3967200 2
1795 124942 1749188 4123086 5
1796 37518 450216 1800864 1
1797 1768 21216 70720 2
1798 91468 548808 3384316 5
1799 26575 0 903550 4
1800 37344 373440 1045632 2
1801 123073 4430628 6522869 1
1802 63030 630300 1134540 3
1803 33728 134912 269824 2
1804 89162 891620 2318212 3
1805 79728 717552 4385040 5
1806 124119 1117071 6950664 1
1807 9355 112260 224520 1
1808 7344 44064 58752 3
1809 83574 668592 4262274 1
1810 20836 750096 875112 3
1811 80323 1445814 3052274 4
1812 15815 63260 363745 4
1813 8036 160720 474124 3
1814 36993 221958 1035804 2
1815 64754 323770 453278 3
1816 108531 217062 2062089 5
1817 21275 106375 957375 5
1818 116318 116318 3838494 3
1819 48403 48403 1984523 2
1820 103785 3736260 7680090 2
1821 89404 1788080 2145696 5
1822 81183 730647 1380111 5
1823 94690 1136280 4166360 4
1824 99263 496315 3573468 1
1825 15779 236685 678497 2
1826 55759 669108 3010986 3
1827 101254 506270 4556430 3
1828 118525 1066725 6637400 3
1829 68523 411138 1096368 2
1830 89839 1347585 1796780 5
1831 31163 0 93489 3
1832 86921 173842 2346867 5
1833 67693 338465 1421553 3
1834 70568 2963856 4022376 4
1835 33446 702366 2006760 5
1836 23663 236630 331282 5
1837 91761 917610 2477547 2
1838 86110 688880 4736050 1
1839 7376 36880 302416 4
1840 96351 96351 385404 4
1841 62724 250896 2948028 5
1842 88844 1776880 6130236 1
1843 88749 0 3727458 1
1844 53313 266565 1759329 2
1845 94925 1139100 2183275 3
1846 78314 469884 3054246 2
1847 23609 141654 1322104 5
1848 22698 476658 1475370 3
1849 23155 69465 787270 3
1850 89556 0 3671796 2
1851 21082 210820 1264920 4
1852 70018 700180 1540396 2
1853 106856 4487952 8014200 5
1854 111938 1007442 3582016 4
1855 54787 1095740 2081906 3
1856 73952 443712 3032032 3
1857 95475 1718550 5537550 5
1858 100251 0 2606526 3
1859 46056 46056 736896 5
1860 78513 1413234 2433903 4
1861 97619 585714 3611903 4
1862 3732 14928 153012 1
1863 54786 438288 602646 4
1864 67502 202506 675020 2
1865 22083 463743 1015818 5
1866 56270 393890 2588420 3
1867 88216 1058592 2999344 1
1868 49083 392664 539913 2
1869 107448 1934064 6124536 2
1870 62984 125968 2771296 3
1871 72806 1747344 2256986 1
1872 79387 158774 3493028 3
1873 41746 333968 793174 3
1874 109439 0 4705877 1
1875 74061 0 1184976 5
1876 85299 597093 4094352 2
1877 5545 99810 249525 2
1878 115877 3244556 4750957 2
1879 7390 103460 428620 4
1880 111692 2345532 4244296 2
1881 96426 2024946 3857040 2
1882 113378 1587292 4648498 1
1883 96983 484915 2327592 5
1884 98988 1781784 6632196 2
1885 102000 1020000 2346000 2
1886 50882 0 457938 1
1887 83752 2010048 2177552 4
1888 62365 1309665 4240820 2
1889 19023 380460 837012 5
1890 70274 351370 1827124 3
1891 34498 275984 793454 2
1892 82860 745740 2982960 2
1893 72132 1731168 3895128 1
1894 58949 353694 2357960 3
1895 69687 418122 3623724 3
1896 89789 538734 3232404 1
1897 95454 3340890 8113590 1
1898 113933 455732 5810583 5
1899 90440 1808800 3617600 1
1900 46116 276696 783972 1
1901 61305 613050 2513505 1
1902 30977 185862 619540 4
1903 63455 380730 2601655 1
1904 59147 354882 3253085 1
1905 118162 1417944 4017508 3
1906 26272 525440 630528 4
1907 36248 1087440 1993640 5
1908 12877 257540 386310 1
1909 74056 592448 814616 2
1910 16418 98508 361196 5
1911 61470 737640 2766150 2
1912 86070 344280 3012450 2
1913 56223 1180683 3260934 3
1914 21528 322920 516672 2
1915 52791 791865 3220251 4
1916 47782 955640 2054626 3
1917 87840 527040 4655520 3
1918 8391 83910 234948 4
1919 123004 2583084 6027196 5
1920 116870 2337400 5376020 4
1921 46667 186668 793339 4
1922 44668 223340 2456740 5
1923 20272 81088 790608 4
1924 14337 129033 731187 1
1925 46762 1309336 2291338 3
1926 76768 921216 3915168 3
1927 60155 360930 1564030 2
1928 11656 58280 384648 1
1929 56130 336780 2694240 5
1930 123282 1479384 5301126 5
1931 95160 2854800 3045120 2
1932 42094 1262820 3072862 5
1933 123579 741474 4819581 4
1934 123688 865816 6926528 5
1935 93565 3274775 3742600 1
1936 40204 361836 763876 3
1937 1195 50190 57360 2
1938 153 1530 8415 5
1939 63238 252952 758856 5
1940 14697 220455 925911 2
1941 10009 50045 250225 3
1942 31805 445270 1590250 4
1943 84546 1690920 2790018 5
1944 95934 1151208 4029228 3
1945 27626 221008 331512 5
1946 50871 152613 1271775 3
1947 39459 1104852 1459983 2
1948 11440 45760 560560 2
1949 95134 190268 2949154 1
1950 110758 443032 1550612 3
1951 114239 1370868 2399019 4
1952 116290 3488700 5116760 1
1953 98980 197960 593880 5
1954 110731 3321930 4318509 2
1955 78836 473016 3153440 5
1956 111651 2233020 6364107 3
1957 89152 356608 1693888 1
1958 20756 415120 518900 5
1959 113211 792477 4075596 1
1960 120599 1808985 4823960 5
1961 99330 297990 595980 2
1962 16429 345009 1051456 3
1963 8617 103404 224042 4
1964 85443 1196202 3674049 1
1965 68346 0 683460 2
1966 88272 794448 3883968 3
1967 42922 1545192 1845646 4
1968 78703 1652763 2833308 5
1969 95310 1524960 1810890 2
1970 65722 920108 3351822 4
1971 65761 131522 1709786 3
1972 34105 68210 954940 3
1973 86715 0 1994445 4
1974 2521 0 47899 5
1975 17528 210336 368088 3
1976 120258 721548 6133158 2
1977 5432 130368 315056 1
1978 32746 785904 949634 5
1979 123242 0 1602146 1
1980 81857 81857 3192423 2
1981 91803 734424 1927863 2
1982 30988 247904 1797304 5
1983 77001 462006 3696048 2
1984 99278 0 198556 2
1985 26417 211336 264170 4
1986 47816 573792 1147584 5
1987 36676 146704 916900 1
1988 68997 1379940 1724925 3
1989 14184 42552 624096 1
1990 86787 1041444 2430036 5
1991 61730 123460 2777850 1
1992 27342 765576 1695204 1
1993 1247 11223 21199 5
1994 115048 1380576 5292208 5
1995 62068 558612 3351672 4
1996 14706 205884 705888 3
1997 70951 3476599 5250374 1
1998 58855 176565 1235955 5
1999 4325 8650 95150 5
2000 66753 200259 934542 2
2001 119838 119838 4793520 3
2002 64248 2698416 5075592 3
2003 804 0 8844 2
2004 69054 207162 3038376 3
2005 119896 1798440 5035632 4
2006 52739 105478 1160258 5
2007 64639 581751 969585 2
2008 114193 2740632 4453527 3
2009 45175 1129375 1219725 5
2010 27379 164274 848749 4
2011 49205 1033305 2706275 3
2012 35333 105999 141332 5
2013 62996 1763888 4472716 3
2014 24393 48786 561039 1
2015 124972 1499664 6998432 1
2016 43606 392454 1613422 4
2017 93302 466510 2332550 2
2018 51640 309840 2168880 4
2019 96663 1933260 4543161 2
2020 44233 928893 3052077 5
2021 65307 2285745 3591885 1
2022 73755 1843875 3761505 3
2023 5755 86325 230200 2
2024 119447 955576 5136221 3
2025 60481 725772 3205493 3
2026 123905 991240 3345435 4
2027 8603 51618 335517 1
2028 8460 236880 507600 1
2029 36694 440328 1834700 1
2030 49823 0 2242035 2
2031 65202 782424 3781716 4
2032 115434 346302 1385208 4
2033 61883 928245 2908501 2
2034 113028 3164784 8251044 4
2035 107844 1078440 3882384 3
2036 13268 53072 384772 4
2037 104559 0 627354 2
2038 60799 2553558 2857553 2
2039 45667 456670 2237683 4
2040 109516 2299836 6132896 5
2041 89025 623175 3561000 1
2042 114204 913632 3654528 4
2043 79298 634384 2934026 3
2044 106592 1598880 1812064 2
2045 72665 581320 1380635 1
2046 61643 0 2712292 5
2047 104036 2913008 7594628 3
2048 46354 231770 324478 1
2049 51143 818288 1074003 3
2050 64372 193116 1480556 4
2051 12839 115551 706145 5
2052 8395 67160 83950 5
2053 117741 1059669 5062863 2
2054 30007 60014 420098 2
2055 86882 0 347528 2
2056 123460 1481520 7284140 3
2057 110312 2206240 6177472 1
2058 80732 565124 3794404 4
2059 8009 280315 672756 5
2060 37145 557175 1300075 1
2061 23869 143214 214821 3
2062 81231 568617 1056003 2
2063 28770 0 517860 5
2064 124608 2492160 3489024 4
2065 69880 279520 2236160 1
2066 79734 1435212 1913616 3
2067 24943 249430 1022663 1
2068 110060 0 3742040 4
2069 122117 2442340 4762563 2
2070 119117 2144106 5598499 1
2071 45774 549288 2151378 1
2072 53567 642804 2999752 4
2073 66830 400980 1603920 4
2074 29803 89409 1043105 2
2075 26707 480726 1682541 5
2076 67042 670420 2748722 2
2077 15798 284364 821496 2
2078 107952 647712 4318080 2
2079 32530 97590 975900 3
2080 92691 556146 2131893 3
2081 60301 603010 1025117 5
2082 122244 2200392 6601176 4
2083 14508 174096 246636 2
2084 123354 4440744 6784470 3
2085 63601 508808 3561656 3
2086 99101 1387414 2477525 3
2087 12656 151872 379680 5
2088 103899 2077980 5402748 5
2089 118064 472256 5430944 5
2090 102930 617580 5249430 2
2091 6086 42602 176494 2
2092 36194 434328 1954476 5
2093 7821 15642 281556 1
2094 40141 842961 1886627 3
2095 33956 407472 1935492 3
2096 29504 0 1386688 3
2097 17969 161721 646884 5
2098 61239 367434 3123189 4
2099 115959 695754 6145827 3
2100 120054 240108 1680756 5
2101 68107 1362140 3745885 4
2102 112796 902368 5752596 5
2103 107418 2148360 4941228 4
2104 120141 2402820 7568883 4
2105 58678 586780 3051256 1
2106 31992 191952 1055736 3
2107 74763 1121445 4037202 5
2108 27918 167508 725868 4
2109 110067 1320804 5503350 1
2110 43068 258408 344544 2
2111 7200 0 273600 2
2112 89583 716664 4210401 4
2113 20374 40748 203740 5
2114 69682 418092 1602686 4
2115 30623 612460 1041182 4
2116 72051 2593836 4683315 2
2117 105769 1057690 6346140 5
2118 80300 722700 1927200 5
2119 99880 1398320 1997600 3
2120 30502 1067570 2531666 2
2121 111028 444112 4441120 4
2122 76620 689580 4060860 5
2123 117172 468688 1991924 3
2124 17263 276208 638731 1
2125 35796 0 1109676 3
2126 61664 554976 3206528 5
2127 115452 1847232 5541696 2
2128 25477 101908 382155 3
2129 4320 43200 133920 2
2130 23294 139764 326116 4
2131 25324 101296 557128 2
2132 122053 366159 3905696 2
2133 25028 300336 800896 3
2134 69621 1044315 1949388 2
2135 88650 797850 1684350 2
2136 92414 1848280 2772420 5
2137 43749 524988 918729 1
2138 1613 22582 85489 4
2139 121140 363420 5087880 5
2140 94509 0 189018 2
2141 88363 1767260 3622883 2
2142 2376 35640 49896 5
2143 39326 0 39326 2
2144 121630 3405640 5230090 4
2145 49455 296730 1730925 2
2146 115566 693396 1386792 1
2147 44355 0 1330650 4
2148 112783 1127830 5188018 2
2149 104677 314031 3977726 3
2150 27916 390824 1395800 4
2151 3801 15204 178647 3
2152 78239 391195 3911950 4
2153 26797 107188 294767 1
2154 44194 441940 1193238 3
2155 64256 128512 2313216 3
2156 50511 0 151533 3
2157 119127 714762 1548651 3
2158 93248 186496 2144704 5
2159 112444 899552 2136436 1
2160 13758 55032 467772 3
2161 83713 1004556 4855354 2
2162 5905 17715 112195 3
2163 12842 64210 308208 3
2164 46550 232750 2560250 4
2165 3643 14572 123862 5
2166 1357 18998 62422 2
2167 114976 1724640 5173920 4
2168 13977 0 405333 5
2169 19360 77440 774400 5
2170 51053 51053 357371 2
2171 34970 629460 1223950 1
2172 115877 2781048 4750957 3
2173 83980 1343680 1931540 1
2174 55264 165792 2265824 2
2175 49840 348880 2840880 3
2176 74088 1481760 4667544 4
2177 14655 293100 600855 2
2178 82418 824180 3873646 5
2179 122658 1226580 5642268 2
2180 40286 846006 1087722 3
2181 22646 90584 679380 5
2182 21954 219540 1229424 5
2183 14818 311178 533448 2
2184 112334 112334 4718028 2
2185 76130 152260 685170 2
2186 13004 52016 507156 1
2187 25584 255840 639600 2
2188 82034 656272 1640680 4
2189 83511 835110 3841506 5
2190 384 3840 13824 4
2191 37727 301816 2188166 2
2192 85510 256530 2565300 5
2193 107338 1288056 1824746 1
2194 63000 1512000 4095000 4
2195 7245 21735 326025 4
2196 102512 2870336 3997968 4
2197 56106 280530 2524770 2
2198 15767 283806 630680 1
2199 70061 140122 1611403 5
2200 78723 472338 3542535 1
2201 106523 0 2982644 5
2202 79954 1599080 4717286 1
2203 50376 302256 755640 5
2204 122712 1104408 4294920 5
2205 22565 270780 699515 1
2206 124481 1244810 7095417 2
2207 109213 1310556 5569863 5
2208 124749 1871235 4740462 5
2209 25282 75846 884870 5
2210 102671 410684 4106840 2
2211 111339 668034 1224729 1
2212 79889 159778 2716226 3
2213 52100 260500 937800 5
2214 20169 60507 524394 2
2215 87681 526086 2542749 4
2216 42133 505596 1137591 4
2217 64242 256968 642420 1
2218 34937 524055 1362543 1
2219 88519 1327785 1416304 4
2220 48997 195988 440973 1
2221 103774 311322 4358508 4
2222 7827 46962 180021 4
2223 9554 200634 554132 5
2224 111184 1000656 4558544 2
2225 54886 823290 3457818 5
2226 6675 0 307050 4
2227 10503 378108 903258 2
2228 18675 149400 784350 3
2229 71109 426654 1706616 2
2230 75492 1132380 4303044 1
2231 8311 0 174531 2
2232 93290 373160 3451730 5
2233 57301 687612 2922351 5
2234 102787 1541805 4830989 2
2235 117530 822710 2468130 3
2236 25923 466614 751767 2
2237 55291 1326984 2653968 4
2238 74786 897432 3664514 2
2239 55071 991278 2147769 1
2240 116895 2337900 5143380 5
2241 38604 1351140 3011112 3
2242 45348 136044 1224396 3
2243 89806 1616508 3233016 1
2244 52564 946152 2680764 5
2245 96883 2325192 6394278 3
2246 37658 602528 2033532 1
2247 61165 489320 3119415 2
2248 31146 0 1308132 5
2249 84631 0 4146919 5
2250 64031 448217 1408682 1
2251 14564 218460 655380 4
2252 104735 733145 3560990 2
2253 35724 0 1035996 5
2254 58715 1233015 2818320 5
2255 102451 2049020 6556864 2
2256 35974 899350 2266362 3
2257 14779 88674 605939 1
2258 103181 2476344 3611335 4
2259 68866 619794 3649898 1
2260 68294 204882 1365880 3
2261 101673 203346 915057 2
2262 57783 1040094 2773584 5
2263 52678 105356 2107120 5
2264 114769 459076 5164605 4
2265 33624 672480 1546704 4
2266 55882 111764 1005876 3
2267 7654 76540 206658 2
2268 58065 1741950 1916145 3
2269 32070 962100 1026240 2
2270 38115 571725 1638945 2
2271 38014 228084 1748644 5
2272 8269 16538 99228 4
2273 95846 670922 1150152 2
2274 26264 262640 1234408 4
2275 8602 206448 610742 2
2276 83800 1005600 2597800 3
2277 12518 262878 675972 3
2278 26607 159642 1410171 5
2279 25640 25640 999960 3
2280 85715 257145 1114295 2
2281 118948 594740 5947400 2
2282 7747 162687 387350 1
2283 32468 162340 1688336 4
2284 111393 1670895 3675969 3
2285 105655 1479170 1796135 1
2286 68802 481614 3027288 3
2287 108938 1525132 6427342 5
2288 81945 819450 4179195 4
2289 98556 689892 3843684 5
2290 61194 1285074 2631342 2
2291 116549 582745 6177097 2
2292 111946 335838 2462812 1
2293 35655 427860 1033995 5
2294 102836 2056720 6067324 4
2295 26715 267150 694590 5
2296 57018 1197378 2793882 3
2297 97920 1370880 3035520 4
2298 120865 120865 4834600 3
2299 109972 1649580 2199440 5
2300 79507 3339294 6201546 4
2301 111061 1332732 2332281 1
2302 122907 0 3441396 4
2303 17487 139896 577071 4
2304 103059 1545885 4843773 4
2305 116955 701730 3157785 2
2306 41297 825940 2477820 1
2307 102906 205812 308718 3
2308 33638 504570 672760 4
2309 58267 1456675 2039345 5
2310 27819 778932 1168398 1
2311 102064 1837152 3878432 1
2312 16663 249945 716509 2
2313 12671 304104 468827 5
2314 3681 0 99387 4
2315 120503 361509 3615090 4
2316 87617 2628510 6220807 5
2317 66659 266636 2932996 4
2318 82155 328620 985860 3
2319 17707 283312 1027006 1
2320 66159 132318 3440268 4
2321 87943 175886 4573036 2
2322 1041 7287 59337 4
2323 32465 162325 194790 1
2324 55675 835125 1057825 4
2325 107631 0 3444192 4
2326 64246 899444 963690 4
2327 120582 482328 5787936 1
2328 98992 593952 2276816 1
2329 3242 81050 165342 4
2330 99813 399252 598878 1
2331 17775 319950 1208700 3
2332 106158 1592370 4670952 5
2333 31194 374328 1278954 5
2334 117672 1412064 1765080 2
2335 7868 23604 385532 2
2336 63324 1329804 1963044 2
2337 103087 1237044 5566698 1
2338 28222 507996 705550 2
2339 94391 2265384 4719550 1
2340 100519 804152 2010380 3
2341 27062 216496 865984 5
2342 89210 1070520 3925240 1
2343 65713 394278 854269 5
2344 124520 1245200 3984640 1
2345 69428 833136 2429980 3
2346 117205 351615 1992485 2
2347 23609 212481 1038796 5
2348 41652 166608 1832688 5
2349 75591 2645685 5820507 3
2350 10910 196380 327300 2
2351 33063 264504 1884591 1
2352 34761 729981 2085660 4
2353 56148 0 393036 1
2354 10518 63108 399684 2
2355 92177 1659186 5346266 2
2356 94484 944840 3779360 4
2357 25374 101496 1116456 3
2358 46226 92452 2265074 1
2359 53516 2247672 3050412 1
2360 42066 294462 1977102 1
2361 94905 0 2562435 4
2362 64056 768672 896784 1
2363 15313 275634 382825 5
2364 33411 668220 701631 2
2365 64800 129600 2851200 4
2366 56644 339864 793016 5
2367 51755 414040 1449140 3
2368 10144 121728 304320 1
2369 111571 1004139 2454562 2
2370 89311 178622 267933 1
2371 67817 813804 1017255 2
2372 90138 1802760 2704140 1
2373 121132 726792 2422640 2
2374 12103 338884 714077 5
2375 58248 174744 349488 5
2376 51800 621600 1761200 1
2377 111585 0 1896945 5
2378 103604 2175684 4040556 3
2379 119822 1677508 5391990 4
2380 41696 667136 1292576 2
2381 52395 733530 3091305 4
2382 100346 401384 5017300 5
2383 124017 3720510 4836663 2
2384 47510 285060 475100 2
2385 13924 0 320252 5
2386 100225 200450 3006750 1
2387 49146 737190 2014986 5
2388 40983 81966 1311456 2
2389 74054 1036756 1184864 4
2390 68573 137146 480011 5
2391 13275 39825 557550 1
2392 60802 364812 1580852 1
2393 57011 513099 2964572 3
2394 105363 1580445 4425246 2
2395 27514 770392 1788410 4
2396 6323 50584 271889 3
2397 28093 421395 1123720 3
2398 96794 967940 3484584 3
2399 123020 1476240 3813620 2
2400 107392 1610880 6013952 4
2401 94338 566028 3962196 2
2402 37391 1046948 1084339 4
2403 45656 913120 1187056 3
2404 30775 923250 1046350 4
2405 3525 98700 183300 2
2406 11710 93680 222490 5
2407 94278 848502 4525344 4
2408 6698 0 20094 4
2409 117549 2350980 3996666 3
2410 67254 807048 4035240 5
2411 21193 423860 953685 4
2412 91881 4410288 7809885 5
2413 80548 483288 2496988 2
2414 22805 798175 1870010 4
2415 119416 477664 3104816 5
2416 103491 206982 1138401 4
2417 11052 331560 751536 4
2418 69010 345050 2760400 5
2419 32488 682248 1591912 4
2420 34055 68110 1089760 5
2421 87910 527460 3955950 5
2422 77329 773290 3943779 4
2423 13345 133450 213520 4
2424 108223 2272683 4870035 3
2425 83120 498720 2078000 2
2426 55164 0 2316888 5
2427 25671 256710 693117 5
2428 41416 621240 1035400 1
2429 46764 982044 1075572 3
2430 15002 0 675090 4
2431 5827 34962 145675 5
2432 65052 130104 1366092 5
2433 96742 386968 3966422 2
2434 91862 1102344 3123308 2
2435 28923 173538 665229 2
2436 95307 953070 3907587 5
2437 98734 2764552 5627838 2
2438 124665 623325 872655 4
2439 99112 2378688 2775136 2
2440 382 1528 1910 1
2441 119758 239516 598790 4
2442 57516 1610448 4026120 5
2443 62605 751260 3067645 5
2444 74632 1194112 3433072 4
2445 79616 318464 3025408 5
2446 21070 168560 337120 4
2447 17138 599830 736934 3
2448 26771 0 1338550 2
2449 56404 338424 3158624 5
2450 66166 396996 2646640 2
2451 105634 845072 5281700 1
2452 118826 3327128 8555472 2
2453 67870 1900360 3393500 5
2454 49323 295938 1479690 4
2455 36417 655506 983259 3
2456 95428 954280 3912548 2
2457 124300 4350500 5593500 2
2458 73187 146374 1097805 1
2459 48308 386464 2705248 1
2460 12372 12372 284556 5
2461 16309 293562 896995 2
2462 47619 952380 2238093 4
2463 118374 1183740 6037074 4
2464 70434 1267812 2465190 3
2465 97173 0 1846287 3
2466 122938 2212884 6761590 4
2467 94254 942540 1131048 3
2468 79980 0 3759060 4
2469 65573 1180314 1508179 2
2470 120240 3366720 6973920 4
2471 23207 0 1137143 4
2472 30870 61740 1080450 4
2473 122989 737934 4550593 4
2474 29223 526014 1694934 1
2475 52543 157629 1891548 4
2476 36730 73460 110190 3
2477 166 1328 8632 2
2478 56545 339270 2770705 1
2479 21577 172616 970965 4
2480 80743 1614860 4440865 2
2481 83124 498744 4654944 1
2482 9681 174258 242025 1
2483 42803 214015 1112878 5
2484 70966 709660 3903130 2
2485 96038 192076 3937558 1
2486 52384 209536 1938208 2
2487 43724 131172 1748960 1
2488 43499 217495 1217972 3
2489 45781 274686 1236087 5
2490 51293 512930 564223 1
2491 51310 307860 2565500 5
2492 23886 23886 310518 5
2493 35014 245098 805322 1
2494 121138 484552 2543898 3
2495 104020 832160 1456280 3
2496 82811 331244 4306172 5
2497 52792 105584 897464 5
2498 4056 28392 109512 2
2499 64808 453656 2592320 3
2500 91051 2185224 4097295 1
