0001 52176 782640 2191392 3
0002 19461 486525 1031433 5
0003 4086 12258 143010 4
0004 20667 248004 454674 1
0005 51737 155211 1862532 1
0006 12390 24780 74340 1
0007 19772 0 118632 2
0008 17502 70008 157518 4
0009 46034 184136 828612 2
0010 22939 45878 412902 4
0011 35144 351440 1476048 2
0012 16209 97254 518688 4
0013 32570 32570 162850 2
0014 54469 108938 1743008 3
0015 15319 91914 291061 2
0016 27745 332940 943330 1
0017 9679 193580 232296 3
0018 37625 301000 1166375 3
0019 48027 384216 624351 2
0020 43389 520668 1345059 1
0021 46031 920620 1887271 1
0022 24812 124060 868420 3
0023 36117 541755 758457 1
0024 25549 204392 485431 1
0025 41505 871605 1494180 1
0026 42743 1496005 1666977 2
0027 35790 1252650 1861080 1
0028 21161 444381 973406 5
0029 4857 29142 189423 5
0030 44523 801414 1424736 1
0031 52298 2196516 3033284 3
0032 43853 526236 1929532 3
0033 31436 157180 943080 4
0034 36756 0 404316 5
0035 6747 20241 236145 2
0036 6870 48090 219840 5
0037 15251 305020 594789 4
0038 45774 1922508 3570372 5
0039 12863 90041 527383 3
0040 24941 199528 498820 4
0041 3174 57132 60306 3
0042 40350 564900 1291200 3
0043 9234 92340 230850 2
0044 56949 797286 1025082 5
0045 3611 14444 101108 1
0046 54024 648288 1836816 2
0047 12098 145176 169372 5
0048 11789 47156 318303 4
0049 39204 313632 1293732 3
0050 37358 37358 1344888 4
0051 32126 642520 995906 1
0052 14941 44823 373525 2
0053 47391 284346 1895640 4
0054 37964 1062992 1214848 2
0055 41867 502404 837340 3
0056 39981 239886 479772 2
0057 100 0 3400 5
0058 2970 71280 89100 3
0059 22590 67770 474390 2
0060 46014 460140 1978602 5
0061 55900 279500 447200 2
0062 48724 682136 2046408 2
0063 10711 267775 567683 1
0064 48288 289728 1545216 3
0065 7407 0 125919 5
0066 25331 303972 531951 4
0067 33391 534256 1302249 4
0068 12123 48492 303075 3
0069 35378 141512 1025962 1
0070 26748 53496 695448 1
0071 4818 28908 115632 1
0072 40600 162400 1583400 1
0073 13437 40311 107496 3
0074 14607 29214 116856 1
0075 34137 512055 1228932 2
0076 20149 362682 402980 1
0077 37932 113796 1365552 5
0078 24249 290988 703221 2
0079 5135 77025 87295 1
0080 37908 0 113724 3
0081 23927 430686 885299 5
0082 35263 282104 458419 4
0083 25868 517360 1371004 5
0084 38684 77368 1276572 1
0085 36776 220656 1287160 1
0086 35496 141984 1029384 1
0087 36938 221628 1145078 1
0088 13703 219248 493308 4
0089 22651 226510 702181 2
0090 28489 341868 683736 1
0091 27192 54384 598224 1
0092 18243 218916 620262 2
0093 51506 618072 1390662 1
0094 14916 0 387816 1
0095 53860 646320 1992820 3
0096 6210 24840 217350 3
0097 47473 949460 1471663 4
0098 9581 114972 479050 3
0099 4312 17248 64680 3
0100 56685 680220 1360440 2
0101 1032 7224 35088 5
0102 48489 581868 1939560 4
0103 27853 194971 752031 4
0104 38697 0 851334 1
0105 4569 114225 118794 2
0106 8568 34272 111384 3
0107 20009 840378 1160522 3
0108 9782 19564 273896 3
0109 12517 150204 600816 5
0110 3713 155946 167085 2
0111 24767 49534 544874 4
0112 20979 41958 356643 3
0113 39210 274470 1568400 1
0114 25310 0 354340 4
0115 22196 355136 466116 5
0116 7531 15062 233461 5
0117 45042 90084 1396302 2
0118 1057 2114 17969 1
0119 51305 102610 718270 1
0120 4205 37845 67280 3
0121 2728 38192 79112 1
0122 53146 637752 1860110 3
0123 30624 153120 888096 4
0124 36166 578656 650988 4
0125 21617 0 432340 3
0126 12180 146160 462840 3
0127 42454 339632 382086 5
0128 21834 262008 829692 1
0129 53326 959868 1173172 3
0130 31798 95394 953940 4
0131 1055 8440 47475 2
0132 27857 278570 835710 3
0133 13562 108496 501794 3
0134 53371 213484 1814614 5
0135 31516 283644 850932 1
0136 23018 460360 736576 1
0137 25845 103380 723660 5
0138 48125 481250 1443750 5
0139 15747 62988 535398 4
0140 46331 277986 2038564 5
0141 21690 151830 629010 1
0142 52670 368690 2159470 1
0143 42144 421440 1685760 5
0144 18599 650965 1041544 4
0145 2293 4586 6879 4
0146 2159 8636 51816 2
0147 45806 549672 1832240 2
0148 27145 217160 434320 2
0149 39736 794720 1033136 4
0150 42954 300678 1632252 1
0151 36394 545910 1201002 5
0152 10790 323700 571870 3
0153 13626 122634 327024 4
0154 21099 147693 949455 1
0155 34977 279816 804471 4
0156 4117 4117 49404 1
0157 24740 123700 717460 2
0158 55133 1102660 2866916 3
0159 1708 13664 68320 5
0160 12651 265671 328926 3
0161 876 10512 24528 2
0162 12712 101696 444920 5
0163 36230 579680 1702810 3
0164 34415 860375 2030485 3
0165 14109 197526 536142 4
0166 32929 131716 1251302 5
0167 54800 548000 1150800 1
0168 33569 201414 637811 4
0169 5545 99810 232890 5
0170 991 4955 41622 4
0171 8316 49896 232848 3
0172 6840 171000 369360 2
0173 15468 371232 494976 4
0174 55507 666084 777098 3
0175 7317 175608 285363 1
0176 46411 696165 1810029 3
0177 17299 363279 640063 3
0178 8691 156438 347640 2
0179 42155 337240 1812665 5
0180 49585 743775 2528835 3
0181 16020 336420 833040 2
0182 5928 35568 65208 1
0183 37304 223824 373040 1
0184 25850 542850 1370050 2
0185 42468 849360 1486380 1
0186 52218 1044360 2088720 2
0187 27192 0 435072 3
0188 43931 175724 395379 1
0189 5428 32568 130272 2
0190 24817 74451 843778 3
0191 31356 376272 909324 3
0192 22521 157647 450420 3
0193 4520 18080 90400 5
0194 29575 1449175 1715350 1
0195 15971 191652 527043 1
0196 23607 236070 424926 4
0197 10130 10130 40520 5
0198 32919 493785 1316760 5
0199 53958 107916 539580 1
0200 20161 483864 705635 5
0201 10670 85360 277420 3
0202 28600 57200 543400 2
0203 51430 360010 1234320 5
0204 23515 0 517330 3
0205 6348 19044 196788 4
0206 13385 0 348010 4
0207 27182 271820 543640 5
0208 49067 1030407 1668278 5
0209 29892 59784 597840 4
0210 44299 354392 1993455 4
0211 56938 227752 1252636 2
0212 36592 658656 1829600 4
0213 27250 490500 1471500 5
0214 4419 35352 119313 3
0215 18873 226476 547317 5
0216 21664 64992 584928 5
0217 7522 315924 526540 4
0218 11849 47396 130339 1
0219 56743 680916 2042748 1
0220 30791 554238 1139267 5
0221 12836 115524 385080 5
0222 34769 0 521535 2
0223 37533 0 1088457 5
0224 38209 0 152836 5
0225 45023 135069 945483 5
0226 9907 138698 515164 5
0227 41757 1002168 1962579 2
0228 40751 163004 611265 5
0229 30302 848456 1818120 3
0230 39407 945768 2325013 3
0231 39196 235176 1019096 2
0232 53805 161415 699465 5
0233 47848 382784 765568 4
0234 44522 801396 2137056 3
0235 42729 427290 1666431 4
0236 52019 156057 832304 4
0237 42 252 672 4
0238 46811 561732 1076653 1
0239 21343 0 42686 3
0240 4102 24612 36918 2
0241 50991 203964 713874 2
0242 6961 69610 271479 5
0243 14526 29052 450306 5
0244 35396 353960 1592820 3
0245 40842 612630 816840 2
0246 14268 71340 128412 4
0247 37358 298864 1307530 3
0248 1231 3693 25851 1
0249 22843 137058 571075 5
0250 41842 251052 1213418 1
0251 48938 734070 1076636 1
0252 34155 409860 1229580 5
0253 12715 381450 623035 2
0254 36209 724180 869016 1
0255 15370 368880 384250 5
0256 16612 33224 132896 1
0257 2473 9892 12365 4
0258 16682 83410 150138 3
0259 12802 153624 358456 5
0260 21839 196551 873560 2
0261 23942 478840 981622 1
0262 6511 182308 234396 3
0263 48468 581616 823956 4
0264 48428 435852 1016988 3
0265 34628 692560 1696772 3
0266 14039 84234 238663 3
0267 48568 388544 1068496 5
0268 41035 164140 369315 5
0269 45115 541380 1263220 1
0270 16320 489600 734400 5
0271 1468 51380 102760 3
0272 3803 22818 155923 5
0273 54124 0 811860 1
0274 43846 219230 306922 5
0275 1228 18420 44208 4
0276 23603 118015 849708 2
0277 37907 1364652 2615583 4
0278 21001 315015 1008048 4
0279 10983 131796 384405 2
0280 9258 138870 185160 2
0281 4222 147770 206878 5
0282 35815 214890 752115 5
0283 1168 5840 14016 5
0284 39208 2744560 3136640 3
0285 31506 661626 1197228 4
0286 6889 41334 275560 3
0287 51750 1086750 1552500 2
0288 51471 2058840 3602970 4
0289 4292 103008 231768 4
0290 18002 144016 450050 2
0291 33291 599238 1864296 4
0292 6592 46144 72512 2
0293 23154 92616 555696 4
0294 24245 145470 339430 1
0295 8358 292530 576702 3
0296 45412 817416 2316012 2
0297 39404 945696 2403644 2
0298 29980 89940 599600 1
0299 54564 545640 2018868 3
0300 40545 162180 1297440 4
0301 36697 220182 1431183 2
0302 339 4068 9831 1
0303 2057 18513 69938 4
0304 19652 157216 471648 4
0305 5836 175080 186752 1
0306 48696 584352 925224 1
0307 5187 31122 103740 4
0308 7897 78970 307983 1
0309 33713 168565 1179955 3
0310 28216 1354368 1692960 3
0311 35081 841944 1789131 1
0312 24407 366105 1293571 1
0313 39385 157540 315080 5
0314 728 5824 16744 3
0315 35954 35954 539310 3
0316 54285 1519980 2822820 4
0317 33320 932960 1266160 3
0318 29364 264276 734100 4
0319 27123 108492 678075 5
0320 41169 288183 782211 2
0321 42799 427990 1283970 5
0322 55255 276275 442040 1
0323 6063 181890 284961 5
0324 5941 166348 362401 4
0325 47906 670684 2251582 3
0326 23547 282564 1177350 2
0327 32394 129576 226758 3
0328 39358 157432 1102024 3
0329 24201 96804 968040 2
0330 13041 26082 104328 1
0331 11769 282456 529605 2
0332 11737 246477 410795 1
0333 3403 23821 95284 2
0334 35152 210912 456976 2
0335 2894 14470 78138 3
0336 50478 302868 2120076 4
0337 41581 831620 1122687 4
0338 42574 468314 723758 4
0339 19402 194020 698472 5
0340 17130 34260 342600 5
0341 16355 65420 507005 5
0342 56061 896976 1345464 2
0343 4817 0 183046 5
0344 11064 88512 254472 2
0345 26984 80952 944440 5
0346 2169 2169 65070 1
0347 41939 419390 1174292 3
0348 41514 622710 1951158 2
0349 29974 629454 809298 2
0350 38475 384750 1231200 3
0351 17921 430104 1057339 4
0352 24771 222939 743130 5
0353 40008 160032 760152 3
0354 56978 569780 968626 5
0355 42633 2685879 3666438 3
0356 15213 182556 212982 3
0357 17890 626150 983950 3
0358 48414 2033388 2081802 2
0359 28337 991795 1870242 1
0360 31984 287856 607696 2
0361 30811 61622 1109196 1
0362 24556 245560 1154132 3
0363 41837 502044 1129599 4
0364 19283 154264 578490 1
0365 5060 30360 202400 5
0366 34294 685880 1646112 4
0367 3262 0 6524 3
0368 23023 414414 483483 1
0369 9552 57312 210144 5
0370 48992 881856 2645568 3
0371 50516 454644 858772 5
0372 37609 451308 1353924 1
0373 49414 0 1778904 5
0374 2020 2020 44440 2
0375 2340 56160 60840 4
0376 2606 31272 83392 2
0377 47272 472720 2032696 1
0378 15939 223146 462231 3
0379 26043 651075 1640709 3
0380 27446 274460 713596 4
0381 8285 289975 497100 5
0382 29768 29768 893040 4
0383 9381 150096 497193 3
0384 19005 19005 380100 5
0385 36108 433296 577728 3
0386 19438 155504 758082 5
0387 36816 73632 184080 2
0388 22844 1096512 1142200 1
0389 11345 136140 555905 1
0390 36056 288448 1550408 2
0391 26679 266790 1093839 2
0392 28238 508284 960092 5
0393 41167 1235010 1440845 1
0394 14974 359376 838544 5
0395 19028 57084 152224 1
0396 45703 365624 685545 5
0397 26068 625632 1251264 2
0398 48694 146082 340858 4
0399 40664 81328 691288 1
0400 28647 57294 802116 3
0401 56228 843420 1461928 3
0402 23542 23542 258962 3
0403 52010 416080 520100 5
0404 3557 71140 167179 4
0405 11303 180848 259969 3
0406 2814 25326 50652 3
0407 52681 790215 2212602 3
0408 54756 0 657072 5
0409 45514 546168 1775046 1
0410 17672 88360 265080 3
0411 28814 57628 144070 2
0412 23328 46656 303264 5
0413 28405 340860 937365 4
0414 56006 0 1848198 3
0415 15377 76885 369048 4
0416 6069 24276 194208 5
0417 25083 601992 1128735 4
0418 49722 0 1044162 4
0419 52185 313110 1304625 2
0420 11410 136920 467810 5
0421 1291 27111 59386 5
0422 17640 17640 564480 4
0423 33168 497520 1094544 5
0424 824 11536 19776 2
0425 32125 385500 1252875 4
0426 41758 751644 960434 3
0427 727 4362 23991 1
0428 43332 173328 996636 2
0429 48607 729105 2527564 1
0430 54200 1300800 2710000 4
0431 4322 51864 207456 4
0432 29195 437925 642290 1
0433 13858 138580 152438 2
0434 39249 470988 1491462 1
0435 52525 315150 1733325 2
0436 48552 776832 2087736 4
0437 21902 65706 788472 2
0438 38116 304928 1562756 5
0439 25844 361816 1240512 3
0440 37031 74062 814682 2
0441 42139 1179892 1811977 3
0442 5258 63096 252384 5
0443 50905 203620 865385 3
0444 40132 321056 923036 4
0445 9171 0 165078 4
0446 47940 767040 2444940 5
0447 46933 375464 750928 4
0448 30351 121404 303510 2
0449 14718 206052 691746 3
0450 1431 5724 40068 1
0451 10414 62484 72898 2
0452 29233 350796 1052388 4
0453 1164 6984 11640 5
0454 3197 15985 105501 5
0455 23263 93052 883994 3
0456 49082 588984 1766952 1
0457 23431 468620 960671 5
0458 19129 114774 382580 4
0459 12626 227268 467162 1
0460 7441 104174 386932 5
0461 50377 50377 1914326 2
0462 38451 576765 769020 5
0463 27804 27804 1056552 3
0464 7635 91620 320670 3
0465 23257 325598 1000051 2
0466 55989 335934 1455714 3
0467 25638 307656 1204986 2
0468 28106 337272 927498 2
0469 51562 515620 1701546 2
0470 33921 67842 678420 4
0471 41740 0 375660 1
0472 28978 115912 782406 3
0473 29702 118808 415828 5
0474 27056 811680 974016 1
0475 37040 185200 296320 4
0476 7356 44136 198612 2
0477 3913 0 58695 5
0478 17440 523200 1081280 2
0479 33421 467894 868946 2
0480 31767 381204 889476 2
0481 7073 141460 155606 5
0482 3742 78582 202068 3
0483 7596 151920 334224 5
0484 50797 1523910 2946226 1
0485 12946 155352 634354 5
0486 25412 609888 965656 3
0487 53865 1615950 2693250 3
0488 19941 199410 897345 4
0489 32839 328390 689619 5
0490 31987 127948 703714 5
0491 4797 100737 148707 5
0492 10947 175152 229887 3
0493 31940 574920 1501180 2
0494 16438 32876 509578 2
0495 683 5464 8879 1
0496 18346 73384 146768 2
0497 30924 123696 247392 5
0498 45300 453000 1857300 3
0499 38062 304496 1103798 5
0500 17654 105924 353080 4
0501 14066 126594 225056 2
0502 20973 167784 503352 5
0503 8 144 208 3
0504 35069 736449 1823588 2
0505 25574 153444 920664 2
0506 22645 67935 611415 3
0507 550 13200 25300 2
0508 47165 565980 660310 1
0509 5670 17010 209790 4
0510 33196 298764 464744 2
0511 28534 342408 684816 5
0512 19366 348588 852104 2
0513 21812 87248 588924 5
0514 5779 121359 167591 5
0515 24250 363750 582000 4
0516 11703 93624 397902 2
0517 6351 190530 323901 5
0518 7586 15172 128962 3
0519 19112 172008 496912 5
0520 1903 47575 95150 4
0521 1961 11766 49025 4
0522 36800 73600 515200 2
0523 24946 873110 1671382 5
0524 43584 784512 2004864 3
0525 16421 32842 509051 1
0526 40437 646992 1010925 5
0527 42610 511320 2130500 3
0528 16442 98652 542586 3
0529 54026 1296624 2431170 5
0530 20361 122166 509025 5
0531 11007 132084 297189 1
0532 30476 213332 1127612 2
0533 24992 749760 999680 4
0534 44827 313789 1837907 3
0535 35535 1741215 2132100 2
0536 33961 713181 950908 1
0537 18667 93335 578677 3
0538 22255 200295 600885 4
0539 17402 261030 278432 2
0540 5634 118314 332406 2
0541 55171 827565 2648208 2
0542 20328 203280 589512 4
0543 38594 154376 1235008 1
0544 17848 160632 660376 5
0545 5419 189665 303464 1
0546 37508 225048 1200256 5
0547 50435 806960 1210440 2
0548 27363 246267 437808 4
0549 12244 48976 428540 2
0550 9931 89379 347585 3
0551 8813 123382 334894 1
0552 49693 496930 2037413 1
0553 6962 139240 264556 4
0554 41262 288834 1856790 2
0555 32260 322600 1290400 5
0556 52620 1105020 2999340 5
0557 19707 275898 748866 2
0558 40578 243468 1704276 3
0559 15332 245312 321972 4
0560 12007 216126 552322 4
0561 46714 467140 1448134 5
0562 44369 177476 443690 3
0563 11030 330900 639740 5
0564 33029 264232 1321160 2
0565 40064 160256 921472 1
0566 4133 33064 177719 4
0567 28112 1012032 1995952 3
0568 24243 484860 824262 4
0569 13246 119214 211936 3
0570 47159 188636 377272 2
0571 34718 138872 590206 4
0572 41849 878829 2343544 5
0573 50394 705516 2267730 4
0574 40259 1690878 2335022 5
0575 41254 165016 1113858 5
0576 34179 170895 1469697 3
0577 29266 58532 556054 3
0578 22260 89040 244860 5
0579 4999 39992 199960 4
0580 37483 262381 1274422 5
0581 5251 52510 183785 1
0582 19829 59487 694015 1
0583 9762 117144 283098 1
0584 28795 28795 719875 5
0585 43149 0 431490 1
0586 51 408 1479 4
0587 39826 238956 477912 5
0588 55964 839460 2854164 3
0589 22789 91156 205101 4
0590 16988 101928 288796 1
0591 51872 1244928 3216064 4
0592 5466 38262 142116 5
0593 43043 1076075 1678677 5
0594 30298 363576 1272516 4
0595 23808 595200 642816 2
0596 18511 296176 925550 1
0597 30741 184446 1168158 5
0598 53053 424424 1326325 1
0599 53571 107142 482139 2
0600 37551 262857 1539591 3
0601 22923 206307 412614 4
0602 1634 9804 44118 2
0603 36342 545130 1344654 4
0604 6168 86352 141864 2
0605 29967 89901 779142 3
0606 25146 50292 678942 3
0607 22268 334020 556700 2
0608 13330 39990 306590 5
0609 15373 184476 399698 3
0610 2427 50967 63102 1
0611 52169 313014 521690 1
0612 11004 66024 451164 1
0613 52254 104508 365778 5
0614 1894 37880 89018 3
0615 15080 301600 392080 3
0616 32502 780048 1267578 3
0617 56072 785008 2242880 3
0618 20391 61173 305865 1
0619 40104 1684368 2727072 5
0620 51375 205500 1438500 1
0621 18915 226980 264810 5
0622 7238 72380 303996 1
0623 30342 910260 1517100 4
0624 10862 0 347584 4
0625 36099 144396 397089 1
0626 46624 979104 1165600 2
0627 45684 182736 411156 4
0628 32390 194340 1133650 3
0629 961 11532 39401 5
0630 5667 22668 170010 5
0631 35809 214854 644562 4
0632 25656 76968 128280 3
0633 14930 447900 955520 5
0634 53901 215604 808515 4
0635 45218 180872 1446976 5
0636 31597 252776 284373 4
0637 3911 93864 152529 5
0638 55576 444608 778064 3
0639 13636 204540 463624 5
0640 21930 263160 328950 2
0641 1075 15050 26875 3
0642 43976 175904 659640 5
0643 50725 101450 1775375 3
0644 8080 48480 266640 1
0645 3659 29272 168314 4
0646 35762 321858 1537766 1
0647 2578 54138 139212 2
0648 8357 33428 108641 1
0649 4962 59544 233214 5
0650 31925 127700 1277000 3
0651 17321 34642 692840 4
0652 7205 14410 180125 4
0653 24703 222327 691684 3
0654 48216 0 482160 5
0655 1661 4983 8305 1
0656 14102 169224 451264 1
0657 7882 47292 63056 1
0658 26249 131245 839968 2
0659 3565 149730 213900 5
0660 53755 0 1773915 1
0661 34131 204786 1228716 3
0662 27521 220168 1265966 5
0663 27880 223040 446080 5
0664 34352 412224 687040 2
0665 2001 4002 18009 2
0666 54237 108474 922029 4
0667 27476 329712 439616 1
0668 30807 862596 2033262 3
0669 49255 1723925 3250830 2
0670 34414 137656 344140 5
0671 2312 83232 106352 1
0672 13764 82584 261516 1
0673 20903 0 710702 1
0674 17297 207564 536207 2
0675 10848 97632 401376 1
0676 6044 42308 187364 5
0677 29612 0 947584 2
0678 1392 33408 69600 1
0679 12356 0 407748 4
0680 5330 5330 15990 3
0681 38178 458136 496314 5
0682 31152 62304 373824 4
0683 42266 422660 760788 2
0684 11025 132300 551250 1
0685 10769 215380 570757 2
0686 31767 127068 953010 2
0687 17125 137000 376750 3
0688 46649 279894 1259523 3
0689 37413 336717 1459107 4
0690 6393 51144 210969 4
0691 27616 662784 1187488 1
0692 40318 0 1491766 3
0693 36835 552525 1362895 3
0694 13592 285432 299024 1
0695 9210 18420 276300 5
0696 4492 107808 116792 5
0697 13916 0 292236 5
0698 16567 198804 248505 2
0699 29084 872520 1861376 4
0700 6174 49392 123480 1
0701 1765 35300 42360 4
0702 55227 662724 1988172 1
0703 20014 240168 780546 3
0704 36407 910175 1237838 1
0705 27455 82365 768740 3
0706 54797 219188 1643910 1
0707 32043 128172 288387 3
0708 26604 478872 1223784 2
0709 7198 43188 158356 4
0710 16957 237398 440882 5
0711 48855 390840 1954200 5
0712 23757 356355 1021551 1
0713 6505 117090 299230 2
0714 39908 718344 957792 1
0715 15979 479370 591223 3
0716 862 3448 17240 3
0717 6414 134694 372012 4
0718 44594 312158 1025662 4
0719 49817 498170 2291582 2
0720 29170 612570 904270 3
0721 47287 662018 945740 3
0722 46058 736928 2256842 3
0723 22432 201888 1054304 1
0724 38102 800142 1257366 1
0725 18399 515172 607167 2
0726 53414 801210 2189974 3
0727 19668 393360 786720 5
0728 33351 333510 466914 2
0729 42010 336080 924220 5
0730 23219 116095 278628 1
0731 14763 221445 723387 5
0732 43950 263700 747150 1
0733 48982 489820 2106226 5
0734 54169 325014 1029211 1
0735 12105 24210 145260 3
0736 4555 63770 118430 5
0737 44709 223545 536508 2
0738 36070 649260 1406730 5
0739 6025 30125 60250 3
0740 38639 579585 1893311 2
0741 12304 36912 356816 4
0742 39431 1577240 2168705 2
0743 26471 79413 397065 2
0744 22797 227970 455940 2
0745 54053 810795 1027007 5
0746 15128 211792 650504 5
0747 9833 117996 216326 4
0748 46276 925520 1203176 1
0749 21623 172984 540575 2
0750 11912 47648 500304 1
0751 23514 235140 1105158 2
0752 49084 147252 1472520 5
0753 29359 176154 352308 3
0754 11254 45016 461414 3
0755 50035 800560 2351645 5
0756 12268 122680 257628 3
0757 52129 625548 1355354 5
0758 11782 141384 553754 2
0759 21675 86700 498525 4
0760 56026 1120520 2409118 4
0761 20887 438627 1065237 1
0762 40340 484080 927820 1
0763 31207 93621 905003 2
0764 46557 232785 1676052 4
0765 48971 293826 1518101 2
0766 49543 297258 1040403 1
0767 3836 15344 53704 2
0768 54395 652740 1740640 2
0769 42159 421590 1138293 3
0770 47311 946220 2081684 1
0771 7868 188832 346192 4
0772 41444 82888 538772 3
0773 39869 199345 877118 1
0774 27155 325860 1276285 2
0775 30756 461340 1507044 4
0776 12127 0 12127 2
0777 15288 550368 963144 5
0778 21142 317130 613118 1
0779 48680 97360 730200 3
0780 3144 47160 135192 1
0781 9284 83556 185680 2
0782 3623 43476 72460 1
0783 32828 196968 1017668 2
0784 38136 305088 381360 4
0785 43155 86310 1122030 5
0786 7820 23460 172040 4
0787 42191 632865 1856404 1
0788 50101 701414 1853737 2
0789 30892 648732 1390140 3
0790 2273 54552 100012 2
0791 9788 117456 303428 2
0792 35991 143964 1187703 1
0793 19601 294015 842843 3
0794 27984 839520 1818960 2
0795 54740 656880 1477980 4
0796 31273 125092 938190 5
0797 49358 197432 1233950 5
0798 15057 60228 391482 4
0799 17783 248962 551273 2
0800 48100 577200 2405000 5
0801 11963 59815 167482 5
0802 26249 104996 498731 3
0803 22307 223070 1026122 2
0804 54148 270740 866368 1
0805 31285 125140 1032405 1
0806 49663 198652 1241575 1
0807 38731 464772 503503 4
0808 17317 363657 883167 4
0809 43170 690720 1899480 3
0810 36067 649206 1767283 4
0811 18870 396270 566100 5
0812 14696 176352 396792 1
0813 54186 1137906 1463022 1
0814 23707 497847 1161643 4
0815 1910 11460 17190 3
0816 48795 390360 1561440 3
0817 3085 0 27765 2
0818 14129 169548 664063 2
0819 28463 56926 142315 2
0820 54814 1918490 2685886 2
0821 43742 524904 1006066 2
0822 20581 0 267553 3
0823 49513 247565 1782468 5
0824 44314 354512 1728246 1
0825 12031 36093 421085 4
0826 2690 26900 69940 3
0827 10074 161184 332442 2
0828 2921 29210 113919 2
0829 14141 113128 494935 2
0830 27767 499806 527573 2
0831 2266 27192 97438 3
0832 32697 653940 686637 1
0833 42597 511164 1150119 5
0834 46634 559608 2145164 3
0835 777 9324 36519 1
0836 28537 171222 713425 1
0837 34848 139392 278784 2
0838 49041 294246 392328 4
0839 20748 311220 684684 2
0840 17236 430900 999688 2
0841 18065 505820 975510 2
0842 50168 401344 1806048 5
0843 9554 229296 343944 5
0844 13468 121212 282828 3
0845 7843 94116 329406 2
0846 34528 276224 1484704 1
0847 17217 206604 223821 5
0848 43236 259416 475596 4
0849 35403 531045 849672 4
0850 10396 20792 415840 1
0851 11235 56175 460635 4
0852 26440 132200 211520 2
0853 54418 979524 2829736 3
0854 11179 134148 547771 2
0855 26330 157980 1026870 4
0856 41278 619170 908116 3
0857 8362 25086 217412 3
0858 22043 352688 1168279 3
0859 9930 99300 337620 4
0860 48559 145677 679826 1
0861 31656 316560 1392864 2
0862 26542 796260 1672146 2
0863 27904 279040 781312 5
0864 21729 521496 608412 3
0865 55596 667152 2001456 4
0866 28858 86574 750308 5
0867 22012 616336 1386756 2
0868 42846 514152 1413918 1
0869 811 4055 19464 1
0870 52084 1250016 1666688 2
0871 9139 54834 164502 5
0872 40536 972864 2472696 3
0873 51576 515760 2424072 1
0874 20218 0 121308 3
0875 45547 637658 1639692 4
0876 13766 110128 412980 4
0877 52696 0 210784 3
0878 25720 0 874480 2
0879 6735 13470 80820 2
0880 17493 209916 314874 1
0881 32673 0 686133 3
0882 28477 113908 968218 2
0883 19693 157544 413553 2
0884 17893 71572 554683 2
0885 47666 571992 1000986 5
0886 5325 79875 106500 2
0887 47756 143268 859608 5
0888 27154 108616 651696 1
0889 53260 1864100 3089080 2
0890 54391 761474 1087820 3
0891 50819 0 1422932 1
0892 50496 1767360 3534720 5
0893 13394 80364 455396 2
0894 1007 1007 28196 1
0895 14877 119016 297540 3
0896 11432 68592 217208 5
0897 53449 2244858 3955226 5
0898 28180 704500 1042660 4
0899 34547 345470 967316 3
0900 37979 227874 607664 1
0901 13862 124758 499032 1
0902 44989 719824 1034747 3
0903 50480 1766800 1867760 2
0904 14156 198184 240652 2
0905 40549 486588 1297568 3
0906 28077 1179234 1431927 4
0907 49211 196844 1082642 5
0908 52570 2207940 2838780 5
0909 21788 435760 762580 5
0910 47885 574620 2202710 3
0911 39816 79632 1353744 2
0912 17288 207456 587792 3
0913 4278 12834 119784 3
0914 1171 14052 43327 3
0915 45129 406161 767193 1
0916 25863 51726 362082 2
0917 37102 556530 1855100 2
0918 29203 262827 846887 2
0919 40616 324928 852936 1
0920 9748 116976 165716 5
0921 41910 838200 1257300 4
0922 16102 32204 112714 5
0923 44921 539052 1931603 5
0924 53977 1889195 3292597 5
0925 29224 175344 467584 5
0926 23576 47152 424368 2
0927 9700 48500 261900 5
0928 39268 471216 1609988 2
0929 53096 106192 1964552 3
0930 21708 130248 151956 2
0931 37326 111978 1157106 1
0932 7388 103432 302908 5
0933 24842 447156 1242100 3
0934 52769 422152 685997 1
0935 30682 184092 521594 4
0936 30982 185892 991424 4
0937 35655 641790 820065 3
0938 13157 52628 78942 5
0939 44337 443370 1906491 3
0940 23664 283968 709920 2
0941 43467 173868 1260543 2
0942 10181 40724 397059 4
0943 37907 1326745 1667908 4
0944 38243 764860 1912150 1
0945 36805 220830 736100 2
0946 6366 152784 299202 3
0947 964 26992 44344 1
0948 21031 168248 525775 2
0949 169 1690 5408 5
0950 11872 47488 201824 5
0951 35019 245133 770418 1
0952 44353 709648 842707 2
0953 24847 149082 173929 2
0954 38844 38844 660348 2
0955 22631 0 67893 4
0956 22608 135648 429552 5
0957 4891 29346 92929 1
0958 14938 29876 448140 4
0959 53251 426008 585761 2
0960 213 5964 7029 3
0961 49840 448560 2192960 2
0962 24330 729900 754230 2
0963 56432 1410800 1749392 4
0964 2525 53025 146450 5
0965 8688 243264 521280 3
0966 5651 56510 107369 4
0967 47863 382904 1292301 4
0968 34777 34777 243439 3
0969 2186 13116 52464 2
0970 52190 260950 1409130 5
0971 46826 561912 1592084 1
0972 3423 6846 23961 2
0973 49881 299286 598572 5
0974 3009 24072 90270 5
0975 47403 568836 2038329 5
0976 40537 243222 324296 2
0977 24245 96980 775840 4
0978 5966 107388 137218 5
0979 50581 758715 910458 3
0980 8794 246232 545228 3
0981 16278 97668 537174 1
0982 49661 446949 1539491 4
0983 18939 132573 151512 1
0984 7109 56872 63981 3
0985 20560 102800 514000 3
0986 39198 1097544 2312682 2
0987 36370 145480 436440 1
0988 10739 75173 139607 5
0989 18620 372400 614460 5
0990 39085 977125 1172550 2
0991 54095 432760 649140 5
0992 37362 0 261534 1
0993 53622 2252124 2412990 2
0994 41637 124911 1707117 5
0995 47770 477700 573240 5
0996 18309 0 274635 3
0997 29244 409416 1052784 2
0998 4738 14214 137402 4
0999 29781 119124 565839 1
1000 39760 119280 159040 1
1001 6953 13906 83436 1
1002 38358 460296 1572678 3
1003 47740 763840 1336720 4
1004 32615 587070 1761210 2
1005 4649 0 4649 4
1006 25930 103720 1011270 5
1007 41052 574728 1765236 5
1008 12803 38409 268863 3
1009 9572 57432 373308 3
1010 18091 886459 1103551 4
1011 51486 308916 1802010 2
1012 5328 74592 175824 3
1013 32171 193026 836446 4
1014 51198 921564 2099118 5
1015 31981 671601 927449 5
1016 9465 85185 425925 4
1017 15819 379656 506208 1
1018 576 6912 28224 5
1019 21457 171656 901194 2
1020 46627 139881 699405 1
1021 51976 1299400 3222512 3
1022 13810 138100 234770 5
1023 15101 181212 619141 5
1024 12465 249300 498600 3
1025 14122 254196 480148 3
1026 26046 625104 937656 3
1027 46527 279162 1814553 3
1028 16508 66032 115556 4
1029 35672 499408 1105832 2
1030 3699 73980 192348 4
1031 10726 96534 268150 5
1032 47355 0 1468005 5
1033 38319 459828 1915950 5
1034 32708 130832 1177488 5
1035 11417 239757 536599 4
1036 9561 143415 487611 2
1037 56086 785204 1738666 1
1038 46465 557580 2323250 4
1039 28451 341412 938883 1
1040 7685 61480 169070 1
1041 6478 116604 174906 2
1042 46694 0 1634290 5
1043 2048 8192 69632 1
1044 35175 35175 633150 2
1045 45991 275946 1517703 4
1046 2480 44640 131440 4
1047 24353 438354 1266356 4
1048 53210 212840 1596300 3
1049 47001 329007 1034022 2
1050 33127 695667 1556969 4
1051 16904 101424 253560 4
1052 18045 252630 920295 2
1053 6179 173012 296592 2
1054 36108 1011024 1444320 2
1055 4179 25074 171339 5
1056 50442 151326 252210 3
1057 55592 277960 1167432 3
1058 48902 440118 1124746 5
1059 41363 124089 1282253 1
1060 33055 826375 1189980 1
1061 38114 381140 1715130 1
1062 12013 36039 372403 1
1063 6730 141330 222090 5
1064 56021 392147 1736651 1
1065 46370 649180 834660 3
1066 44444 88888 266664 3
1067 1649 4947 62662 5
1068 51112 306672 2146704 5
1069 1527 12216 24432 3
1070 44680 536160 670200 5
1071 1137 47754 87549 2
1072 17199 34398 223587 2
1073 43453 434530 999419 1
1074 32050 673050 1282000 1
1075 41524 249144 1619436 3
1076 15125 60500 529375 2
1077 29291 58582 380783 4
1078 48506 776096 873108 2
1079 37168 780528 1821232 5
1080 8736 69888 262080 1
1081 51280 102560 153840 1
1082 1205 7230 8435 1
1083 19709 689815 1162831 2
1084 51210 614520 1331460 2
1085 27100 216800 813000 4
1086 36525 109575 693975 5
1087 27519 412785 1403469 2
1088 27705 0 1052790 4
1089 44776 358208 1791040 4
1090 35569 1138208 2418692 2
1091 33120 397440 1490400 4
1092 34891 418692 837384 3
1093 38246 76492 611936 1
1094 8081 161620 315159 2
1095 13310 0 359370 5
1096 19647 235764 982350 2
1097 7729 7729 162309 2
1098 28283 84849 678792 3
1099 16949 508470 627113 1
1100 46407 417663 1531431 2
1101 45091 901820 1037093 3
1102 34108 238756 1193780 3
1103 51101 613212 1124222 5
1104 29048 406672 842392 3
1105 31711 665931 983041 1
1106 11676 186816 443688 1
1107 55373 166119 442984 2
1108 43791 350328 788238 2
1109 13958 334992 586236 2
1110 37848 794808 1930248 5
1111 6681 100215 126939 2
1112 48636 97272 1410444 3
1113 16404 590544 1181088 1
1114 37952 948800 1631936 3
1115 20195 121170 767410 2
1116 17563 421512 1018654 4
1117 32322 161610 387864 4
1118 53833 1614990 3391479 2
1119 27575 110300 165450 5
1120 51159 102318 255795 1
1121 21770 261240 936110 4
1122 12953 103624 388590 2
1123 14353 401884 459296 3
1124 30830 61660 986560 4
1125 28156 563120 872836 4
1126 4262 59668 187528 2
1127 46959 1643565 2911458 1
1128 33185 0 265480 4
1129 1008 6048 35280 2
1130 50286 704004 1508580 5
1131 19709 118254 197090 1
1132 29674 415436 801198 1
1133 48470 242350 727050 5
1134 2218 13308 59886 2
1135 7288 145760 313384 3
1136 52544 315264 577984 4
1137 44999 944979 2654941 5
1138 5804 116080 330828 1
1139 35382 35382 389202 1
1140 42325 211625 1735325 4
1141 51611 464499 2116051 1
1142 15153 136377 378825 2
1143 52687 368809 842992 3
1144 22671 181368 340065 4
1145 34847 139388 1184798 5
1146 28741 431115 1437050 5
1147 21412 85648 620948 3
1148 12777 76662 396087 3
1149 941 15056 17879 5
1150 50189 200756 1957371 5
1151 45985 183940 1609475 2
1152 29342 352104 792234 3
1153 27190 380660 598180 1
1154 50704 608448 2332384 4
1155 48109 1347052 2742213 1
1156 30902 432628 525334 4
1157 3804 45648 144552 5
1158 20327 243924 487848 3
1159 44676 1250928 2099772 3
1160 14919 44757 372975 2
1161 44604 535248 2051784 5
1162 31363 156815 501808 5
1163 11978 359340 658790 2
1164 3056 45840 97792 2
1165 56828 1704840 3864304 1
1166 24250 388000 1067000 4
1167 26335 421360 500365 3
1168 15180 91080 303600 4
1169 43134 1509690 1595958 1
1170 11866 0 11866 4
1171 31071 248568 310710 3
1172 51605 412840 1135310 2
1173 14379 86274 431370 2
1174 1109 3327 39924 4
1175 39219 156876 1098132 1
1176 21797 261564 610316 5
1177 46314 972594 1389420 2
1178 48325 386600 1933000 5
1179 22544 22544 293072 2
1180 16997 0 475916 3
1181 2191 78876 157752 1
1182 21078 105390 316170 3
1183 22222 88888 599994 3
1184 29523 118092 826644 1
1185 47340 1325520 1372860 4
1186 54681 328086 2023197 4
1187 21525 645750 1054725 3
1188 23548 94192 306124 1
1189 29952 628992 1257984 2
1190 55622 1168062 2447368 3
1191 36081 72162 216486 1
1192 34076 170380 1056356 5
1193 4681 14043 60853 1
1194 37096 445152 927400 3
1195 7854 62832 70686 2
1196 36689 660402 1577627 1
1197 14683 0 308343 2
1198 15821 63284 601198 5
1199 28232 169392 1213976 4
1200 34440 826560 1446480 1
1201 10575 444150 623925 5
1202 36335 363350 1598740 4
1203 48389 145167 1209725 1
1204 42410 508920 1399530 4
1205 22959 206631 321426 3
1206 34681 242767 1213835 1
1207 3307 16535 138894 1
1208 42684 682944 810996 4
1209 10812 324360 454104 5
1210 22442 269304 628376 5
1211 17873 375333 786412 1
1212 1795 14360 32310 1
1213 45535 0 637490 5
1214 31276 656796 688072 5
1215 39068 976700 2305012 1
1216 52435 524350 2412010 4
1217 18585 111510 353115 4
1218 33975 101925 645525 2
1219 5557 22228 61127 2
1220 31008 651168 1736448 2
1221 4621 46210 83178 2
1222 6531 78372 156744 4
1223 52157 2607850 3285891 1
1224 50886 2442528 4121766 4
1225 7513 90156 217877 4
1226 13508 81048 283668 4
1227 17794 427056 622790 4
1228 32046 480690 1570254 5
1229 40577 162308 649232 4
1230 36662 1099860 2309706 3
1231 41822 125466 669152 3
1232 32396 583128 1101464 2
1233 52035 312210 2185470 5
1234 29468 1237656 2121696 1
1235 28919 520542 694056 5
1236 18666 111996 615978 2
1237 44909 89818 763453 3
1238 48452 145356 1938080 5
1239 29270 468320 1229340 5
1240 17079 0 136632 2
1241 27102 271020 948570 2
1242 30564 152820 764100 3
1243 14886 119088 446580 1
1244 42171 168684 632565 5
1245 40881 408810 1103787 3
1246 19498 194980 857912 4
1247 36942 295536 1256028 2
1248 19757 355626 987850 3
1249 9987 49935 359532 4
1250 31477 1322034 2046005 5
1251 18686 280290 504522 5
1252 33343 466802 1367063 5
1253 48445 1695575 2761365 5
1254 29246 614166 1052856 3
1255 56749 1588972 3064446 2
1256 32357 291213 647140 4
1257 49065 588780 2256990 2
1258 40490 283430 728820 5
1259 22272 334080 467712 2
1260 16440 230160 624720 2
1261 52690 790350 1211870 2
1262 32540 683340 1269060 4
1263 48314 241570 1690990 3
1264 23581 235810 990402 1
1265 33980 1427160 2140740 5
1266 14389 115112 489226 5
1267 28199 225592 1127960 5
1268 30436 121744 700028 5
1269 15443 231645 324303 2
1270 17974 107844 611116 5
1271 39197 0 744743 1
1272 47109 565308 1036398 5
1273 46221 1155525 2588376 1
1274 29996 449940 1229836 3
1275 26529 397935 424464 3
1276 16500 99000 478500 2
1277 42470 1486450 1571390 2
1278 49138 589656 1031898 1
1279 44482 133446 1779280 2
1280 38669 386690 696042 1
1281 21466 429320 1223562 2
1282 32835 394020 1543245 3
1283 40165 602475 1927920 1
1284 9969 39876 279132 2
1285 38713 232278 1006538 2
1286 19034 399714 970734 2
1287 44838 0 1524492 4
1288 54210 271050 1734720 5
1289 10910 152740 436400 4
1290 19618 353124 608158 2
1291 6836 143556 375980 2
1292 53652 429216 965736 1
1293 49334 197336 1332018 1
1294 18372 146976 220464 3
1295 33388 166940 200328 4
1296 8472 415128 465960 2
1297 14429 230864 461728 2
1298 16160 290880 791840 3
1299 1823 3646 34637 2
1300 45893 963753 2386436 3
1301 47623 1428690 1571559 1
1302 55996 1343904 2015856 3
1303 31429 1320018 2482891 4
1304 45320 362560 498520 4
1305 15807 47421 316140 1
1306 12740 382200 662480 3
1307 18518 74072 574058 5
1308 36934 295472 1625096 1
1309 37403 37403 374030 2
1310 24694 617350 1234700 2
1311 32480 227360 259840 5
1312 301 4515 5117 4
1313 21320 42640 170560 2
1314 16902 473256 574668 4
1315 43652 1222256 1440516 5
1316 20812 249744 874104 1
1317 44435 710960 1555225 4
1318 13591 217456 679550 2
1319 2614 0 54894 2
1320 25210 252100 882350 3
1321 26637 239733 932295 3
1322 32139 642780 1349838 1
1323 48380 241900 1983580 2
1324 42718 768924 1153386 3
1325 43377 173508 347016 5
1326 33641 336410 841025 1
1327 50980 1019600 2650960 5
1328 3392 101760 159424 5
1329 66 2310 4686 2
1330 2123 25476 33968 5
1331 31520 252160 567360 2
1332 1297 19455 32425 1
1333 13252 265040 583088 4
1334 31190 124760 1309980 2
1335 17871 375291 536130 1
1336 35466 425592 709320 5
1337 1382 5528 49752 5
1338 51715 310290 724010 1
1339 10455 0 94095 4
1340 34222 136888 1197770 3
1341 31970 319700 1246830 5
1342 34541 172705 828984 5
1343 48446 193784 532906 5
1344 392 3136 16072 2
1345 23836 572064 667408 2
1346 41071 164284 574994 1
1347 26864 402960 1182016 5
1348 37033 259231 1333188 3
1349 20645 330320 578060 1
1350 56843 284215 1818976 1
1351 18419 55257 147352 1
1352 18403 441672 938553 1
1353 33683 505245 1751516 2
1354 38497 230982 1693868 1
1355 38196 229176 954900 3
1356 18003 360060 972162 5
1357 40515 243090 1377510 5
1358 7892 47352 276220 1
1359 11828 70968 283872 2
1360 56964 227856 2164632 1
1361 52800 369600 2376000 4
1362 45303 362424 2083938 5
1363 32942 0 724724 3
1364 22577 225770 767618 2
1365 15652 187824 516516 5
1366 36606 512484 951756 3
1367 519 6228 9342 1
1368 21182 63546 127092 4
1369 44478 622692 1245384 4
1370 35164 984592 2109840 1
1371 37771 226626 1170901 1
1372 36586 146344 1024408 2
1373 13450 201750 416950 3
1374 1555 10885 40430 5
1375 16283 81415 244245 4
1376 47364 378912 805188 4
1377 17117 0 616212 3
1378 33523 0 771029 4
1379 23298 349470 838728 2
1380 24770 743100 1362350 5
1381 32471 259768 681891 1
1382 17821 106926 445525 4
1383 11472 160608 275328 3
1384 44288 398592 1771520 1
1385 30244 120976 1179516 3
1386 8634 51804 138144 3
1387 2394 19152 31122 4
1388 42091 631365 1936186 5
1389 41634 124902 999216 1
1390 19196 115176 633468 4
1391 55137 330822 1764384 2
1392 40226 724068 1649266 1
1393 11084 55420 232764 2
1394 56504 1130080 2542680 2
1395 4325 69200 211925 1
1396 1615 56525 111435 2
1397 8883 0 239841 4
1398 46796 93592 1076308 2
1399 56184 561840 1067496 2
1400 21950 153650 241450 2
1401 23453 187624 609778 2
1402 15402 431256 539070 5
1403 46932 1314096 3097512 3
1404 49442 197768 543862 1
1405 48542 728130 1747512 4
1406 34335 412020 618030 5
1407 35906 215436 1543958 2
1408 44421 177684 1110525 2
1409 55035 550350 1706085 5
1410 54275 868400 1845350 4
1411 382 764 8404 3
1412 35470 283760 886750 2
1413 49302 246510 1232550 5
1414 9563 57378 258201 5
1415 12301 184515 307525 2
1416 43572 0 827868 2
1417 12315 61575 233985 1
1418 47278 567336 1938398 2
1419 35840 107520 394240 5
1420 6584 105344 256776 5
1421 55085 220340 716105 3
1422 48752 146256 1072544 4
1423 7416 44496 51912 5
1424 13168 460880 921760 2
1425 9550 191000 506150 3
1426 44500 934500 2581000 1
1427 48005 720075 1680175 5
1428 26147 0 287617 4
1429 35923 215538 1472843 3
1430 49918 0 1846966 5
1431 52816 792240 1795744 3
1432 12532 225576 375960 1
1433 40846 326768 1511302 3
1434 51071 612852 663923 4
1435 10570 105700 274820 4
1436 39029 1092812 1756305 5
1437 17239 68956 448214 2
1438 22824 182592 319536 1
1439 25266 151596 505320 3
1440 37432 0 1197824 4
1441 36030 432360 1188990 1
1442 196 9604 16464 5
1443 9578 86202 335230 3
1444 9789 29367 225147 2
1445 24687 148122 320931 2
1446 41834 502008 2008032 1
1447 53598 107196 1018362 1
1448 26094 104376 808914 5
1449 27031 946085 1297488 4
1450 31477 0 535109 5
1451 4627 37016 74032 5
1452 49538 1040298 2625514 5
1453 28943 868290 955119 3
1454 6017 24068 60170 2
1455 18492 647220 832140 4
1456 37916 151664 1554556 2
1457 38948 584220 1791608 1
1458 2392 28704 33488 1
1459 26369 738332 817439 2
1460 32627 195762 228389 1
1461 22968 413424 826848 5
1462 30556 122224 550008 5
1463 24611 689108 1009051 3
1464 38368 537152 920832 2
1465 59 590 1770 5
1466 49552 346864 2031632 5
1467 46300 555600 1296400 4
1468 12029 48116 396957 1
1469 24820 198560 967980 4
1470 11844 331632 734328 3
1471 33995 611910 1495780 1
1472 35227 70454 880675 1
1473 15839 237585 665238 4
1474 35072 175360 806656 1
1475 24854 298248 546788 3
1476 53616 268080 1930176 5
1477 20716 372888 414320 5
1478 19592 58776 646536 2
1479 42257 591598 1859308 3
1480 10212 102120 163392 2
1481 33109 165545 264872 5
1482 22377 268524 827949 4
1483 23519 376304 1011317 3
1484 24785 49570 322205 3
1485 53341 160023 1066820 5
1486 16253 16253 146277 2
1487 30463 152315 304630 4
1488 55387 166161 2049319 1
1489 5148 92664 102960 1
1490 29142 174852 378846 3
1491 23562 94248 541926 5
1492 11401 285025 387634 1
1493 31987 191922 1151532 5
1494 48949 587388 2055858 2
1495 26565 371910 717255 5
1496 1566 9396 50112 4
1497 11919 178785 500598 2
1498 17284 155556 691360 4
1499 32264 580752 1161504 5
1500 32675 326750 1307000 2
