0001 65948 0 1912492 3
0002 82848 0 165696 5
0003 66482 797784 2592798 4
0004 64171 1540104 3657747 1
0005 87539 700312 3326482 2
0006 29541 206787 295410 1
0007 23263 46526 279156 5
0008 36517 0 620789 3
0009 75459 1131885 4301163 1
0010 25326 455868 1443582 4
0011 44374 887480 1863708 5
0012 32879 295911 723338 1
0013 8346 250380 292110 4
0014 2582 25820 43894 1
0015 24243 290916 1212150 4
0016 57324 917184 2923524 1
0017 9017 72136 144272 2
0018 78503 942036 3454132 1
0019 6763 135260 263757 5
0020 55362 1937670 2214480 2
0021 10856 130272 423384 2
0022 68489 1232802 3766895 2
0023 48325 289950 2174625 2
0024 79397 158794 3572865 4
0025 61715 0 678865 2
0026 5101 10202 66313 2
0027 179 895 1074 1
0028 72324 1012536 2386692 5
0029 86346 1036152 1640574 2
0030 75698 756980 1438262 2
0031 82239 1151346 4440906 2
0032 76103 1826472 2130884 5
0033 10712 96408 567736 2
0034 79500 556500 1908000 1
0035 12814 0 166582 2
0036 13644 245592 450252 3
0037 3902 15608 156080 2
0038 35825 214950 895625 4
0039 87323 873230 3492920 1
0040 38185 763700 2291100 3
0041 61069 488552 1526725 2
0042 84665 1185310 2624615 2
0043 65942 395652 2571738 5
0044 1305 5220 27405 1
0045 60972 487776 3170544 2
0046 33582 839550 1007460 4
0047 22993 344895 1287608 1
0048 5390 32340 64680 5
0049 75936 0 1063104 3
0050 70656 423936 2190336 3
0051 62590 938850 1627340 2
0052 84408 759672 2954280 5
0053 23919 358785 430542 5
0054 19564 136948 919508 4
0055 35365 530475 1838980 4
0056 82733 827330 3474786 3
0057 29347 58694 469552 4
0058 85700 1542600 3342300 4
0059 7613 91356 197938 3
0060 15008 180096 210112 1
0061 13252 0 79512 2
0062 60901 121802 2375139 5
0063 86703 260109 3034605 4
0064 10423 187614 646226 4
0065 7621 76210 160041 4
0066 56477 677724 1186017 2
0067 44623 937083 2454265 5
0068 44148 176592 397332 3
0069 86095 1033140 4735225 5
0070 42337 0 889077 4
0071 83799 251397 1927377 3
0072 78477 470862 3452988 5
0073 83035 2324980 3238365 4
0074 20330 40660 81320 3
0075 41171 247026 1276301 3
0076 76824 691416 3764376 3
0077 68944 137888 3171424 4
0078 21028 21028 841120 1
0079 70917 1772925 2269344 3
0080 22449 269388 830613 4
0081 43105 517260 2025935 1
0082 42607 1192996 1746887 1
0083 40632 1137696 2397288 4
0084 83404 3502968 4754028 4
0085 74415 595320 2381280 4
0086 46358 1947036 3894072 5
0087 7451 29804 156471 5
0088 23710 569040 1209210 1
0089 56822 1022796 1875126 1
0090 61454 122908 737448 5
0091 83349 1500282 4500846 5
0092 44311 88622 930531 5
0093 77369 618952 2321070 3
0094 5272 26360 253056 4
0095 22312 267744 736296 5
0096 79561 2386830 2625513 3
0097 66870 401220 2340450 1
0098 10182 213822 549828 1
0099 58960 0 1238160 4
0100 13960 195440 753840 2
0101 62813 753756 2826585 5
0102 13772 96404 192808 4
0103 17276 259140 414624 5
0104 58253 873795 2330120 2
0105 33666 403992 1548636 1
0106 1858 5574 24154 3
0107 72141 865692 937833 5
0108 61596 1478304 2895012 1
0109 74345 1338210 2973800 4
0110 714 714 21420 2
0111 58283 874245 3030716 3
0112 45263 45263 1901046 1
0113 39553 158212 1700779 5
0114 66810 801720 1469820 3
0115 1543 43204 86408 2
0116 64593 1162674 3940173 5
0117 32624 195744 554608 4
0118 57882 694584 983994 5
0119 78835 1419030 1497865 2
0120 49914 1497420 3094668 5
0121 7899 31596 276465 3
0122 52190 208760 1304750 4
0123 43180 345440 1295400 3
0124 14259 14259 427770 1
0125 34724 0 243068 5
0126 72053 144106 1729272 2
0127 17121 34242 530751 4
0128 77418 2709630 4567662 1
0129 36330 581280 1017240 1
0130 8746 8746 17492 3
0131 4707 56484 155331 3
0132 23993 95972 1055692 3
0133 54351 434808 2065338 1
0134 61979 247916 867706 4
0135 57562 230248 460496 2
0136 75604 1512080 1738892 3
0137 21867 218670 699744 3
0138 20936 20936 397784 4
0139 17268 103608 621648 5
0140 69326 415956 1871802 5
0141 36399 145596 1164768 3
0142 11406 11406 148278 4
0143 32751 0 1048032 5
0144 15319 45957 183828 1
0145 13384 267680 455056 5
0146 66451 797412 2990295 2
0147 84999 849990 4079952 3
0148 83604 501624 2257308 1
0149 34534 172670 1657632 5
0150 72667 872004 2325344 2
0151 71288 855456 1283184 3
0152 37246 297968 1042888 1
0153 26990 0 836690 5
0154 84728 847280 2711296 1
0155 63592 953880 1081064 5
0156 61610 0 1232200 3
0157 37785 1133550 1246905 3
0158 41196 411960 1977408 5
0159 65711 2759862 5454013 3
0160 56180 337080 617980 3
0161 77504 620032 3565184 5
0162 36729 36729 1432431 2
0163 37098 445176 1372626 1
0164 221 4641 12376 4
0165 60394 905910 2355366 5
0166 69333 554664 2287989 4
0167 51509 618108 1133198 5
0168 28525 171150 969850 5
0169 72613 1307034 4356780 3
0170 37446 112338 187230 4
0171 70870 850440 2693060 3
0172 34637 623466 2008946 3
0173 51468 617616 1492572 3
0174 15916 381984 525228 4
0175 48002 336014 1872078 2
0176 69560 973840 3478000 5
0177 5451 54510 163530 4
0178 37681 452172 1130430 4
0179 87523 525138 3063305 3
0180 32634 261072 1305360 1
0181 76232 152464 2286960 5
0182 85322 2133050 4692710 2
0183 21924 43848 175392 5
0184 795 27825 39750 1
0185 71738 573904 3012996 3
0186 17390 608650 1286860 5
0187 56668 340008 2493392 2
0188 6979 20937 321034 4
0189 5100 91800 107100 4
0190 30743 184458 1198977 3
0191 79058 474348 2846088 2
0192 35783 751443 2290112 5
0193 40823 122469 530699 5
0194 75449 1584429 2188021 5
0195 81849 1964376 4829091 5
0196 8976 179520 538560 2
0197 14363 0 402164 5
0198 86462 172924 3544942 4
0199 18561 278415 464025 1
0200 46334 278004 1297352 2
0201 76343 458058 1679546 5
0202 51063 510630 1582953 1
0203 13862 277240 346550 4
0204 83175 1497150 4824150 1
0205 64928 324640 2207552 4
0206 34153 1195355 1400273 3
0207 25957 0 934452 1
0208 37336 112008 1680120 2
0209 49074 687036 932406 2
0210 38152 457824 2136512 2
0211 50117 902106 2606084 3
0212 28911 260199 664953 2
0213 47761 573132 2197006 3
0214 17631 370251 493668 3
0215 53636 53636 965448 4
0216 11139 178224 501255 5
0217 25619 230571 281809 1
0218 7009 14018 154198 2
0219 24777 297324 916749 5
0220 11913 35739 166782 2
0221 87230 174460 959530 5
0222 26829 53658 590238 3
0223 58848 1647744 3295488 3
0224 83281 666248 832810 4
0225 78266 0 860926 3
0226 48228 723420 1591524 2
0227 67864 542912 2918152 4
0228 56468 282340 2710464 3
0229 45436 136308 454360 4
0230 5548 22192 166440 5
0231 85041 680328 1275615 2
0232 2020 6060 40400 1
0233 79767 478602 1834641 1
0234 83857 83857 2431853 1
0235 22778 91112 318892 4
0236 28705 143525 1263020 2
0237 67201 1209618 2620839 3
0238 64284 1928520 2249940 5
0239 54555 1145655 1963980 1
0240 87328 349312 3231136 1
0241 17911 35822 734351 3
0242 45066 180264 1622376 5
0243 64926 649260 2597040 3
0244 39415 0 788300 1
0245 34674 277392 312066 1
0246 28424 170544 1193808 5
0247 12930 271530 762870 5
0248 59414 415898 2198318 5
0249 3227 64540 200074 4
0250 63 630 2205 4
0251 70241 1685784 4284701 4
0252 11295 22590 203310 1
0253 72196 1443920 4403956 5
0254 67836 678360 2374260 1
0255 39599 237594 791980 2
0256 76095 608760 1597995 1
0257 7966 95592 278810 5
0258 69173 415038 3458650 1
0259 59162 295810 1419888 3
0260 75030 150060 1575630 2
0261 58401 350406 1284822 3
0262 58266 116532 407862 2
0263 59854 359124 1616058 1
0264 45630 456300 2144610 3
0265 86157 861570 2843181 4
0266 55841 1396025 2903732 1
0267 28762 115048 1064194 1
0268 10370 41480 93330 2
0269 7098 21294 305214 5
0270 21281 297934 1085331 3
0271 25299 303588 784269 5
0272 9052 126728 461652 2
0273 53021 1060420 1749693 4
0274 51703 206812 930654 5
0275 53890 323340 1940040 1
0276 82944 331776 1824768 1
0277 2169 8676 91098 3
0278 54856 383992 548560 4
0279 58519 117038 2691874 2
0280 35241 352410 1233435 5
0281 38100 228600 342900 2
0282 3387 6774 71127 1
0283 85306 1023672 3838770 2
0284 71239 1068585 1567258 5
0285 71440 2000320 2500400 2
0286 62481 62481 624810 1
0287 36763 147052 441156 4
0288 30644 183864 1195116 3
0289 10610 318300 657820 4
0290 73471 734710 2351072 2
0291 15461 139149 803972 3
0292 79043 316172 2529376 5
0293 23416 140496 819560 4
0294 36763 1029364 2573410 2
0295 2447 0 48940 4
0296 22706 113530 227060 1
0297 63619 63619 381714 2
0298 1621 19452 47009 4
0299 54429 381003 435432 3
0300 80621 1451178 2176767 3
0301 41931 838620 2431998 5
0302 51282 1076922 1128204 4
0303 70951 354755 425706 5
0304 42909 300363 1373088 4
0305 59371 178113 1009307 1
0306 55639 667668 3060145 3
0307 70225 70225 2738775 1
0308 44350 887000 1552250 5
0309 60407 906105 3261978 2
0310 48329 289974 821593 3
0311 17178 257670 463806 5
0312 48926 146778 1712410 3
0313 16678 0 350238 5
0314 268 4824 11256 1
0315 63527 254108 1143486 5
0316 69270 554160 1870290 5
0317 13407 53628 576501 5
0318 68838 1239084 1858626 2
0319 56706 1190826 1701180 3
0320 75110 4055940 5858580 3
0321 58279 0 641069 2
0322 54891 54891 713583 5
0323 20013 720468 1260819 5
0324 80900 485400 2103400 1
0325 67372 538976 606348 2
0326 63140 441980 2841300 3
0327 7233 14466 86796 2
0328 38162 610592 1183022 1
0329 78969 1184535 1421442 2
0330 15971 111797 351362 3
0331 77551 155102 1551020 4
0332 71495 1072425 2573820 1
0333 8119 48714 138023 1
0334 29240 350880 1374280 2
0335 64425 1159650 1481775 4
0336 57801 462408 2716647 1
0337 12930 155160 633570 1
0338 18103 289648 524987 2
0339 22589 180712 542136 2
0340 47693 143079 1096939 5
0341 74977 149954 2249310 5
0342 37300 111900 969800 5
0343 9360 0 46800 3
0344 80134 1682814 3205360 2
0345 59177 414239 1124363 3
0346 65728 0 394368 5
0347 24605 295260 688940 3
0348 19982 199820 579478 3
0349 86028 3010980 5505792 5
0350 3661 87864 146440 4
0351 8299 33196 315362 5
0352 78280 1174200 3914000 2
0353 10050 80400 412050 4
0354 53795 537950 2420775 2
0355 55091 661092 2203640 4
0356 47317 331219 1277559 1
0357 57407 1033326 1722210 5
0358 69971 1259478 1889217 1
0359 21855 262260 1092750 3
0360 57384 573840 2983968 5
0361 66317 1591608 3846386 2
0362 12131 169834 594419 1
0363 27380 410700 1423760 1
0364 35304 423648 1765200 4
0365 52213 52213 1618603 2
0366 54845 329070 822675 1
0367 81087 0 729783 3
0368 15774 15774 488994 2
0369 67136 402816 3021120 5
0370 85596 0 1027152 5
0371 59330 1186600 2788510 3
0372 49578 793248 1586496 2
0373 20336 427056 508400 2
0374 31504 472560 1764224 1
0375 33256 199536 631864 1
0376 63711 2675862 3058128 3
0377 19970 99850 818770 3
0378 80775 403875 1292400 4
0379 4752 47520 95040 3
0380 16565 132520 430690 1
0381 17292 69168 293964 2
0382 21894 21894 131364 3
0383 46590 279540 2189730 1
0384 40025 320200 2041275 2
0385 53435 641220 1389310 1
0386 15028 210392 751400 1
0387 86425 172850 3024875 3
0388 20178 100890 322848 5
0389 24256 48512 582144 5
0390 28510 57020 741260 2
0391 18671 112026 522788 1
0392 70016 350080 1610368 4
0393 58485 467880 2514855 5
0394 17609 105654 158481 4
0395 27475 412125 1428700 1
0396 68708 274832 2610904 5
0397 84388 843880 3628684 4
0398 31712 951360 1458752 1
0399 87582 262746 788238 4
0400 80037 1200555 2961369 5
0401 81367 325468 813670 2
0402 5080 142240 314960 4
0403 47609 1999578 3761111 5
0404 15199 91194 334378 5
0405 58591 410137 1464775 5
0406 4922 78752 123050 3
0407 53535 321210 695955 5
0408 11970 0 454860 4
0409 51708 413664 723912 3
0410 65448 1570752 3534192 5
0411 78451 1098314 3844099 4
0412 36746 918650 2535474 3
0413 72285 2168550 3758820 2
0414 27804 278040 973140 5
0415 45263 1267364 2534728 4
0416 81279 1219185 1463022 1
0417 69562 695620 1321678 1
0418 69054 828648 3038376 3
0419 50542 1010840 1364634 5
0420 82255 1480590 3043435 3
0421 75447 0 2942433 2
0422 81711 980532 1552509 4
0423 46464 557568 1858560 2
0424 71628 859536 3581400 5
0425 26841 536820 724707 2
0426 34063 306567 681260 1
0427 87611 350444 1051332 5
0428 75293 451758 2861134 4
0429 20072 321152 943384 2
0430 87542 175084 700336 3
0431 13640 327360 463760 4
0432 27386 109544 1287142 4
0433 79632 318528 3503808 5
0434 30965 557370 1857900 1
0435 51996 1247904 1351896 3
0436 57067 1426675 3766422 1
0437 66485 531880 930790 4
0438 58025 58025 638275 1
0439 24514 441252 735420 4
0440 81318 1138452 4228536 4
0441 38567 0 887041 1
0442 37151 148604 631567 1
0443 35248 140992 704960 3
0444 23639 496419 685531 5
0445 2535 15210 50700 3
0446 77936 155872 3429184 5
0447 7889 0 331338 4
0448 69919 279676 2377246 2
0449 43607 697712 2267564 2
0450 38311 229866 459732 1
0451 34478 172390 241346 2
0452 79861 239583 878471 1
0453 28040 336480 420600 3
0454 87516 875160 1662804 1
0455 71298 1069470 1853748 4
0456 52063 312378 833008 3
0457 69805 2094150 3141225 2
0458 7599 15198 37995 4
0459 50795 304770 1777825 3
0460 48649 340543 1605417 5
0461 26225 524500 1075225 2
0462 82530 330120 3878910 4
0463 33002 66004 264016 2
0464 58650 351900 1407600 1
0465 39690 1428840 2381400 5
0466 31721 1110235 2157028 1
0467 57855 867825 2314200 5
0468 52691 2213022 2476477 2
0469 73929 295716 2365728 3
0470 85564 3080304 4877148 3
0471 2843 0 125092 2
0472 50602 1062642 2631304 1
0473 50748 304488 710472 4
0474 53998 971964 3023888 3
0475 58106 697272 1336438 5
0476 29365 88095 587300 5
0477 31732 31732 1110620 3
0478 23117 231170 369872 4
0479 44020 176080 968440 1
0480 55560 1111200 1944600 1
0481 82773 993276 4304196 5
0482 69519 0 1737975 5
0483 75839 1516780 4853696 3
0484 71450 428700 2286400 4
0485 68633 823596 3637549 2
0486 80363 964356 2571616 4
0487 5728 91648 234848 2
0488 42621 213105 937662 2
0489 17839 267585 588687 1
0490 43986 439860 879720 2
0491 79781 398905 2552992 3
0492 58866 176598 1059588 4
0493 75324 1129860 2184396 2
0494 23826 190608 1143648 4
0495 72227 1444540 2166810 3
0496 63975 639750 831675 5
0497 73807 1845175 4945069 5
0498 56362 563620 1803584 1
0499 8390 67120 327210 4
0500 73410 734100 3670500 1
0501 12883 193245 360724 1
0502 77865 155730 545055 1
0503 82709 0 496254 4
0504 15456 61824 401856 4
0505 5844 116880 227916 4
0506 58993 58993 1238853 2
0507 15653 93918 187836 5
0508 15027 90162 706269 3
0509 35540 355400 1066200 4
0510 83141 332564 2078525 2
0511 59629 715548 3160337 2
0512 79790 957480 4308660 3
0513 43050 0 1635900 4
0514 5026 175910 376950 1
0515 69295 0 2979685 5
0516 54321 814815 3096297 1
0517 21041 252492 420820 4
0518 12382 111438 198112 3
0519 5498 131952 192430 1
0520 21925 175400 219250 3
0521 81261 650088 1056393 3
0522 36835 110505 736700 2
0523 40250 322000 1368500 3
0524 76430 1910750 5197240 2
0525 8927 89270 214248 4
0526 44660 625240 1473780 5
0527 50129 150387 1453741 2
0528 36936 738720 1403568 1
0529 1499 5996 29980 4
0530 51568 825088 1443904 4
0531 38065 1712925 2398095 4
0532 23764 356460 1069380 2
0533 78033 468198 1482627 5
0534 57237 801318 2632902 4
0535 49207 492070 1722245 4
0536 83524 250572 3508008 3
0537 7116 0 277524 4
0538 57351 172053 1835232 2
0539 10961 87688 142493 2
0540 65109 390654 1888161 1
0541 29630 88890 681490 2
0542 83664 1003968 2593584 1
0543 49751 398008 1990040 4
0544 2964 82992 174876 1
0545 12873 51492 605031 5
0546 76114 685026 2511762 2
0547 56580 1018440 2546100 5
0548 49518 247590 1980720 2
0549 65659 393954 3217291 4
0550 69202 69202 1107232 2
0551 15737 377688 975694 5
0552 10240 245760 256000 3
0553 11121 155694 455961 1
0554 5660 22640 152820 4
0555 33642 269136 1143828 3
0556 23500 94000 493500 1
0557 72930 2552550 5542680 2
0558 45767 366136 1830680 2
0559 57075 799050 2739600 4
0560 7447 29788 96811 4
0561 80659 725931 3790973 2
0562 56210 674520 3091550 2
0563 87956 791604 2462768 2
0564 24003 24003 600075 3
0565 20860 0 104300 1
0566 35194 105582 351940 2
0567 74278 297112 1856950 5
0568 68770 68770 2406950 5
0569 72710 1090650 4144470 5
0570 34164 409968 1434888 3
0571 85493 2051832 2906762 3
0572 33353 667060 1267414 2
0573 10359 310770 404001 5
0574 86372 1209208 2159300 2
0575 9975 19950 159600 4
0576 16693 0 333860 1
0577 39703 1111684 2024853 2
0578 28576 400064 571520 4
0579 32076 673596 1058508 4
0580 41211 494532 906642 4
0581 57126 285630 514134 3
0582 81760 1716960 3760960 4
0583 62477 499816 2561557 1
0584 31402 0 785050 4
0585 9980 39920 159680 3
0586 46516 744256 2465348 1
0587 55664 1948240 4397456 1
0588 82901 331604 746109 4
0589 1741 0 57453 1
0590 84335 1265025 3626405 1
0591 25696 154176 668096 1
0592 16332 32664 244980 2
0593 30839 925170 986848 2
0594 75909 379545 3491814 2
0595 68168 545344 954352 5
0596 5006 20024 115138 5
0597 53430 160290 1389180 4
0598 22966 275592 1240164 5
0599 83469 1669380 4674264 3
0600 16592 414800 895968 1
0601 57540 115080 2531760 4
0602 1810 21720 30770 4
0603 40088 641408 2044488 2
0604 85115 255345 936265 2
0605 42305 761490 1692200 1
0606 55263 1657890 2652624 1
0607 85252 767268 1790292 4
0608 29324 527832 1114312 3
0609 78632 943584 4403392 2
0610 7013 70130 224416 4
0611 84709 0 1863598 2
0612 31446 566028 786150 2
0613 84277 2949695 3876742 4
0614 69962 1259316 2868442 4
0615 13517 0 419027 4
0616 80801 2828035 3312841 5
0617 67175 1074800 2955700 5
0618 27140 488520 949900 1
0619 25361 405776 989079 2
0620 35128 0 456664 3
0621 29751 178506 1219791 4
0622 31027 372324 1241080 3
0623 69340 1386800 3189640 4
0624 74403 1116045 1934478 1
0625 56902 341412 1877766 3
0626 11376 0 68256 3
0627 48984 391872 2351232 3
0628 85572 1026864 2481588 1
0629 76764 537348 3838200 4
0630 28586 400204 714650 1
0631 80126 801260 2564032 1
0632 29488 294880 353856 2
0633 82515 495090 1072695 4
0634 66419 132838 1195542 3
0635 34270 479780 1405070 4
0636 23004 322056 414072 2
0637 9139 18278 383838 3
0638 24110 433980 1253720 5
0639 64534 903476 3033098 3
0640 44989 944769 2024505 3
0641 42372 254232 847440 1
0642 86978 347912 3914010 3
0643 65493 654930 1440846 2
0644 59533 297665 1488325 5
0645 483 0 20769 1
0646 30461 91383 517837 3
0647 60638 303190 2910624 5
0648 34048 340480 1464064 4
0649 72431 579448 2607516 4
0650 33932 508980 1560872 2
0651 4746 47460 52206 4
0652 13394 160728 642912 3
0653 55871 2011356 2905292 1
0654 31751 762024 1778056 2
0655 25440 381600 1246560 4
0656 12807 153684 627543 5
0657 85655 2141375 2655305 2
0658 40975 860475 1475100 1
0659 80914 0 1861022 1
0660 83190 1164660 1414230 5
0661 4747 28482 166145 1
0662 18461 258454 424603 3
0663 58425 934800 3038100 4
0664 65285 1436270 3198965 2
0665 1617 12936 51744 4
0666 30098 481568 933038 2
0667 61214 612140 2570988 5
0668 11739 70434 481299 4
0669 36350 654300 690650 5
0670 39638 832398 2457556 1
0671 61130 1528250 2078420 4
0672 11717 328076 456963 4
0673 59118 1182360 2778546 4
0674 15880 63520 571680 2
0675 69357 832284 3814635 4
0676 32594 456316 1075602 4
0677 71876 215628 1725024 5
0678 86154 86154 2756928 4
0679 85321 2133025 4180729 5
0680 35512 852288 1100872 1
0681 19881 0 417501 3
0682 937 5622 13118 5
0683 35693 0 464009 5
0684 49681 745215 2484050 5
0685 21965 658950 1208075 5
0686 1752 49056 68328 5
0687 32001 64002 1184037 2
0688 24245 290940 387920 4
0689 48721 341047 1266746 4
0690 20856 312840 792528 3
0691 24656 123280 1134176 5
0692 55649 1558172 2559854 1
0693 68620 823440 1989980 3
0694 19801 0 455423 4
0695 64211 1926330 3082128 5
0696 33708 404496 1280904 5
0697 57122 514098 3027466 3
0698 17094 170940 324786 5
0699 15682 94092 188184 5
0700 27397 191779 493146 1
0701 11917 238340 429012 4
0702 87900 527400 1230600 1
0703 40981 81962 983544 2
0704 6010 0 108180 5
0705 24886 298632 895896 4
0706 5299 10598 174867 2
0707 12809 230562 678877 1
0708 6124 91860 257208 2
0709 71844 862128 1293192 5
0710 38443 615088 845746 4
0711 69333 485331 1039995 4
0712 81053 1296848 1458954 2
0713 61399 1719172 3315546 4
0714 2195 26340 65850 4
0715 15376 123008 153760 5
0716 41324 206620 330592 5
0717 20179 161432 585191 4
0718 27642 221136 552840 5
0719 82710 0 2977560 3
0720 878 7902 19316 4
0721 71895 359475 3379065 4
0722 38176 114528 1641568 5
0723 64431 322155 1030896 2
0724 85409 85409 3672587 2
0725 76516 1071224 4208380 2
0726 76025 912300 2812925 3
0727 34887 418644 872175 1
0728 57958 695496 2144446 4
0729 51713 155139 1085973 4
0730 50025 1500750 3651825 3
0731 64135 448945 1924050 5
0732 33185 497775 1725620 3
0733 22325 200925 558125 5
0734 19573 0 19573 4
0735 4765 76240 142950 5
0736 68698 0 1923544 4
0737 8441 168820 312317 3
0738 84030 420150 3613290 2
0739 75175 300700 1202800 5
0740 53099 796485 1168178 4
0741 35845 358450 501830 3
0742 10230 81840 327360 1
0743 86167 0 3705181 2
0744 11255 180080 641535 4
0745 61000 0 1830000 1
0746 34707 728847 2082420 1
0747 51028 1428784 2500372 4
0748 72519 2175570 4133583 3
0749 66972 200916 2879796 3
0750 76704 460224 3221568 5
0751 6297 151128 170019 4
0752 21276 212760 851040 3
0753 30112 903360 1385152 5
0754 69052 1104832 2071560 3
0755 81252 487512 2356308 2
0756 84226 673808 1431842 4
0757 8783 8783 281056 1
0758 76805 1843320 3533030 2
0759 44019 704304 1628703 2
0760 75435 2263050 4299795 1
0761 56729 680748 1531683 3
0762 11526 288150 541722 3
0763 47939 95878 1150536 5
0764 77688 3262896 4972032 5
0765 38601 463212 1582641 3
0766 15907 318140 397675 1
0767 27514 165084 990504 3
0768 20288 40576 142016 2
0769 78016 312064 1170240 2
0770 78403 1176045 2116881 5
0771 63812 319060 3126788 4
0772 62055 372330 992880 3
0773 35035 700700 2067065 1
0774 77206 926472 2702210 1
0775 62279 747348 2677997 3
0776 20775 311625 602475 2
0777 52304 1464512 2824416 4
0778 83451 1001412 1919373 3
0779 7210 129780 180250 2
0780 30358 242864 485728 1
0781 57390 516510 1893870 5
0782 71731 430386 1936737 2
0783 845 1690 12675 5
0784 69787 1116592 1674888 1
0785 70086 560688 1121376 5
0786 42271 211355 1606298 5
0787 71083 142166 781913 3
0788 10153 121836 436579 1
0789 75775 909300 2273250 2
0790 72192 144384 3176448 3
0791 22107 530568 1370634 5
0792 6882 123876 220224 4
0793 71173 213519 2348709 1
0794 61320 735840 1287720 3
0795 61429 245716 1781441 2
0796 69917 629253 1258506 4
0797 48771 341397 1950840 1
0798 84717 2965095 6607926 5
0799 53643 375501 1072860 4
0800 31652 379824 1455992 2
0801 77486 929832 1627206 3
0802 25036 500720 776116 3
0803 74497 2234910 3426862 4
0804 25265 75795 783215 2
0805 30641 367692 1654614 4
0806 66772 400632 3271828 3
0807 15687 94122 423549 4
0808 60951 487608 548559 1
0809 63081 0 63081 3
0810 7524 60192 233244 3
0811 86297 2416316 2761504 3
0812 36867 0 221202 3
0813 86856 4255944 6774768 2
0814 54230 867680 2114970 4
0815 55599 1000782 2168361 4
0816 62242 995872 2427438 4
0817 87012 348048 2001276 5
0818 26445 370230 1480920 5
0819 67947 407682 1630728 5
0820 32815 98445 1476675 5
0821 4844 121100 290640 1
0822 20399 61197 713965 5
0823 39563 474756 2215528 4
0824 50181 1003620 2358507 5
0825 58613 175839 1992842 1
0826 4682 4682 98322 4
0827 8397 41985 67176 1
0828 82465 3463530 6844595 2
0829 9754 0 195080 2
0830 16014 288252 528462 5
0831 22060 529440 970640 4
0832 81408 2279424 5454336 3
0833 42086 126258 1725526 4
0834 18504 148032 166536 2
0835 86008 1548144 2322216 3
0836 1042 2084 43764 3
0837 10803 108030 162045 1
0838 19865 119190 556220 3
0839 84833 2035992 3987151 4
0840 79247 1981175 2456657 2
0841 74240 519680 965120 2
0842 36447 218682 874728 3
0843 74318 1560678 1857950 4
0844 21311 383598 831129 3
0845 43510 261060 1870930 3
0846 83994 251982 2939790 1
0847 7314 87768 285246 2
0848 60253 723036 3374168 5
0849 20065 40130 822665 5
0850 72973 145946 1240541 5
0851 59622 1073196 2742612 3
0852 60162 360972 601620 3
0853 64168 256672 577512 1
0854 30527 366324 549486 2
0855 80156 1122184 2645148 2
0856 23759 498939 1116673 3
0857 38312 114936 1340920 1
0858 60507 121014 1391661 5
0859 16260 65040 764220 2
0860 87812 263436 878120 2
0861 31848 63696 382176 5
0862 46720 560640 2476160 5
0863 83017 415085 2739561 4
0864 87749 614243 965239 2
0865 54893 329358 2579971 2
0866 36377 0 1527834 2
0867 40006 600090 1600240 1
0868 40363 242178 443993 1
0869 21313 63939 106565 5
0870 66853 2807826 3342650 2
0871 12065 96520 277495 5
0872 73287 1319166 3957498 4
0873 73926 739260 1478520 1
0874 36560 365600 1279600 5
0875 25441 508820 1221168 5
0876 48426 290556 677964 5
0877 71580 286320 2362140 4
0878 54721 109442 766094 5
0879 23738 474760 1281852 3
0880 13456 269120 632432 5
0881 17930 143440 502040 5
0882 55733 334398 2117854 5
0883 25340 25340 633500 5
0884 87507 2450196 4112829 1
0885 73211 1024954 2123119 2
0886 737 22110 42009 1
0887 87978 527868 1495626 1
0888 33164 497460 1790856 2
0889 63957 383742 1151226 4
0890 72722 1745328 2181660 4
0891 83133 498798 3408453 3
0892 29473 294730 1267339 2
0893 25284 50568 657384 1
0894 61071 488568 1160349 3
0895 348 5568 14964 2
0896 78138 156276 1953450 4
0897 60706 2185416 4795774 3
0898 20037 100185 160296 1
0899 53927 107854 2264934 4
0900 39715 278005 1707745 2
0901 44319 531828 1684122 4
0902 14088 70440 197232 5
0903 58177 2036195 3606974 3
0904 31718 1110130 1903080 5
0905 12135 242700 582480 5
0906 84333 2023992 2867322 3
0907 40319 80638 1249889 3
0908 2907 29070 55233 2
0909 10856 86848 390816 4
0910 56426 338556 1579928 1
0911 16122 16122 241830 2
0912 56147 449176 1235234 3
0913 39567 39567 712206 4
0914 58492 233968 1345316 3
0915 85946 1031352 2492434 2
0916 19082 534296 1259412 4
0917 25872 543312 931392 4
0918 4945 0 178020 3
0919 43601 1046424 1787641 5
0920 86553 519318 3548673 2
0921 23558 70674 235580 5
0922 86211 2069064 2155275 2
0923 18060 541800 1300320 4
0924 77855 155710 3503475 5
0925 48575 582900 1748700 2
0926 83197 998364 1331152 5
0927 27235 1143870 2342210 5
0928 12529 150348 162877 4
0929 77910 934920 1402380 1
0930 13436 107488 550876 1
0931 2194 13164 57044 5
0932 6280 31400 226080 5
0933 23667 284004 923013 5
0934 63557 889798 1334697 2
0935 28788 431820 1237884 4
0936 60590 727080 1999470 1
0937 81282 2275896 5527176 4
0938 45676 91352 1004872 1
0939 13058 65290 208928 1
0940 47939 191756 958780 2
0941 39532 592980 1581280 5
0942 7195 86340 165485 1
0943 6402 134442 224070 5
0944 67080 134160 2347800 4
0945 24932 398912 1072076 1
0946 47487 664818 2516811 1
0947 19778 0 692230 4
0948 42221 42221 337768 1
0949 7908 15816 86988 2
0950 74963 449778 3148446 5
0951 74741 373705 2914899 5
0952 79841 798410 3433163 2
0953 16725 585375 903150 3
0954 71375 999250 3283250 1
0955 86662 606634 3726466 4
0956 25481 305772 1197607 3
0957 33519 402228 1005570 4
0958 30498 548964 1768884 1
0959 15585 545475 903930 1
0960 69300 831600 2633400 2
0961 12141 72846 534204 2
0962 66900 1605600 3612600 4
0963 38058 456696 1598436 1
0964 44825 537900 1793000 3
0965 64484 515872 1354164 5
0966 30389 850892 942059 4
0967 42746 1282380 2906728 4
0968 64661 1034576 3556355 4
0969 16086 257376 402150 2
0970 54499 762986 2561453 4
0971 70508 705080 1269144 3
0972 3558 10674 78276 3
0973 61494 1229880 3628146 1
0974 81417 488502 2523927 3
0975 76673 536711 613384 2
0976 67701 947814 2978844 5
0977 73947 1331046 1626834 4
0978 5998 107964 359880 4
0979 11644 326032 780148 2
0980 22994 0 666826 2
0981 72641 1089615 3123563 1
0982 28289 282890 1216427 1
0983 53706 644472 2148240 1
0984 5381 0 161430 4
0985 14762 177144 723338 5
0986 26243 157458 997234 3
0987 27437 219496 795673 3
0988 64006 0 2112198 5
0989 74784 299136 897408 2
0990 4342 34736 39078 1
0991 26900 430400 645600 4
0992 17802 872298 979110 1
0993 28315 339780 821135 3
0994 50276 0 50276 4
0995 55463 166389 1331112 4
0996 72469 289876 1376911 4
0997 55353 332118 1107060 3
0998 48407 290442 1791059 4
0999 17227 51681 534037 1
1000 82709 578963 1240635 1
1001 27594 386316 496692 3
1002 75075 900900 2852850 3
1003 35402 1734698 2336532 5
1004 84071 756639 2101775 4
1005 62784 941760 3390336 4
1006 25228 100912 832524 5
1007 21442 257304 493166 2
1008 26081 312972 1434455 3
1009 43281 0 1255149 5
1010 40993 245958 1475748 2
1011 14958 224370 822690 1
1012 24100 72300 578400 3
1013 67423 0 337115 3
1014 54692 273460 601612 1
1015 6726 6726 13452 5
1016 18358 550740 1028048 2
1017 79864 958368 3514016 1
1018 52327 209308 680251 5
1019 23683 165781 1136784 2
1020 30060 60120 450900 5
1021 68104 136208 2860368 2
1022 31472 0 1321824 1
1023 80151 961812 2725134 4
1024 31510 1323420 2331740 2
1025 74996 749960 2624860 3
1026 33620 134480 1176700 5
1027 74645 0 522515 5
1028 80125 721125 2323625 4
1029 86522 1211308 4239578 3
1030 46935 328545 2346750 1
1031 30295 363540 1605635 4
1032 24574 344036 1302422 3
1033 44465 177860 711440 5
1034 33892 203352 576164 2
1035 57764 173292 288820 2
1036 32923 526768 823075 2
1037 29323 117292 527814 5
1038 2689 10756 118316 4
1039 22792 182336 683760 1
1040 74387 743870 2380384 1
1041 52204 313224 2349180 3
1042 34656 970368 1767456 5
1043 28804 230432 1497808 5
1044 39436 709848 1222516 4
1045 83302 499812 1499436 3
1046 26853 375942 1369503 5
1047 66183 264732 1323660 1
1048 4421 22105 216629 5
1049 77431 1393758 4413567 2
1050 67532 67532 3038940 1
1051 27609 966315 1822194 4
1052 7566 37830 143754 2
1053 18123 72492 398706 4
1054 53979 1295496 1727328 4
1055 43685 262110 1397920 1
1056 81023 486138 1863529 1
1057 86107 0 774963 1
1058 65112 1302240 3516048 1
1059 12962 0 272202 5
1060 49842 2093364 4037202 3
1061 84639 1269585 4739784 4
1062 33426 133704 802224 2
1063 16017 96102 336357 5
1064 11961 191376 669816 5
1065 13341 160092 266820 4
1066 19788 197880 277032 5
1067 26731 374234 935585 1
1068 41128 246768 699176 2
1069 15626 546910 984438 4
1070 30463 487408 1705928 1
1071 1426 22816 85560 3
1072 81169 405845 3652605 5
1073 54225 325350 433800 1
1074 7399 0 51793 2
1075 56647 679764 962999 3
1076 44512 222560 1869504 4
1077 9000 54000 351000 1
1078 83415 834150 1835130 1
1079 43875 526500 570375 1
1080 19252 96260 808584 4
1081 65612 0 2362032 4
1082 76475 152950 2600150 1
1083 17756 266340 461656 5
1084 35345 212070 989660 2
1085 12462 62310 361398 3
1086 81103 973236 2514193 3
1087 51515 515150 2781810 5
1088 80683 242049 1613660 3
1089 62975 1259500 2330075 2
1090 43983 2155167 3650589 3
1091 47342 189368 804814 1
1092 54062 108124 2432790 2
1093 52363 1256712 2199246 2
1094 57472 229888 919552 3
1095 22382 201438 358112 4
1096 46326 555912 1853040 4
1097 86779 0 173558 4
1098 19805 237660 970445 3
1099 32650 1306000 2579350 1
1100 17263 207156 725046 2
1101 13954 502344 753516 5
1102 23539 423702 776787 2
1103 60867 1278207 1826010 5
1104 54404 489636 2067352 4
1105 80227 962724 1925448 2
1106 46548 558576 2373948 4
1107 15018 60072 390468 5
1108 55322 387254 1106440 1
1109 23698 189584 805732 5
1110 42365 677840 1948790 2
1111 52632 526320 1157904 4
1112 52808 422464 1901088 5
1113 37232 74464 521248 4
1114 14301 143010 757953 1
1115 4886 97720 185668 3
1116 18948 0 492648 5
1117 30811 369732 862708 4
1118 3354 23478 114036 1
1119 83489 1669780 2922115 4
1120 20771 623130 1142405 5
1121 36835 884040 1436565 2
1122 52814 316884 1637234 3
1123 79244 475464 1109416 4
1124 85465 2051160 3760460 5
1125 16686 16686 250290 5
1126 6660 106560 313020 3
1127 81254 812540 1300064 4
1128 63850 1340850 2107050 4
1129 13531 162372 392399 3
1130 86435 3457400 5791145 2
1131 53358 1494024 3521628 5
1132 48747 1364916 1901133 1
1133 61942 557478 1672434 5
1134 49123 1719305 1768428 3
1135 57236 1144720 2518384 2
1136 49761 0 1244025 2
1137 81079 1621580 4216108 2
1138 42951 85902 1331481 2
1139 58071 696852 3077763 4
1140 26618 79854 1011484 2
1141 36827 294616 1694042 4
1142 70204 140408 2667752 5
1143 66216 132432 1125672 2
1144 33973 67946 237811 4
1145 60531 605310 2421240 3
1146 41937 1509732 1929102 2
1147 62421 1123578 3745260 4
1148 43983 1055592 2858895 1
1149 2288 2288 91520 5
1150 13989 41967 405681 4
1151 5249 15747 120727 2
1152 2226 26712 82362 1
1153 33589 806136 1612272 4
1154 30330 0 394290 1
1155 17090 102540 153810 3
1156 86727 346908 1214178 3
1157 58578 585780 2987478 3
1158 68945 827340 1930460 2
1159 54003 864048 1782099 3
1160 54867 768138 1481409 3
1161 7977 127632 199425 4
1162 68947 413682 2551039 2
1163 5367 5367 69771 2
1164 70517 564136 1057755 1
1165 55228 828420 2595716 1
1166 53457 748398 1229511 5
1167 15570 140130 217980 2
1168 31988 127952 735724 2
1169 86420 1296300 3802480 4
1170 75815 2274450 3335860 4
1171 79183 1108562 4513431 2
1172 53233 1277592 3140747 4
1173 52684 158052 2318096 3
1174 67252 1412292 2152064 4
1175 8976 215424 332112 2
1176 54104 1082080 3083928 2
1177 38402 192010 1305668 1
1178 75771 454626 2424672 1
1179 33653 67306 471142 2
1180 57180 1372320 2458740 4
1181 12966 51864 363048 3
1182 62806 125612 942090 2
1183 25524 1072008 1659060 5
1184 55520 777280 1221440 1
1185 74354 1040956 2751098 3
1186 54243 379701 2657907 2
1187 51989 311934 1091769 4
1188 32835 32835 722370 4
1189 18253 328554 1113433 5
1190 51101 255505 1584131 5
1191 43809 131427 1883787 3
1192 9132 109584 401808 5
1193 71960 1007440 2518600 2
1194 74137 74137 1631014 3
1195 25823 154938 464814 1
1196 11529 103761 219051 1
1197 81009 648072 3726414 3
1198 72052 72052 1729248 1
1199 78665 471990 2281285 3
1200 76273 1067822 4195015 1
1201 1856 37120 68672 5
1202 74020 1850500 1998540 3
1203 43492 260952 1043808 4
1204 11007 198126 418266 3
1205 38867 777340 2137685 1
1206 81078 972936 2837730 3
1207 24325 145950 486500 4
1208 70918 2482130 4396916 4
1209 16399 98394 573965 4
1210 39791 1671222 2347669 4
1211 86830 1562940 2865390 3
1212 27018 324216 513342 5
1213 39833 0 677161 1
1214 23342 280104 350130 3
1215 70694 1696656 3605394 5
1216 60700 0 2185200 2
1217 9913 59478 337042 5
1218 62274 124548 2179590 4
1219 46263 231315 1572942 5
1220 44518 534216 1469094 2
1221 33799 811176 1149166 3
1222 87028 348112 4090316 5
1223 16599 298782 979341 5
1224 879 5274 7032 4
1225 87571 788139 2014133 2
1226 71565 3005730 3077295 3
1227 41037 1149036 1723554 4
1228 80964 809640 3805308 2
1229 40987 204935 1639480 3
1230 62832 942480 1696464 2
1231 55500 999000 1887000 4
1232 3267 26136 163350 3
1233 65546 2294110 4784858 1
1234 57006 57006 2451258 5
1235 53869 646428 2100891 5
1236 52248 626976 1724184 3
1237 32746 130984 753158 4
1238 25076 601824 1705168 5
1239 17709 531270 832323 4
1240 31589 379068 1137204 5
1241 10454 62724 240442 1
1242 37106 779226 2003724 1
1243 23543 47086 824005 3
1244 60409 604090 2235133 3
1245 30359 303590 910770 3
1246 76702 613616 2607868 2
1247 33539 201234 905553 4
1248 6842 68420 129998 2
1249 48422 1016862 2614788 4
1250 20348 0 223828 1
1251 70733 282932 1273194 4
1252 11485 0 252670 2
1253 67188 134376 2889084 1
1254 35578 213468 355780 1
1255 25878 129390 983364 5
1256 46736 934720 1916176 4
1257 39623 158492 198115 5
1258 75047 375235 2176363 1
1259 37421 224526 1010367 5
1260 42429 297003 1357728 4
1261 35120 245840 456560 5
1262 62390 124780 1746920 3
1263 40959 491508 614385 5
1264 1201 24020 39633 3
1265 41646 333168 1332672 5
1266 79440 238320 2144880 2
1267 57441 1033938 2699727 5
1268 17164 360444 394772 4
1269 85101 1021212 4255050 2
1270 5292 21168 79380 5
1271 53384 2242128 4430872 5
1272 4828 48280 120700 3
1273 6171 0 24684 2
1274 37491 899784 2211969 2
1275 23129 69387 716999 4
1276 65952 263808 2638080 5
1277 11429 171435 205722 2
1278 4470 8940 178800 4
1279 20375 509375 794625 3
1280 955 17190 48705 4
1281 60755 1518875 1883405 3
1282 58403 0 2219314 2
1283 28322 849660 1557710 3
1284 74252 1039528 3267088 2
1285 43136 517632 862720 3
1286 55323 2323566 3595995 2
1287 53074 636888 1008406 1
1288 18797 451128 808271 5
1289 11398 68388 478716 4
1290 18853 188530 754120 3
1291 86024 430120 3957104 3
1292 44099 617386 2160851 5
1293 16424 394176 427024 5
1294 5506 115626 126638 5
1295 48557 1456710 2573521 2
1296 44338 798084 1596168 5
1297 24190 677320 1523970 1
1298 11245 134940 629720 2
1299 57397 688764 2869850 4
1300 1672 41800 48488 1
1301 77349 154698 1856376 3
1302 77918 1402524 3817982 3
1303 5675 51075 215650 1
1304 4445 44450 106680 4
1305 45142 1128550 1579970 5
1306 72050 1296900 2882000 1
1307 25726 900410 1440656 2
1308 11991 35973 251811 3
1309 87733 1228262 2895189 4
1310 20331 365958 609930 4
1311 79479 158958 3417597 4
1312 7769 163149 504985 2
1313 17602 0 440050 5
1314 20503 184527 410060 5
1315 23667 331338 591675 5
1316 50261 301566 653393 5
1317 5855 87825 228345 2
1318 59498 1070964 1903936 2
1319 34056 1430352 2145528 2
1320 43928 87856 1054272 4
1321 68678 686780 1304882 1
1322 47873 287238 909587 4
1323 21040 84160 883680 3
1324 25429 457722 1296879 4
1325 78242 1643082 2190776 4
1326 14850 29700 148500 3
1327 17836 374556 1105832 2
1328 21245 21245 658595 5
1329 54376 761264 2827552 1
1330 4075 16300 101875 5
1331 33038 231266 1519748 1
1332 24563 393008 1449217 2
1333 333 3996 10989 1
1334 63221 1770188 3730039 4
1335 50619 253095 303714 5
1336 22395 313530 1052565 2
1337 60062 1261302 2582666 1
1338 15490 123920 325290 1
1339 36508 73016 146032 2
1340 62898 754776 880572 4
1341 5829 34974 104922 5
1342 32319 193914 323190 2
1343 31648 158240 1424160 3
1344 10693 160395 374255 4
1345 654 3924 26814 5
1346 79007 1580140 3002266 2
1347 55449 55449 1608021 1
1348 31784 381408 1303144 4
1349 51090 204360 2299050 3
1350 70298 140596 2390132 3
1351 73514 220542 367570 3
1352 81614 489684 2366806 3
1353 46003 690045 1748114 4
1354 76839 461034 3534594 3
1355 56475 338850 2767275 3
1356 41556 623340 1454460 3
1357 86406 518436 3974676 3
1358 59745 1672860 2031330 2
1359 49330 2071860 2811810 4
1360 59817 717804 2153412 2
1361 32564 97692 586152 4
1362 46282 0 277692 1
1363 9424 37696 207328 3
1364 63519 127038 2604279 2
1365 24179 145074 169253 4
1366 31233 312330 1436718 5
1367 70989 567912 1206813 5
1368 20202 40404 464646 2
1369 46787 1310036 2666859 4
1370 49827 298962 847059 1
1371 37235 297880 1340460 1
1372 66958 803496 1473076 5
1373 14177 283540 708850 3
1374 54244 1518832 1844296 1
1375 8892 53352 373464 2
1376 10537 21074 189666 5
1377 34635 207810 1039050 4
1378 30390 638190 820530 2
1379 71600 1503600 3651600 2
1380 24373 389968 1413634 1
1381 23379 140274 748128 1
1382 21099 316485 485277 1
1383 75744 302976 3181248 2
1384 77987 779870 1637727 4
1385 30 360 1410 3
1386 62289 186867 2553849 1
1387 29102 87306 174612 5
1388 8221 82210 312398 4
1389 50496 201984 2322816 3
1390 58029 174087 754377 4
1391 13557 406710 704964 3
1392 23896 382336 1242592 3
1393 58442 584420 2863658 3
1394 77545 930540 1240720 5
1395 52064 780960 3019712 5
1396 76490 2677150 4130460 2
1397 54367 543670 1413542 4
1398 79772 1276352 3589740 4
1399 9239 92390 194019 4
1400 18777 225324 488202 5
1401 86178 517068 1982094 2
1402 29888 358656 1524288 2
1403 27599 220792 1186757 3
1404 84406 3545052 3629458 2
1405 19140 306240 1110120 1
1406 66723 1334460 2869089 5
1407 40113 160452 681921 4
1408 55858 111716 335148 4
1409 51988 103976 935784 3
1410 68283 819396 2185056 4
1411 59659 954544 2624996 3
1412 49274 147822 640562 5
1413 81244 568708 3655980 2
1414 26241 236169 1338291 5
1415 6733 201990 397247 1
1416 58271 1165420 2039485 1
1417 56891 113782 1877403 1
1418 82570 990840 3467940 5
1419 70751 424506 636759 5
1420 70247 842964 2669386 4
1421 7508 90096 120128 5
1422 38420 461040 653140 3
1423 24255 145530 169785 2
1424 21303 426060 1320786 2
1425 8295 24885 282030 4
1426 27800 55600 1139800 5
1427 8260 49560 363440 3
1428 43946 263676 878920 4
1429 39358 472296 1298814 2
1430 21109 443289 527725 4
1431 71622 859464 3008124 5
1432 66258 993870 2186514 1
1433 60352 362112 1991616 2
1434 26970 161820 377580 1
1435 58777 117554 1469425 2
1436 7899 94788 221172 5
1437 77566 2326980 5352054 2
1438 25461 458298 1043901 3
1439 43242 259452 1556712 4
1440 15803 189636 221242 5
1441 41976 419760 1595088 3
1442 4562 0 72992 5
1443 8824 26472 211776 4
1444 15707 219898 863885 1
1445 59384 475072 2315976 5
1446 83724 502344 3097788 1
1447 37281 298248 410091 4
1448 63579 508632 3115371 5
1449 37010 370100 962260 3
1450 59553 1250613 2798991 4
1451 42876 2100924 3258576 1
1452 29030 435450 638660 2
1453 18819 338742 414018 2
1454 50660 0 1773100 4
1455 57733 519597 808262 4
1456 76008 456048 2660280 3
1457 21413 749455 792281 4
1458 40702 610530 1587378 5
1459 4193 25158 54509 4
1460 16381 81905 507811 1
1461 37732 301856 1358352 4
1462 67533 540264 3106518 3
1463 5223 62676 99237 1
1464 58779 176337 1998486 4
1465 46686 233430 700290 2
1466 10791 129492 604296 1
1467 41809 501708 1087034 4
1468 71131 569048 1991668 2
1469 86018 1290270 3096648 1
1470 15593 124744 686092 3
1471 86724 1734480 2254824 4
1472 21174 0 169392 3
1473 70358 633222 773938 1
1474 15136 544896 802208 4
1475 14643 292860 673578 2
1476 2798 13990 19586 3
1477 16423 98538 574805 1
1478 30211 181266 1178229 2
1479 47425 711375 1327900 3
1480 4970 0 213710 2
1481 65339 588051 2940255 1
1482 67928 679280 2445408 1
1483 56549 339294 1753019 3
1484 17047 255705 715974 5
1485 85888 515328 3521408 5
1486 30997 433958 1239880 2
1487 17996 53988 305932 5
1488 3503 49042 157635 2
1489 76965 1385370 3540390 1
1490 47612 1285524 3190004 3
1491 50287 301722 1106314 2
1492 56327 0 1070213 3
1493 57452 861780 2987504 4
1494 63674 1910220 2737982 4
1495 19516 234192 722092 1
1496 1313 5252 23634 4
1497 16260 162600 422760 1
1498 67433 2022990 4113413 3
1499 63474 126948 1967694 5
1500 41055 738990 1477980 5
1501 844 5908 31228 5
1502 80941 485646 728469 5
1503 11489 137868 643384 5
1504 70516 141032 1198772 2
1505 11540 0 426980 4
1506 6756 168900 452652 2
1507 46292 2777520 4721784 2
1508 28074 842220 1993254 2
1509 5124 15372 240828 4
1510 46763 748208 1636705 1
1511 6387 134127 281028 2
1512 84451 84451 2111275 4
1513 66443 996645 3787251 4
1514 7997 71973 183931 2
1515 28767 460272 805476 2
1516 58484 233936 1345132 4
1517 58948 1061064 2652660 3
1518 54001 432008 2268042 1
1519 44574 356592 713184 4
1520 48794 292764 1512614 2
1521 16434 32868 180774 5
1522 39422 157688 1419192 2
1523 36229 507206 1159328 4
1524 84732 2033568 3982404 3
1525 7338 176112 183450 3
1526 81519 1304304 4402026 2
1527 39183 705294 2272614 1
1528 20631 495144 1072812 5
1529 552 8832 27600 1
1530 51054 357378 2195322 4
1531 45475 0 272850 4
1532 73754 147508 3392684 1
1533 59642 59642 178926 1
1534 55404 831060 1662120 1
1535 44115 661725 705840 2
1536 17614 528420 1021612 5
1537 431 4310 10775 5
1538 36133 541995 1734384 4
1539 55081 0 1762592 1
1540 34467 275736 1792284 1
1541 2594 90790 111542 5
1542 38825 582375 1980075 4
1543 37055 185275 518770 1
1544 69542 278168 2573054 3
1545 51647 619764 1859292 5
1546 19589 352602 391780 4
1547 4953 14859 104013 4
1548 81622 326488 897842 2
1549 47402 1516864 2654512 4
1550 74100 666900 2519400 1
1551 57428 689136 2584260 2
1552 46952 2253696 2864072 4
1553 63056 378336 1261120 3
1554 82579 2312212 2477370 4
1555 34873 34873 453349 1
1556 62505 187515 1375110 2
1557 85068 680544 3998196 2
1558 29972 449580 539496 4
1559 66350 1857800 4445450 3
1560 28610 286100 1487720 1
1561 50868 610416 915624 3
1562 63881 766572 1405382 3
1563 67272 269088 1883616 3
1564 22909 962178 1168359 2
1565 53664 1341600 3273504 5
1566 35227 211362 1092037 5
1567 25274 631850 1617536 2
1568 25796 361144 1264004 1
1569 59750 1254750 1374250 2
1570 61498 245992 1229960 2
1571 28852 403928 1413748 3
1572 44996 269976 2249800 3
1573 62823 1256460 2764212 1
1574 1884 28260 48984 5
1575 74023 518161 2220690 5
1576 2191 52584 67921 3
1577 5857 11714 46856 5
1578 49447 395576 1631751 1
1579 61150 1223000 1712200 4
1580 44260 531120 2213000 5
1581 77876 389380 3582296 3
1582 32146 803650 1864468 3
1583 26458 158748 555618 5
1584 39789 397890 1710927 4
1585 18320 458000 970960 1
1586 82651 1487718 3140738 4
1587 74362 297448 2677032 5
1588 86113 344452 1550034 2
1589 32319 323190 678699 4
1590 75264 1505280 4365312 2
1591 4319 8638 73423 3
1592 69079 345395 1657896 2
1593 44695 446950 1340850 2
1594 50431 1210344 2924998 1
1595 41255 495060 948865 4
1596 82112 492672 1724352 2
1597 41276 1238280 2022524 3
1598 12842 25684 462312 1
1599 60740 364440 1579240 3
1600 72274 144548 2674138 4
1601 36161 433932 687059 4
1602 85474 683792 2564220 4
1603 6104 24416 152600 2
1604 83269 249807 1332304 1
1605 65413 523304 1046608 5
1606 77457 1161855 3408108 1
1607 36341 726820 1962414 4
1608 70269 1264842 3864795 5
1609 75002 1350036 4650124 2
1610 20374 407480 1161318 3
1611 52216 0 1723128 1
1612 44295 265770 1993275 5
1613 687 0 2061 1
1614 62347 249388 2119798 3
1615 3518 84432 179418 1
1616 68599 548792 1852173 3
1617 63275 189825 1898250 5
1618 6122 36732 287734 3
1619 12838 179732 218246 3
1620 14892 59568 506328 3
1621 2430 21870 51030 5
1622 30253 121012 1149614 2
1623 73359 440154 3081078 5
1624 21530 452130 1270270 2
1625 9739 233736 516167 4
1626 48389 1451670 2274283 4
1627 28087 0 786436 1
1628 13823 165876 469982 4
1629 61133 1283793 1589458 5
1630 52880 475920 2379600 3
1631 46436 835848 1021592 5
1632 37301 522214 1902351 2
1633 70507 352535 1480647 2
1634 16388 196656 671908 4
1635 35283 105849 635094 4
1636 53971 647652 809565 1
1637 15045 45135 105315 2
1638 31082 466230 528394 2
1639 30257 121028 363084 1
1640 63325 1773100 3166250 4
1641 50637 1012740 3240768 1
1642 42337 762066 1354784 2
1643 37083 667494 1668735 1
1644 64013 768156 2240455 5
1645 2471 19768 128492 2
1646 73640 368200 3608360 2
1647 7654 183696 237274 5
1648 54712 437696 2680888 4
1649 82257 658056 4112850 4
1650 62080 310400 1552000 1
1651 22730 454600 1341070 2
1652 39251 785020 902773 4
1653 54941 1922935 3735988 5
1654 707 4242 33229 2
1655 10597 254328 328507 4
1656 85133 1021596 3490453 3
1657 36249 579984 652482 2
1658 66660 533280 1133220 3
1659 26332 315984 1000616 1
1660 3872 15488 30976 1
1661 38747 77494 1743615 1
1662 1940 13580 93120 5
1663 30435 608700 821745 2
1664 53951 809265 2373844 1
1665 68210 1023150 3546920 4
1666 63289 1139202 3544184 1
1667 55244 883904 994392 4
1668 35368 70736 742728 2
1669 19145 172305 210595 4
1670 40242 804840 2173068 4
1671 20770 436170 1329280 1
1672 13349 120141 347074 1
1673 86078 2065872 2496262 2
1674 2967 35604 118680 4
1675 78518 628144 3768864 4
1676 65043 1365903 1756161 1
1677 66308 663080 2718628 1
1678 24840 223560 1142640 3
1679 12269 184035 527567 5
1680 73061 292244 2337952 2
1681 78499 156998 470994 3
1682 71296 1711104 2566656 3
1683 50259 502590 552849 1
1684 26142 104568 1228674 2
1685 60601 181803 2363439 2
1686 83805 1676100 3603615 1
1687 37190 223140 1152890 3
1688 87774 526644 2545446 1
1689 373 1492 2238 3
1690 77965 0 2728775 4
1691 80014 800140 2640462 2
1692 74820 448920 2469060 4
1693 32714 490710 1439416 3
1694 55409 1385225 3269131 4
1695 62840 1759520 2325080 1
1696 59593 119186 774709 4
1697 60523 2118305 3812949 2
1698 63684 1146312 3757356 5
1699 33330 333300 1299870 5
1700 34713 104139 451269 5
1701 14397 43191 71985 5
1702 3419 34190 129922 4
1703 62749 752988 1192231 5
1704 32317 387804 904876 4
1705 52654 631848 842464 3
1706 71998 215994 2015944 4
1707 20305 406100 710675 4
1708 44741 894820 1655417 3
1709 42583 127749 1405239 1
1710 72600 363000 2686200 1
1711 338 338 5070 2
1712 10600 296800 614800 5
1713 56236 337416 1068484 4
1714 71011 1065165 2556396 1
1715 38144 267008 1487616 2
1716 84816 1272240 1526688 5
1717 86263 517578 862630 5
1718 40907 736326 2249885 4
1719 87336 2445408 3406104 5
1720 24877 696556 1368235 5
1721 34378 206268 378158 3
1722 15198 60792 547128 4
1723 59250 711000 1896000 4
1724 54049 324294 2324107 3
1725 5504 33024 165120 3
1726 18166 217992 363320 3
1727 58407 2044245 4438932 3
1728 6638 13276 46466 1
1729 3490 31410 157050 1
1730 68279 1433859 2799439 5
1731 86722 867220 2081328 5
1732 63633 1527192 3436182 2
1733 35372 212232 955044 3
1734 57745 1154900 2598525 4
1735 6816 40896 156768 3
1736 75792 2273760 2576928 1
1737 35320 247240 988960 1
1738 45688 182752 1279264 1
1739 351 0 10179 4
1740 67821 949494 2373735 2
1741 64674 776088 1164132 5
1742 72651 0 1089765 2
1743 50746 405968 1573126 1
1744 6207 86898 217245 3
1745 83439 0 2336292 5
1746 77528 1395504 2558424 4
1747 14752 206528 796608 4
1748 48724 0 1510444 5
1749 49877 149631 2294342 2
1750 85277 1705540 3325803 3
1751 23329 116645 513238 2
1752 3398 50970 74756 5
1753 11691 491022 514404 1
1754 27087 541740 1679394 3
1755 87867 2636010 6238557 2
1756 79587 1432566 2944719 3
1757 47230 283380 2125350 1
1758 51428 205712 1234272 2
1759 30810 0 215670 4
1760 59086 236344 768118 2
1761 38909 544726 1556360 3
1762 80532 966384 1610640 1
1763 30769 369228 1015377 5
1764 13043 39129 169559 5
1765 19802 118812 198020 4
1766 38742 232452 271194 1
1767 66408 996120 3586032 3
1768 87639 876390 2190975 5
1769 68179 1227222 2590802 2
1770 52742 210968 316452 5
1771 59112 118224 650232 2
1772 47576 570912 713640 2
1773 32031 384372 1313271 3
1774 49392 1234800 2420208 1
1775 60285 120570 2290830 3
1776 25717 617208 1234416 1
1777 11816 141792 271768 5
1778 2542 30504 109306 2
1779 40832 81664 163328 2
1780 86500 1816500 5103500 2
1781 67318 2423448 3635172 2
1782 36259 435108 1196547 3
1783 16278 195336 423228 1
1784 55066 1651980 2367838 3
1785 5562 22248 177984 5
1786 72190 433140 2671030 5
1787 58348 875220 2392268 3
1788 50679 456111 2685987 5
1789 38063 532882 1179953 5
1790 55766 669192 2230640 5
1791 84208 505248 1094704 4
1792 50574 910332 2680422 5
1793 21021 42042 777777 5
1794 8612 180852 301420 2
1795 34599 276792 968772 2
1796 31528 630560 1166536 3
1797 14974 134766 554038 2
1798 65820 526560 3093540 3
1799 39834 557676 2270538 4
1800 61422 614220 3255366 5
1801 77073 308292 2080971 2
1802 84266 168532 2190916 3
1803 14271 142710 627924 3
1804 62180 932700 2860280 2
1805 79449 317796 1509531 4
1806 12293 147516 196688 4
1807 42048 756864 1850112 1
1808 79714 239142 3188560 1
1809 53494 2567712 4921448 3
1810 9628 57768 414004 5
1811 64319 900466 1029104 1
1812 6755 47285 135100 5
1813 67219 0 1680475 3
1814 43722 174888 480942 5
1815 8775 122850 272025 1
1816 38573 154292 732887 1
1817 49004 343028 1470120 4
1818 8511 34044 365973 1
1819 75802 4775526 5533546 2
1820 8975 0 8975 3
1821 23377 280524 701310 2
1822 46886 468860 750176 2
1823 69224 1384480 2007496 3
1824 22390 626920 1186670 4
1825 38105 571575 1790935 5
1826 34927 279416 1746350 2
1827 24 504 648 3
1828 54903 54903 713739 1
1829 8520 153360 281160 3
1830 75221 300884 3159282 3
1831 36405 291240 400455 3
1832 13342 160104 346892 2
1833 80496 321984 2414880 5
1834 56165 168495 561650 1
1835 25006 225054 500120 2
1836 3144 47160 185496 1
1837 65087 195261 2928915 1
1838 70026 0 2590962 2
1839 79721 318884 3507724 1
1840 58894 1060092 2473548 2
1841 62266 498128 2677438 5
1842 59197 118394 1835107 3
1843 65963 197889 725593 5
1844 80294 1204410 3452642 3
1845 9274 55644 389508 2
1846 30744 245952 307440 2
1847 15113 181356 438277 3
1848 8199 65592 98388 5
1849 15440 0 231600 2
1850 30912 154560 1174656 2
1851 86243 344972 1466131 4
1852 6065 145560 200145 2
1853 27100 542000 813000 3
1854 2215 53160 95245 1
1855 16380 114660 540540 4
1856 59625 1073250 1729125 1
1857 27921 0 949314 2
1858 25607 204856 896245 2
1859 72926 0 3062892 2
1860 10802 21604 453684 3
1861 21818 65454 349088 3
1862 45495 272970 1774305 3
1863 8274 41370 215124 4
1864 12753 306072 420849 4
1865 75565 528955 2342515 3
1866 43560 784080 2308680 2
1867 29874 179244 1105338 4
1868 69607 278428 696070 3
1869 47406 948120 1564398 2
1870 66103 330515 2710223 4
1871 84770 254310 3899420 2
1872 55650 222600 1446900 2
1873 54951 384657 1758432 3
1874 2297 48237 52831 5
1875 27824 333888 1558144 2
1876 64685 1293700 3687045 2
1877 49782 896076 2389536 2
1878 46309 1296652 3102703 3
1879 76745 230235 1458155 4
1880 68308 409848 1297852 3
1881 62678 376068 2507120 5
1882 82080 820800 1231200 4
1883 65008 1300160 1625200 3
1884 7806 62448 226374 2
1885 87340 174680 3318920 1
1886 17470 0 296990 2
1887 12173 255633 559958 5
1888 59235 59235 1243935 1
1889 70715 282860 1626445 1
1890 28759 805252 1035324 2
1891 10966 230286 241252 3
1892 46898 93796 1547634 5
1893 10786 43144 506942 3
1894 82471 164942 2886485 3
1895 87491 437455 2362257 3
1896 42675 1792350 3627375 3
1897 51469 205876 566159 1
1898 71597 859164 2147910 4
1899 68509 1644216 4042031 4
1900 30765 461475 553770 5
1901 52254 1097334 2560446 5
1902 71858 718580 934154 2
1903 59098 709176 3191292 4
1904 1140 7980 30780 3
1905 38838 233028 1359330 2
1906 36037 648666 864888 1
1907 56077 336462 560770 2
1908 37341 746820 2053755 5
1909 599 8386 19168 1
1910 8796 0 211104 3
1911 65310 783720 2677710 3
1912 3217 6434 57906 3
1913 43563 1045512 1306890 2
1914 81918 491508 2047950 3
1915 22296 156072 869544 1
1916 33318 99954 766314 2
1917 10417 62502 458348 5
1918 40483 809660 2186082 3
1919 16419 410475 1083654 2
1920 3933 0 19665 4
1921 49234 393872 2461700 4
1922 32531 683151 1528957 4
1923 2338 56112 149632 1
1924 69970 139940 349850 2
1925 55120 55120 881920 5
1926 44401 133203 1953644 3
1927 40038 360342 640608 2
1928 26952 242568 1293696 3
1929 54898 54898 1921430 2
1930 82591 330364 3386231 2
1931 70696 636264 3252016 5
1932 33146 66292 961234 3
1933 67297 1682425 4643493 5
1934 1631 11417 42406 5
1935 10609 10609 392533 3
1936 86290 1380640 4314500 3
1937 71766 430596 1722384 4
1938 59393 1425432 2078755 3
1939 57645 172935 2075220 3
1940 84442 759978 1688840 1
1941 83404 166808 583828 5
1942 75398 1357164 3317512 2
1943 16603 464884 780341 5
1944 16472 131776 230608 5
1945 66348 132696 1459656 3
1946 26446 105784 238014 4
1947 20122 160976 422562 5
1948 82618 1487124 2313304 2
1949 5666 158648 198310 1
1950 53062 636744 1432674 4
1951 72026 432156 792286 2
1952 71579 0 2576844 2
1953 75341 904092 1732843 3
1954 82610 1156540 4378330 5
1955 42605 85210 1150335 2
1956 39400 157600 748600 4
1957 9855 19710 68985 2
1958 35410 283280 1380990 3
1959 79217 237651 3168680 2
1960 35779 1073370 1180707 5
1961 59946 119892 719352 3
1962 28826 288260 1124214 5
1963 68690 137380 2953670 5
1964 64003 576027 704033 1
1965 86925 608475 3737775 5
1966 47722 381776 1145328 4
1967 65250 1827000 1892250 1
1968 19222 576660 1364762 2
1969 24914 149484 398624 3
1970 50576 606912 1112672 4
1971 6276 25104 238488 2
1972 13690 0 506530 5
1973 74667 448002 2016009 2
1974 80962 971544 2347898 1
1975 21363 747705 875883 5
1976 78942 631536 2447202 2
1977 81719 980628 2615008 4
1978 68317 1912876 4440605 5
1979 46269 1665684 1804491 3
1980 53051 477459 2652550 2
1981 74510 447060 521570 2
1982 72836 364180 3568964 5
1983 11760 23520 141120 4
1984 60976 243904 975616 4
1985 29954 239632 1228114 2
1986 75292 1355256 4216352 1
1987 59136 354816 1951488 3
1988 50548 1769180 2628496 4
1989 84945 0 2803185 4
1990 81216 974592 2923776 3
1991 9850 137900 413700 1
1992 2010 24120 42210 2
1993 47737 238685 2339113 4
1994 53919 970542 2426355 2
1995 16928 203136 761760 5
1996 60805 243220 1155295 1
1997 83689 502134 2008536 4
1998 36959 36959 110877 2
1999 50010 100020 1350270 1
2000 55354 553540 1162434 2
