0001 13621 68105 245178 2
0002 6609 79308 105744 5
0003 14864 89184 104048 4
0004 14729 44187 338767 5
0005 17821 427704 837587 3
0006 27175 244575 407625 5
0007 22868 91472 731776 4
0008 25594 767820 1407670 5
0009 19008 152064 570240 4
0010 11400 45600 193800 2
0011 1967 9835 11802 4
0012 933 4665 27057 2
0013 21024 336384 714816 1
0014 14073 84438 520701 3
0015 10603 254472 455929 1
0016 7464 89568 231384 5
0017 21669 390042 715077 3
0018 28078 56156 84234 5
0019 20609 123654 329744 2
0020 5463 65556 71019 5
0021 5428 43424 179124 4
0022 6769 162456 297836 1
0023 7228 144560 310804 3
0024 14053 84318 252954 5
0025 15370 307400 353510 2
0026 1855 27825 42665 2
0027 1439 51804 84901 4
0028 22172 266064 753848 5
0029 25498 509960 1172908 3
0030 30073 601460 811971 5
0031 10316 92844 412640 1
0032 2468 9872 27148 3
0033 29290 351480 1083730 1
0034 2542 0 58466 4
0035 24086 144516 240860 5
0036 1467 14670 51345 4
0037 22810 182480 729920 1
0038 397 1588 5558 3
0039 388 1552 3104 3
0040 935 5610 18700 2
0041 16242 0 162420 4
0042 14287 57148 71435 2
0043 17405 69620 417720 1
0044 21088 0 485024 5
0045 11719 105471 421884 3
0046 26023 130115 728644 4
0047 6139 6139 18417 3
0048 20817 416340 1020033 2
0049 2897 17382 92704 2
0050 20054 20054 240648 3
0051 26862 107448 644688 3
0052 28073 56146 898336 4
0053 5077 0 50770 4
0054 24979 99916 224811 4
0055 29215 175290 584300 4
0056 6407 25628 128140 2
0057 11407 34221 228140 5
0058 6611 79332 112387 4
0059 22694 453880 1066618 1
0060 24151 193208 241510 4
0061 3354 60372 157638 3
0062 17925 322650 358500 4
0063 3332 66640 123284 2
0064 7171 215130 258156 4
0065 22978 367648 1056988 4
0066 17811 178110 231543 1
0067 13828 746712 1120068 3
0068 18871 113226 622743 4
0069 26224 209792 839168 5
0070 21888 262656 678528 3
0071 30831 30831 647451 3
0072 29066 174396 377858 1
0073 6850 137000 315100 4
0074 18684 112104 485784 3
0075 1503 7515 13527 2
0076 26660 319920 1066400 1
0077 11176 111760 167640 1
0078 6939 62451 104085 4
0079 12031 12031 312806 5
0080 5284 79260 153236 2
0081 236 3540 8260 4
0082 3361 16805 104191 1
0083 24996 99984 324948 4
0084 18925 227100 397425 5
0085 10643 85144 244789 2
0086 30950 185700 433300 3
0087 28218 338616 620796 1
0088 9367 112404 271643 3
0089 9715 38860 184585 4
0090 2092 16736 31380 1
0091 7043 169032 183118 4
0092 15018 90108 225270 5
0093 27050 81150 486900 2
0094 28850 28850 865500 5
0095 28513 114052 541747 5
0096 507 9126 20787 5
0097 15682 78410 376368 4
0098 27040 108160 946400 2
0099 20512 205120 779456 5
0100 29729 118916 654038 3
0101 2552 15312 84216 4
0102 2138 4276 47036 2
0103 24612 738360 861420 4
0104 2123 19107 50952 2
0105 19260 115560 269640 1
0106 8923 160614 276613 3
0107 6517 52136 162925 2
0108 22766 204894 682980 3
0109 16272 146448 374256 1
0110 7035 70350 182910 4
0111 2843 34116 51174 1
0112 14835 118680 578565 1
0113 12301 184515 442836 3
0114 7050 63450 77550 4
0115 5304 63648 90168 2
0116 7668 92016 191700 3
0117 21163 190467 296282 5
0118 29686 534348 682778 4
0119 26971 970956 1591289 1
0120 18437 110622 202807 2
0121 806 9672 32240 1
0122 6803 27212 47621 4
0123 18485 110910 221820 1
0124 10102 30306 191938 4
0125 21684 260208 498732 5
0126 13915 139150 487025 5
0127 12913 38739 219521 1
0128 9471 56826 66297 3
0129 25193 251930 327509 2
0130 26270 315240 971990 2
0131 30966 464490 712218 2
0132 27785 138925 555700 2
0133 23365 350475 794410 4
0134 22172 665160 1330320 3
0135 27202 108808 788858 2
0136 5568 133632 200448 4
0137 14470 217050 636680 1
0138 3103 12412 34133 4
0139 14795 44385 251515 1
0140 22046 88184 220460 2
0141 25538 153228 331994 2
0142 25514 204112 510280 4
0143 21694 260328 368798 1
0144 25795 51590 438515 5
0145 29550 591000 738750 2
0146 4779 19116 100359 5
0147 2371 42678 101953 5
0148 2071 4142 28994 2
0149 3822 114660 118482 4
0150 28456 341472 1138240 5
0151 21984 21984 43968 4
0152 10563 63378 242949 1
0153 30783 184698 554094 4
0154 9809 49045 343315 3
0155 24992 99968 324896 5
0156 20792 83168 499008 3
0157 10575 84600 190350 5
0158 7919 79190 174218 2
0159 6880 110080 268320 1
0160 10826 64956 216520 2
0161 680 23800 39440 2
0162 19127 153016 592937 5
0163 7781 116715 147839 5
0164 8828 0 185388 1
0165 9255 74040 166590 3
0166 7005 35025 70050 5
0167 29928 897840 1286904 5
0168 29552 118208 206864 4
0169 27300 136500 982800 1
0170 1822 36440 67414 2
0171 9552 343872 554016 4
0172 2585 23265 85305 4
0173 24665 123325 789280 4
0174 25016 75048 700448 3
0175 4511 40599 162396 4
0176 2388 19104 62088 5
0177 2891 17346 20237 2
0178 22342 335130 759628 3
0179 19230 173070 403830 5
0180 2687 24183 45679 2
0181 8798 17596 105576 3
0182 15727 283086 644807 2
0183 22716 68148 318024 1
0184 14890 89340 431810 2
0185 22619 135714 339285 3
0186 20111 80444 603330 2
0187 26820 0 402300 1
0188 20577 0 20577 5
0189 21072 210720 568944 1
0190 15419 308380 447151 1
0191 15272 45816 106904 1
0192 17961 35922 449025 1
0193 23922 358830 382752 2
0194 3784 79464 185416 5
0195 29235 87705 643170 5
0196 27408 438528 1068912 3
0197 17826 285216 552606 3
0198 15800 189600 237000 2
0199 1170 3510 36270 3
0200 9133 9133 210059 4
0201 19229 230748 307664 3
0202 21557 431140 495811 3
0203 5185 124440 243695 2
0204 12815 410080 589490 4
0205 17784 106704 266760 4
0206 19525 58575 585750 1
0207 25181 25181 604344 3
0208 27324 983664 1776060 5
0209 14910 298200 313110 2
0210 13492 323808 593648 1
0211 4346 13038 112996 2
0212 10490 41960 146860 5
0213 16637 266192 565658 4
0214 28472 854160 1195824 3
0215 22705 681150 1203365 3
0216 28313 113252 622886 3
0217 14610 788940 1227240 5
0218 19507 234084 487675 4
0219 18548 148384 296768 2
0220 3686 58976 103208 2
0221 25524 459432 918864 3
0222 7712 23136 231360 1
0223 25422 508440 788082 1
0224 28411 284110 909152 4
0225 7089 106335 269382 5
0226 10763 53815 355179 5
0227 6252 100032 187560 2
0228 12215 305375 622965 4
0229 30764 922920 1568964 5
0230 20872 313080 626160 2
0231 29909 59818 179454 4
0232 15759 47277 520047 2
0233 17519 175190 665722 2
0234 17306 207672 467262 5
0235 21240 191160 828360 5
0236 21976 329640 966944 1
0237 2653 23877 29183 4
0238 1590 15900 62010 1
0239 16197 194364 340137 1
0240 26440 0 264400 5
0241 16151 96906 161510 1
0242 4874 38992 82858 1
0243 1077 10770 12924 2
0244 10671 53355 245433 4
0245 16478 32956 543774 1
0246 406 4872 12180 5
0247 177 1239 5133 2
0248 12491 37473 399712 1
0249 16945 50835 305010 2
0250 24658 443844 813714 4
0251 25232 151392 630800 2
0252 28976 57952 869280 3
0253 27620 110480 552400 5
0254 24673 444114 740190 3
0255 22129 132774 331935 2
0256 4757 57084 80869 5
0257 20592 61776 494208 5
0258 30685 306850 675070 3
0259 12422 372660 732898 1
0260 29313 58626 234504 3
0261 7734 92808 123744 3
0262 26017 52034 494323 4
0263 23150 69450 648200 5
0264 7263 87156 210627 2
0265 3198 38376 137514 2
0266 12166 36498 316316 5
0267 11432 137184 217208 5
0268 26959 161754 296549 2
0269 11494 287350 643664 3
0270 21998 549950 593946 2
0271 25431 76293 254310 3
0272 27597 82791 441552 2
0273 30554 274986 366648 1
0274 5083 60996 91494 4
0275 237 2844 4266 1
0276 16287 195444 602619 2
0277 19653 19653 609243 5
0278 27681 110724 913473 4
0279 27178 326136 978408 5
0280 10728 321840 611496 1
0281 12111 96888 133221 2
0282 18288 146304 658368 1
0283 17818 213816 267270 2
0284 12523 0 388213 2
0285 2087 12522 64697 1
0286 9488 113856 170784 5
0287 11463 68778 320964 2
0288 3497 62946 136383 3
0289 27637 414555 746199 5
0290 25306 404896 759180 1
0291 29834 447510 716016 1
0292 22333 0 223330 5
0293 19497 175473 233964 1
0294 23362 280344 630774 2
0295 13283 106264 185962 4
0296 20660 309900 371880 4
0297 23823 833805 1167327 2
0298 30553 611060 855484 3
0299 1379 27580 48265 1
0300 17063 426575 597205 1
0301 9930 119160 417060 4
0302 26097 626328 939492 1
0303 22852 137112 297076 1
0304 2731 5462 71006 1
0305 11681 0 338749 2
0306 23851 286212 882487 4
0307 14653 58612 234448 4
0308 7148 85776 114368 3
0309 3721 14884 74420 3
0310 27937 335244 810173 3
0311 64 128 640 1
0312 20160 0 423360 1
0313 13167 26334 210672 1
0314 15734 94404 377616 5
0315 27794 555880 667056 5
0316 13996 13996 55984 5
0317 29185 58370 671255 4
0318 23377 0 467540 5
0319 13960 418800 432760 1
0320 9840 236160 305040 3
0321 5949 107082 148725 3
0322 4225 76050 169000 4
0323 28073 421095 645679 2
0324 25824 542304 1239552 1
0325 8863 106356 265890 5
0326 7533 67797 97929 2
0327 7611 60888 144609 2
0328 18921 94605 605472 4
0329 26902 215216 887766 5
0330 29902 358824 837256 1
0331 21901 262812 700832 3
0332 1452 2904 5808 3
0333 25196 100784 781076 2
0334 15981 0 127848 1
0335 10933 32799 54665 5
0336 26475 211800 264750 4
0337 26673 640152 1120266 2
0338 4230 16920 148050 5
0339 20320 40640 406400 4
0340 20368 122208 244416 2
0341 11490 45960 241290 4
0342 5590 16770 162110 3
0343 2408 38528 50568 5
0344 30172 452580 1267224 3
0345 11620 69720 244020 5
0346 16697 133576 317243 5
0347 11891 0 95128 2
0348 10834 216680 411692 2
0349 3490 0 34900 2
0350 1078 8624 40964 1
0351 4956 89208 133812 2
0352 20485 163880 389215 1
0353 18926 151408 681336 5
0354 3784 15136 41624 1
0355 10287 185166 339471 3
0356 29020 435300 725500 1
0357 4622 41598 161770 4
0358 9613 115356 259551 2
0359 29026 435390 464416 2
0360 3213 32130 67473 5
0361 7733 115995 293854 3
0362 30901 154505 927030 2
0363 29270 292700 556130 4
0364 26287 630888 1393211 3
0365 14116 508176 677568 2
0366 10085 242040 332805 1
0367 25500 153000 714000 3
0368 24630 221670 394080 5
0369 6060 36360 212100 4
0370 26103 78309 548163 3
0371 12264 367920 735840 4
0372 19240 96200 673400 3
0373 4453 40077 133590 1
0374 21701 1302060 1866286 3
0375 17433 1045980 1551537 2
0376 29716 118864 178296 5
0377 1239 11151 38409 2
0378 23678 852408 1089188 5
0379 10141 182538 375217 1
0380 27025 0 243225 1
0381 164 656 3936 3
0382 8927 107124 169613 1
0383 20789 166312 374202 5
0384 27608 745416 911064 3
0385 5089 61068 122136 5
0386 3614 28912 97578 4
0387 5000 75000 230000 4
0388 25341 760230 1115004 2
0389 6728 26912 127832 4
0390 15655 46965 234825 2
0391 13713 342825 425103 3
0392 5566 22264 172546 1
0393 16097 289746 370231 3
0394 21282 191538 787434 1
0395 20942 83768 167536 2
0396 26083 208664 678158 3
0397 20415 122490 551205 2
0398 2495 39920 84830 1
0399 16029 48087 64116 3
0400 13651 68255 491436 5
0401 19305 308880 579150 4
0402 17756 159804 248584 1
0403 8775 315900 412425 2
0404 6347 19041 31735 2
0405 1208 4832 36240 5
0406 29908 119632 657976 3
0407 26840 0 778360 1
0408 11215 33645 302805 1
0409 4379 157644 267119 2
0410 28010 84030 364130 2
0411 20154 100770 141078 5
0412 28141 168846 562820 2
0413 9957 199140 248925 4
0414 22745 22745 659605 1
0415 16736 418400 451872 3
0416 13447 67235 228599 2
0417 9838 118056 373844 3
0418 19997 119982 179973 2
0419 12305 295320 393760 2
0420 14398 86388 417542 3
0421 7520 135360 323360 5
0422 6575 6575 164375 5
0423 26942 323304 1131564 1
0424 24074 120370 625924 4
0425 1131 10179 33930 1
0426 2155 34480 77580 4
0427 7605 91260 167310 2
0428 23513 470260 822955 1
0429 9992 119904 269784 4
0430 14567 72835 349608 5
0431 21109 422180 569943 2
0432 23931 287172 574344 1
0433 23655 993510 1655850 4
0434 11666 93328 233320 4
0435 11656 69936 396304 1
0436 23537 282444 753184 3
0437 27246 408690 871872 3
0438 10554 84432 306066 3
0439 28923 0 144615 2
0440 13132 393960 485884 1
0441 15624 93744 249984 1
0442 16562 33124 414050 2
0443 15132 30264 211848 4
0444 12186 73116 194976 5
0445 19737 157896 375003 5
0446 9476 75808 198996 1
0447 7356 22068 102984 4
0448 17504 525120 787680 2
0449 21696 108480 412224 4
0450 11909 142908 297725 5
0451 28554 171324 371202 1
0452 4346 17384 99958 3
0453 25755 103020 515100 5
0454 10043 80344 90387 2
0455 11702 11702 222338 1
0456 26400 316800 950400 5
0457 8481 101772 262911 5
0458 6686 133720 247382 4
0459 3344 80256 90288 1
0460 19198 76792 172782 5
0461 18276 456900 858972 4
0462 28427 852810 1563485 2
0463 30146 60292 241168 2
0464 22664 135984 747912 1
0465 14888 223320 431752 1
0466 15736 125888 550760 1
0467 15886 0 270062 5
0468 9007 108084 288224 2
0469 10297 205940 308910 5
0470 5076 0 45684 5
0471 683 0 17075 4
0472 9849 19698 49245 5
0473 622 1866 18660 4
0474 12089 145068 447293 2
0475 7558 151160 219182 3
0476 14136 14136 70680 1
0477 12855 128550 231390 2
0478 16810 252150 739640 3
0479 7728 23184 262752 1
0480 28146 422190 872526 2
0481 13319 133190 506122 5
0482 512 4608 10752 3
0483 16023 320460 656943 2
0484 828 9936 14904 1
0485 27579 55158 744633 3
0486 25918 155508 673868 4
0487 22193 22193 643597 2
0488 11454 22908 309258 2
0489 13393 80358 334825 5
0490 13411 160932 281631 3
0491 26666 133330 559986 4
0492 15265 45795 488480 1
0493 14166 56664 382482 1
0494 30887 123548 895723 2
0495 26349 474282 606027 4
0496 25666 205328 384990 2
0497 14278 57112 171336 4
0498 26868 0 429888 5
0499 8782 105384 193204 1
0500 8607 25821 60249 1
0501 28886 693264 1530958 5
0502 25522 638050 689094 2
0503 356 2136 11392 1
0504 29522 236176 856138 4
0505 12785 0 102280 1
0506 3308 66160 119088 3
0507 16553 66212 215189 4
0508 19173 95865 306768 4
0509 2650 5300 29150 2
0510 30666 919980 1502634 2
0511 15615 0 343530 1
0512 10072 90648 201440 5
0513 9332 37328 223968 3
0514 30327 727848 1637658 5
0515 7221 173304 209409 3
0516 8640 51840 112320 5
0517 1931 30896 90757 4
0518 2125 25500 78625 1
0519 2947 17682 103145 4
0520 8213 131408 221751 4
0521 8576 34304 60032 5
0522 24959 49918 474221 1
0523 5068 20272 55748 3
0524 16318 130544 473222 1
0525 1052 2104 11572 2
0526 17563 17563 474201 4
0527 7025 70250 266950 2
0528 28596 57192 629112 2
0529 13818 110544 290178 2
0530 28496 142480 968864 1
0531 7259 29036 232288 1
0532 22347 178776 692757 3
0533 27913 976955 1618954 1
0534 4799 115176 249548 4
0535 10211 122532 367596 5
0536 9031 27093 72248 3
0537 10862 65172 97758 5
0538 6677 26708 80124 2
0539 17688 283008 389136 5
0540 19826 594780 1070604 2
0541 6210 24840 204930 2
0542 5912 118240 301512 5
0543 14948 44844 373700 2
0544 8062 48372 217674 2
0545 17206 34412 206472 4
0546 8914 320904 401130 1
0547 14593 218895 291860 1
0548 14970 59880 314370 3
0549 30098 0 331078 1
0550 24913 149478 199304 5
0551 13180 26360 329500 4
0552 16348 196176 343308 4
0553 669 10035 28098 1
0554 28840 865200 1672720 1
0555 4169 8338 95887 2
0556 88 88 1408 1
0557 10601 63606 127212 4
0558 20070 481680 722520 1
0559 11663 46652 233260 5
0560 20940 104700 314100 1
0561 10312 82496 247488 3
0562 15168 91008 303360 5
0563 21344 85376 277472 2
0564 10851 217020 412338 5
0565 14941 44823 104587 3
0566 3969 138915 254016 5
0567 12550 50200 414150 4
0568 21819 65457 720027 2
0569 12971 25942 246449 5
0570 16999 679960 951944 4
0571 1638 9828 14742 1
0572 27388 0 136940 5
0573 16486 329720 642954 4
0574 28903 231224 664769 1
0575 20828 41656 499872 4
0576 24907 298884 896652 4
0577 12302 196832 381362 1
0578 27040 973440 1379040 4
0579 2251 18008 40518 5
0580 10065 10065 20130 2
0581 21991 109955 351856 2
0582 12171 146052 511182 1
0583 9437 0 264236 1
0584 8551 128265 265081 2
0585 3161 56898 79025 4
0586 3154 66234 160854 1
0587 1850 22200 35150 1
0588 24437 24437 610925 2
0589 14108 84648 493780 5
0590 6927 20781 103905 4
0591 1754 21048 56128 5
0592 29942 179652 538956 4
0593 15495 185940 402870 5
0594 1679 10074 57086 1
0595 18715 467875 879605 4
0596 24363 609075 852705 3
0597 15811 395275 490141 1
0598 10498 20996 230956 4
0599 15470 92820 433160 1
0600 2516 50320 72964 4
0601 20925 627750 1234575 3
0602 13174 118566 250306 2
0603 19488 77952 662592 1
0604 1675 5025 18425 5
0605 13913 278260 361738 1
0606 19470 194700 525690 1
0607 16698 83490 267168 1
0608 16106 64424 225484 1
0609 3686 7372 77406 5
0610 6682 13364 147004 1
0611 27556 220448 744012 3
0612 9247 73976 120211 2
0613 17616 352320 863184 2
0614 21242 339872 467324 1
0615 24531 883116 1054833 1
0616 4367 78606 117909 5
0617 21225 254700 424500 3
0618 24258 97032 363870 1
0619 21210 127260 339360 1
0620 29032 580640 1219344 2
0621 7181 0 186706 5
0622 858 10296 30030 5
0623 742 1484 11130 2
0624 27227 816810 1388577 2
0625 14918 358032 790654 1
0626 23940 95760 670320 5
0627 3364 40368 141288 4
0628 4287 21435 72879 3
0629 26526 265260 397890 3
0630 2196 21960 30744 5
0631 14215 113720 398020 4
0632 22739 113695 454780 4
0633 24508 588192 857780 5
0634 26783 1071320 1392716 5
0635 15967 95802 351274 5
0636 7387 73870 251158 2
0637 12481 224658 561645 1
0638 18936 454464 965736 3
0639 4781 57372 86058 2
0640 21785 196065 522840 4
0641 10451 313530 606158 1
0642 22632 67896 339480 5
0643 12180 0 133980 3
0644 7303 0 51121 3
0645 9868 236832 276304 2
0646 120 1440 1560 5
0647 6579 6579 157896 5
0648 28369 1021284 1276605 4
0649 19365 77460 232380 4
0650 14788 354912 783764 5
0651 240 1440 8160 5
0652 19852 952896 1210972 3
0653 5455 87280 152740 2
0654 26222 157332 498218 3
0655 20976 125856 587328 4
0656 14351 287020 358775 2
0657 13229 26458 39687 5
0658 11495 0 68970 2
0659 18185 145480 600105 2
0660 16115 32230 499565 3
0661 5309 21236 26545 5
0662 564 1128 2820 2
0663 26821 214568 750988 4
0664 5504 44032 115584 2
0665 7989 31956 263637 4
0666 18548 556440 1112880 1
0667 23857 190856 262427 5
0668 12464 99712 224352 4
0669 26974 323688 863168 4
0670 19838 99190 178542 2
0671 22141 177128 553525 4
0672 23324 116620 653072 2
0673 17634 176340 211608 1
0674 9689 38756 271292 5
0675 869 3476 11297 2
0676 28490 341880 569800 2
0677 22410 112050 470610 1
0678 20918 1004064 1506096 4
0679 24331 218979 875916 2
0680 30521 0 885109 3
0681 14338 258084 673886 3
0682 1256 10048 36424 3
0683 17785 444625 924820 2
0684 25191 100764 277101 5
0685 19953 119718 259389 1
0686 24225 48450 726750 4
0687 6080 36480 42560 2
0688 591 7092 21867 2
0689 6477 32385 174879 3
0690 6944 69440 173600 2
0691 10810 324300 345920 4
0692 1434 17208 55926 5
0693 9066 190386 235716 2
0694 19678 157424 629696 5
0695 28692 28692 631224 5
0696 1915 17235 21065 5
0697 14444 86664 404432 2
0698 5156 25780 41248 4
0699 10663 159945 415857 1
0700 7602 91224 197652 3
0701 11133 22266 111330 1
0702 17323 519690 1022057 1
0703 10606 63636 106060 5
0704 7081 127458 247835 4
0705 27358 164148 547160 2
0706 10923 163845 305844 1
0707 11978 23956 155714 1
0708 4492 17968 35936 5
0709 25913 51826 310956 1
0710 8839 106068 150263 3
0711 28581 57162 114324 5
0712 6756 101340 148632 2
0713 30949 557082 1516501 3
0714 21675 260100 476850 4
0715 19676 393520 846068 1
0716 11908 190528 214344 3
0717 12061 24122 289464 5
0718 24096 192768 385536 5
0719 27338 54676 792802 2
0720 4865 29190 180005 3
0721 26649 266490 1012662 3
0722 11489 45956 298714 2
0723 19353 154824 309648 3
0724 4483 134490 228633 1
0725 18342 458550 825390 5
0726 26162 392430 418592 4
0727 23280 209520 279360 2
0728 22114 265368 796104 4
0729 21086 126516 569322 2
0730 17201 154809 619236 3
0731 9944 149160 228712 5
0732 20864 83456 584192 5
0733 22370 335550 626360 5
0734 4323 12969 25938 3
0735 930 11160 17670 5
0736 28463 284630 740038 2
0737 4128 74304 107328 3
0738 8268 41340 264576 3
0739 5382 64584 123786 3
0740 29168 233344 612528 5
0741 6799 163176 299156 2
0742 13789 165468 289569 4
0743 8517 34068 272544 2
0744 16752 134016 452304 2
0745 15088 181056 286672 1
0746 18031 432744 721240 3
0747 5473 49257 169663 1
0748 14739 221085 515865 1
0749 10042 40168 160672 2
0750 4774 19096 114576 3
0751 20540 205400 554580 5
0752 23635 472700 614510 5
0753 17617 264255 422808 4
0754 27365 273650 684125 1
0755 12218 73308 305450 3
0756 15363 46089 337986 5
0757 23698 71094 782034 5
0758 25723 308676 823136 2
0759 16748 100488 133984 4
0760 21423 514152 985458 3
0761 23640 94560 189120 1
0762 8554 34216 94094 3
0763 17405 156645 539555 1
0764 3299 0 69279 1
0765 29819 1431312 2027692 4
0766 18718 131026 617694 5
0767 7477 74770 224310 2
0768 3045 24360 39585 5
0769 6154 61540 166158 2
0770 8704 243712 382976 5
0771 30581 91743 795106 3
0772 11879 47516 237580 4
0773 5967 23868 125307 5
0774 18443 368860 627062 1
0775 21005 63015 378090 5
0776 25220 50440 327860 3
0777 28518 256662 456288 2
0778 26121 261210 1018719 4
0779 26628 399420 825468 1
0780 9625 57750 279125 4
0781 28117 28117 309287 5
0782 9372 56232 290532 3
0783 22414 201726 291382 5
0784 7821 31284 140778 4
0785 29549 177294 620529 3
0786 21011 21011 231121 2
0787 30594 611880 764850 2
0788 26288 262880 736064 2
0789 26329 236961 974173 2
0790 12600 151200 365400 3
0791 4987 59844 84779 1
0792 23628 141768 543444 5
0793 2866 45856 68784 5
0794 716 2148 3580 2
0795 10320 0 154800 1
0796 1375 11000 30250 5
0797 11883 47532 285192 3
0798 29283 0 761358 2
0799 27443 823290 1289821 4
0800 22275 89100 289575 3
0801 8957 447850 653861 2
0802 24939 224451 798048 5
0803 26166 523320 1177470 4
0804 7637 61096 91644 4
0805 18205 218460 782815 5
0806 24421 1025682 1147787 4
0807 105 0 315 1
0808 25561 0 690147 3
0809 19242 57726 365598 3
0810 5660 169800 203760 4
0811 7147 128646 214410 1
0812 20049 601470 1202940 4
0813 18655 93275 559650 4
0814 21326 42652 170608 2
0815 9387 37548 215901 1
0816 11614 139368 220666 4
0817 28509 28509 313599 3
0818 20956 83824 272428 2
0819 30280 181680 514760 3
0820 12655 455580 607440 5
0821 28981 115924 231848 1
0822 3423 41076 126651 2
0823 21355 256260 726070 2
0824 20514 246168 492336 3
0825 15507 186084 341154 4
0826 23501 141006 634527 4
0827 15234 60936 76170 3
0828 4926 98520 103446 5
0829 8356 33424 233968 5
0830 7139 107085 299838 4
0831 4210 4210 21050 1
0832 10110 151650 171870 4
0833 21070 316050 379260 3
0834 16776 134208 570384 3
0835 12641 37923 113769 3
0836 5927 88905 165956 3
0837 8300 16600 232400 3
0838 4977 74655 189126 1
0839 26109 78327 835488 2
0840 7619 114285 198094 2
0841 4831 115944 164254 2
0842 26278 78834 394170 3
0843 20701 310515 848741 2
0844 27132 54264 81396 1
0845 23469 140814 258159 1
0846 10147 40588 182646 1
0847 10756 193608 301168 4
0848 8663 173260 441813 4
0849 22045 176360 727485 2
0850 5706 11412 171180 1
0851 2368 14208 56832 2
0852 13553 243954 542120 4
0853 23778 237780 332892 2
0854 12660 101280 189900 4
0855 18055 451375 902750 4
0856 2417 29004 41089 3
0857 8227 123405 180994 3
0858 3089 9267 89581 1
0859 15970 95820 574920 4
0860 25935 233415 544635 5
0861 17309 173090 346180 3
0862 15579 124632 529686 5
0863 25150 377250 1081450 5
0864 18384 165456 441216 2
0865 26008 26008 156048 5
0866 21956 263472 790416 3
0867 1125 0 5625 2
0868 7169 7169 207901 5
0869 9408 18816 169344 5
0870 1069 8552 25656 3
0871 29027 174162 609567 2
0872 4680 18720 23400 2
0873 22350 44700 402300 3
0874 23606 188848 684574 2
0875 19914 119484 358452 2
0876 5488 54880 98784 2
0877 20309 487416 771742 2
0878 22285 0 334275 1
0879 27793 333516 500274 2
0880 29635 355620 889050 5
0881 25202 201616 478838 5
0882 6811 102165 108976 3
0883 24404 292848 585696 2
0884 24167 96668 845845 1
0885 26523 397845 901782 3
0886 24873 1193904 1790856 3
0887 474 2844 17538 2
0888 7844 117660 345136 1
0889 27221 244989 925514 1
0890 25405 254050 711340 1
0891 11787 58935 176805 4
0892 14303 214545 529211 1
0893 29803 178818 506651 4
0894 17829 71316 624015 1
0895 12222 24444 207774 5
0896 15639 312780 422253 4
0897 14618 146180 409304 2
0898 9390 37560 300480 5
0899 21749 130494 413231 1
0900 5839 0 5839 2
0901 10906 43624 294462 2
0902 18016 90080 576512 1
0903 19332 579960 773280 3
0904 25285 303420 328705 3
0905 29765 0 684595 4
0906 18154 508312 907700 1
0907 3332 0 49980 5
0908 8754 17508 201342 5
0909 11594 34782 92752 5
0910 17490 34980 209880 2
0911 21035 189315 252420 1
0912 24114 361710 409938 5
0913 13436 53744 94052 3
0914 1894 5682 51138 1
0915 3218 28962 61142 1
0916 15129 75645 121032 3
0917 23148 347220 972216 2
0918 28131 225048 590751 2
0919 22291 401238 1047677 4
0920 5886 141264 300186 3
0921 28776 172656 892056 1
0922 8345 8345 66760 2
0923 27502 550040 1210088 3
0924 2821 14105 95914 2
0925 22459 224590 314426 4
0926 26116 156696 679016 1
0927 1269 10152 41877 2
0928 1728 6912 25920 4
0929 16009 128072 320180 4
0930 1531 27558 73488 2
0931 18729 18729 468225 1
0932 24062 24062 72186 3
0933 27442 164652 795818 2
0934 14021 84126 364546 1
0935 10642 266050 361828 5
0936 9419 131866 254313 4
0937 8186 196464 401114 1
0938 1388 49968 80504 5
0939 18960 303360 549840 3
0940 30043 120172 1021462 5
0941 4437 13311 106488 1
0942 2279 45580 102555 4
0943 392 3528 6664 4
0944 7642 160482 229260 5
0945 28349 226792 538631 5
0946 8889 0 142224 3
0947 29862 895860 1702134 1
0948 25481 127405 586063 2
0949 6805 204150 306225 5
0950 17586 281376 826542 2
0951 17231 206772 740933 5
0952 18665 167985 373300 4
0953 4768 100128 138272 3
0954 8995 215880 233870 4
0955 20161 241932 342737 2
0956 4024 16096 36216 2
0957 204 1020 5100 4
0958 17429 52287 418296 5
0959 17664 105984 229632 2
0960 2491 7473 79712 1
0961 11395 68370 148135 3
0962 30372 546696 789672 1
0963 21114 42228 232254 1
0964 26108 313296 704916 2
0965 6875 61875 144375 2
0966 24550 73650 589200 5
0967 7388 110820 243804 5
0968 13640 27280 95480 1
0969 15242 152420 533470 5
0970 17224 172240 361704 4
0971 27598 27598 82794 3
0972 18925 454200 889475 2
0973 26313 210504 947268 2
0974 13345 53380 120105 4
0975 2241 13446 60507 1
0976 3205 32050 67305 2
0977 6780 54240 250860 4
0978 9340 224160 401620 1
0979 12906 193590 335556 2
0980 13463 161556 309649 1
0981 18251 365020 821295 4
0982 17720 106320 549320 2
0983 22053 110265 529272 2
0984 6851 13702 184977 2
0985 27877 223016 808433 1
0986 26952 646848 1266744 5
0987 8853 53118 79677 1
0988 9792 19584 244800 2
0989 21989 65967 351824 4
0990 2737 21896 101269 5
0991 5543 11086 133032 1
0992 1849 11094 61017 1
0993 3229 29061 54893 4
0994 3506 17530 21036 3
0995 2526 30312 93462 5
0996 25422 25422 686394 5
0997 21357 192213 726138 3
0998 9634 173412 183046 3
0999 25082 75246 476558 5
1000 17704 141632 177040 4
