0001 8412 75708 243948 2
0002 28078 336936 1347744 5
0003 19948 698180 1037296 2
0004 53758 215032 2042804 5
0005 39502 474024 1185060 4
0006 10760 43040 75320 1
0007 1562 46860 81224 4
0008 27200 380800 598400 1
0009 42706 597884 1494710 4
0010 34342 137368 1373680 4
0011 51591 1238184 1289775 2
0012 7071 84852 289911 4
0013 5895 23580 41265 2
0014 50112 1052352 2154816 5
0015 46771 748336 1777298 4
0016 9264 148224 333504 4
0017 10250 164000 266500 3
0018 25390 253900 660140 3
0019 23085 0 600210 4
0020 48008 672112 720120 3
0021 1426 4278 14260 5
0022 10325 103250 443975 1
0023 50036 300216 900648 5
0024 13321 106568 386309 3
0025 16552 33104 579320 4
0026 13649 0 81894 4
0027 47290 189160 945800 2
0028 15538 15538 326298 1
0029 50064 350448 1602048 2
0030 24167 193336 700843 5
0031 22891 137346 251801 3
0032 2084 33344 35428 4
0033 30894 61788 1143078 1
0034 29184 350208 1459200 2
0035 599 3594 16772 5
0036 45449 181796 1227123 3
0037 21384 0 406296 3
0038 18745 393645 712310 3
0039 32522 975660 1170792 5
0040 52994 529940 1536826 1
0041 44735 268410 1923605 3
0042 33174 530784 696654 2
0043 33789 135156 270312 5
0044 18971 227652 550159 1
0045 39191 156764 313528 2
0046 50921 1527630 1833156 2
0047 22822 68466 182576 2
0048 43798 175192 1007354 4
0049 18037 216444 342703 2
0050 28600 343200 1086800 5
0051 41756 292292 1294436 2
0052 42427 763686 1909215 5
0053 17003 102018 221039 3
0054 10420 62520 270920 5
0055 37133 891192 1782384 2
0056 17369 416856 937926 1
0057 33336 133344 1000080 1
0058 32650 195900 1306000 2
0059 22795 205155 455900 1
0060 2983 53694 101422 5
0061 22180 88720 754120 2
0062 15808 94848 110656 1
0063 19084 343512 916032 1
0064 8739 8739 279648 2
0065 31766 571788 1715364 2
0066 50307 150921 855219 3
0067 9359 56154 74872 3
0068 51519 1030380 2421393 5
0069 31484 220388 661164 2
0070 10207 51035 244968 4
0071 21561 388098 905562 3
0072 24567 171969 908979 5
0073 44070 793260 2423850 1
0074 27883 55766 752841 4
0075 2178 0 71874 4
0076 11510 23020 218690 5
0077 44434 266604 444340 2
0078 23932 717960 1555580 5
0079 28924 115696 867720 5
0080 32495 389940 1072335 4
0081 54560 1527680 3546400 5
0082 31709 190254 443926 4
0083 25454 610896 1196338 3
0084 38109 952725 2057886 2
0085 51454 617448 1080534 3
0086 53977 863632 1511356 5
0087 14687 44061 323114 3
0088 13232 26464 357264 2
0089 2454 9816 53988 4
0090 10303 0 92727 2
0091 55376 443008 1882784 3
0092 27910 223280 1116400 2
0093 3317 0 99510 3
0094 23034 276408 575850 5
0095 46635 839430 2471655 2
0096 23717 142302 806378 3
0097 44121 441210 1058904 2
0098 53660 751240 2361040 1
0099 22178 266136 354848 2
0100 44629 133887 312403 2
0101 4591 13773 133139 4
0102 42727 85454 469997 2
0103 2284 0 9136 2
0104 53732 483588 1074640 2
0105 33410 601380 1503450 3
0106 54026 162078 1026494 1
0107 5499 115479 175968 2
0108 50324 402592 1711016 5
0109 2053 24636 55431 3
0110 7567 22701 295113 5
0111 30380 121520 516460 1
0112 46365 139095 602745 3
0113 50276 1005520 2614352 2
0114 15790 0 410540 4
0115 45432 1362960 1999008 4
0116 55499 221996 1165479 3
0117 56110 1122200 3254380 2
0118 2664 63936 101232 3
0119 32227 1127945 1224626 5
0120 42878 771804 1372096 5
0121 25484 509680 535164 1
0122 11244 22488 314832 1
0123 53841 1130661 2799732 2
0124 9854 39416 246350 1
0125 5319 31914 159570 2
0126 22564 676920 1398968 4
0127 39898 398980 1356532 2
0128 39578 237468 791560 4
0129 14551 43653 291020 4
0130 53993 647916 2213713 3
0131 35411 283288 956097 3
0132 15438 61752 123504 1
0133 32147 96441 739381 5
0134 50435 605220 958265 1
0135 26247 1102374 2021019 2
0136 56461 2371362 2879511 4
0137 23692 331688 995064 5
0138 49157 196628 1179768 4
0139 19291 135037 810222 3
0140 3453 13812 51795 3
0141 4317 103608 233118 4
0142 45491 409419 1956113 1
0143 18695 74780 635630 1
0144 1137 17055 42069 4
0145 28150 1351200 2308300 4
0146 28668 172008 401352 3
0147 45031 0 585403 2
0148 25855 0 853215 2
0149 43503 783054 1827126 5
0150 12170 219060 486800 2
0151 44224 353792 1547840 1
0152 1960 3920 60760 4
0153 43472 521664 1347632 2
0154 35929 179645 610793 3
0155 23294 489174 628938 2
0156 27152 325824 543040 5
0157 4872 170520 336168 1
0158 34975 0 139900 5
0159 40625 487500 1787500 4
0160 38433 576495 1767918 1
0161 21260 127560 191340 5
0162 39321 157284 707778 2
0163 29816 596320 1133008 3
0164 39912 478944 1636392 5
0165 50638 759570 1063398 5
0166 8533 255990 494914 3
0167 31025 434350 1178950 2
0168 16844 353724 505320 1
0169 23298 163086 652344 5
0170 10813 0 335203 3
0171 18369 220428 716391 5
0172 2597 41552 122059 4
0173 24768 495360 891648 3
0174 43863 789534 921123 5
0175 23818 500178 690722 2
0176 46042 920840 1381260 3
0177 6243 149832 374580 1
0178 55446 166338 1497042 4
0179 55292 331752 442336 1
0180 28955 347460 897605 5
0181 36734 330606 808148 1
0182 5129 30774 225676 1
0183 25523 918828 1633472 3
0184 30514 1281588 1586728 1
0185 18011 450275 540330 3
0186 2335 7005 58375 4
0187 43486 1522010 3044020 5
0188 29470 88410 1031450 3
0189 51693 516930 723702 5
0190 313 3756 8451 1
0191 29964 629244 988812 2
0192 35851 358510 932126 5
0193 54299 434392 923083 4
0194 55902 1118040 2906904 5
0195 7528 60224 112920 5
0196 21110 379980 759960 4
0197 32341 452774 1034912 2
0198 47178 94356 849204 1
0199 35808 859392 1396512 4
0200 8025 192600 256800 4
0201 10578 31734 190404 5
0202 51422 1285550 1645504 5
0203 35510 639180 1704480 1
0204 21531 193779 818178 4
0205 41741 166964 1544417 5
0206 2205 35280 70560 5
0207 1525 22875 45750 5
0208 47685 190740 953700 1
0209 11366 45464 352346 3
0210 49544 0 1139512 3
0211 39874 598110 1555086 3
0212 28444 113776 1166204 4
0213 56976 1424400 2336016 4
0214 18709 449016 598688 4
0215 2181 19629 78516 1
0216 36455 656190 765555 3
0217 44213 397917 663195 5
0218 44759 537108 1342770 5
0219 31711 221977 856197 2
0220 23405 93620 538315 1
0221 22222 533328 711104 4
0222 19347 232164 870615 5
0223 28343 425145 1473836 4
0224 49678 894204 2682612 4
0225 6181 43267 185430 3
0226 27231 490158 953085 4
0227 50003 1000060 2600156 5
0228 43402 347216 1128452 4
0229 47469 189876 617097 1
0230 26712 801360 1121904 1
0231 11493 206874 413748 5
0232 34478 620604 1137774 2
0233 17979 143832 449475 5
0234 49711 745665 2087862 2
0235 29396 117584 470336 4
0236 9141 36564 100551 4
0237 22879 228790 983797 2
0238 13208 237744 647192 2
0239 42640 255840 341120 5
0240 40560 567840 1744080 4
0241 52015 936270 988285 4
0242 30609 244872 1285578 1
0243 55996 167988 1959860 1
0244 15753 126024 598614 2
0245 42355 169420 211775 3
0246 23746 166222 1044824 5
0247 49526 1733410 2179144 1
0248 232 696 3248 5
0249 36283 435396 507962 4
0250 54723 820845 1696413 1
0251 47385 189540 331695 2
0252 37250 149000 1154750 2
0253 46247 462470 1757386 2
0254 5287 84592 121601 5
0255 32297 32297 742831 3
0256 16571 66284 480559 4
0257 23085 369360 484785 5
0258 22081 132486 441620 4
0259 2886 28860 138528 2
0260 14053 281060 295113 2
0261 54558 327348 1909530 4
0262 12646 37938 151752 5
0263 47743 190972 1575519 3
0264 47407 284442 1659245 2
0265 18015 324270 702585 1
0266 42518 170072 722806 3
0267 12265 73590 269830 4
0268 39748 635968 1391180 5
0269 30779 1508171 2431541 1
0270 19408 232896 873360 3
0271 38657 773140 1739565 1
0272 46909 375272 562908 1
0273 43466 1303980 2521028 4
0274 50792 101584 914256 3
0275 12123 84861 109107 1
0276 36009 504126 1728432 2
0277 20826 187434 333216 1
0278 24502 514542 808566 1
0279 1532 30640 39832 2
0280 10504 252096 535704 2
0281 39002 156008 780040 3
0282 17395 347900 991515 1
0283 48374 193496 1160976 1
0284 6203 74436 148872 3
0285 39622 316976 1347148 4
0286 38166 1144980 1984632 3
0287 13296 279216 478656 3
0288 1733 41592 48524 2
0289 5722 22888 188826 1
0290 234 702 6786 5
0291 27678 110712 941052 3
0292 3702 25914 133272 1
0293 25132 201056 527772 5
0294 41472 622080 2198016 5
0295 3014 36168 81378 1
0296 27956 167736 1202108 5
0297 27292 409380 1009804 5
0298 48816 146448 1610928 4
0299 15850 158500 174350 3
0300 27252 218016 1199088 5
0301 13209 264180 752913 2
0302 45623 958083 1186198 5
0303 46298 370384 972258 4
0304 53122 956196 2815466 4
0305 33178 66356 99534 5
0306 6462 38772 109854 3
0307 11611 185776 476051 5
0308 31934 319340 1500898 3
0309 10823 151522 454566 5
0310 8988 269640 368508 1
0311 800 8000 28800 5
0312 29419 441285 882570 5
0313 23682 213138 260502 1
0314 28471 170826 1224253 2
0315 20105 361890 743885 4
0316 24905 448290 1270155 4
0317 26955 323460 835605 4
0318 48747 243735 341229 2
0319 5794 11588 86910 3
0320 14803 59212 503302 4
0321 48469 775504 2374981 3
0322 51301 513010 1590331 5
0323 19722 59166 197220 5
0324 33044 462616 693924 1
0325 38493 230958 461916 5
0326 44484 400356 1334520 4
0327 31241 374892 1124676 4
0328 26507 159042 238563 2
0329 37301 373010 1342836 1
0330 17558 105348 561856 2
0331 18909 302544 737451 2
0332 32203 1159308 2383022 5
0333 54984 1924440 1979424 4
0334 1964 23568 72668 5
0335 20388 285432 897072 1
0336 54298 162894 868768 4
0337 25773 154638 721644 2
0338 31989 639780 671769 5
0339 9010 36040 99110 1
0340 44688 536256 804384 2
0341 36116 866784 1805800 1
0342 15030 240480 811620 1
0343 50420 2470580 3831920 4
0344 35646 534690 1782300 3
0345 916 3664 12824 5
0346 43006 258036 1634228 4
0347 1213 6065 38816 2
0348 41774 877254 2297570 4
0349 31305 0 970455 3
0350 19935 418635 737595 1
0351 33535 201210 1442005 4
0352 50875 1068375 1831500 4
0353 34387 309483 997223 4
0354 52096 312576 573056 5
0355 23292 93168 698760 1
0356 38509 231054 1578869 1
0357 10044 40176 411804 5
0358 11763 188208 341127 1
0359 48031 1152744 2449581 5
0360 15403 15403 169433 1
0361 44751 447510 1029273 1
0362 53486 1123206 2620814 1
0363 3670 44040 132120 4
0364 32193 1126755 1319913 3
0365 50949 152847 866133 2
0366 36873 1548666 2912967 3
0367 48768 487680 2097024 3
0368 52895 476055 1110795 3
0369 29335 410690 1349410 2
0370 22444 89776 807984 3
0371 945 14175 27405 3
0372 23252 162764 930080 3
0373 541 4328 8656 2
0374 16421 246315 541893 4
0375 22862 114310 182896 4
0376 46162 46162 969402 4
0377 1626 9756 52032 5
0378 36501 146004 1095030 5
0379 13111 157332 393330 5
0380 29106 582120 1629936 3
0381 11106 22212 277650 1
0382 9128 109536 292096 2
0383 5883 35298 111777 1
0384 15254 366096 869478 4
0385 14614 73070 248438 1
0386 35941 143764 1006348 3
0387 47238 1322664 2409138 5
0388 48051 480510 1345428 1
0389 5219 26095 88723 4
0390 12007 24014 360210 4
0391 10980 131760 263520 3
0392 721 3605 21630 3
0393 5494 49446 126362 3
0394 39139 587085 1213309 2
0395 46191 415719 1662876 5
0396 52936 846976 2646800 5
0397 20761 415220 560547 1
0398 52462 1259088 2728024 3
0399 22323 44646 245553 3
0400 48602 243010 1701070 3
0401 39574 0 474888 4
0402 33174 663480 1658700 2
0403 49000 588000 2450000 4
0404 41849 753282 1046225 4
0405 50627 1063167 1468183 2
0406 22843 45686 365488 5
0407 272 2176 6256 3
0408 13490 283290 391210 4
0409 48662 729930 1216550 2
0410 45272 271632 452720 3
0411 55985 0 615835 4
0412 22303 267636 780605 2
0413 22832 479472 616464 5
0414 36849 0 994923 3
0415 4624 0 101728 3
0416 25329 101316 734541 5
0417 2789 39046 83670 5
0418 3196 19176 22372 1
0419 11857 106713 284568 1
0420 51440 205760 1851840 5
0421 20090 281260 642880 4
0422 18692 523376 953292 4
0423 10260 61560 307800 4
0424 1226 11034 17164 2
0425 45899 91798 734384 2
0426 29536 472576 1299584 2
0427 12377 247540 655981 2
0428 48899 586788 2200455 2
0429 29000 58000 754000 1
0430 30556 855568 947236 4
0431 21283 42566 106415 4
0432 18599 55797 725361 3
0433 3496 97888 115368 3
0434 25713 51426 565686 3
0435 26182 235638 1099644 1
0436 4495 17980 157325 4
0437 41416 828320 1490976 4
0438 9294 334584 557640 3
0439 31874 63748 541858 5
0440 3772 22632 75440 4
0441 33509 0 703689 3
0442 36592 0 402512 4
0443 19963 239556 479112 3
0444 27972 223776 1090908 5
0445 29285 1024975 2049950 2
0446 9059 0 27177 1
0447 7812 93744 132804 5
0448 11300 135600 406800 2
0449 37937 455244 1479543 4
0450 19433 349794 1088248 3
0451 12405 148860 359745 1
0452 19701 98505 591030 1
0453 14265 85590 256770 2
0454 13433 40299 295526 1
0455 18824 225888 320008 5
0456 28767 57534 1035612 1
0457 37423 336807 523922 1
0458 52907 423256 634884 5
0459 32999 395988 1649950 5
0460 15080 361920 467480 1
0461 46073 414657 2027212 4
0462 48550 48550 1165200 2
0463 19126 478150 745914 5
0464 17677 353540 795465 2
0465 10032 120384 441408 1
0466 8136 48816 81360 3
0467 46515 558180 883785 2
0468 34111 818664 2080771 3
0469 18876 226512 641784 3
0470 39072 0 1133088 4
0471 10232 61392 358120 4
0472 13670 54680 478450 5
0473 35696 642528 1891888 4
0474 8335 25005 333400 3
0475 42983 515796 902643 5
0476 44129 264774 1191483 5
0477 12497 74982 412401 2
0478 8940 134100 455940 2
0479 19332 135324 463968 4
0480 22971 574275 1171521 3
0481 31222 124888 249776 3
0482 5499 65988 230958 3
0483 15472 371328 866432 3
0484 31130 124520 965030 1
0485 21410 385380 984860 4
0486 4388 52656 122864 2
0487 32258 193548 1129030 1
0488 43828 788904 1796948 2
0489 30391 729384 1884242 2
0490 35859 215154 394449 2
0491 41689 1042225 1292359 1
0492 46701 934020 980721 5
0493 31262 468930 1438052 3
0494 34779 139116 243453 2
0495 34023 952644 1973334 3
0496 37277 894648 1491080 2
0497 47824 1004304 2391200 3
0498 15255 106785 411885 3
0499 7884 78840 339012 3
0500 24901 199208 946238 3
0501 7121 42726 156662 3
0502 25828 103312 671528 1
0503 552 8832 18768 1
0504 28284 791952 1385916 2
0505 26079 469422 1330029 2
0506 26411 396165 1214906 1
0507 16927 101562 338540 1
0508 46957 563484 1267839 4
0509 37484 1049552 2099104 4
0510 5607 117747 291564 2
0511 34700 416400 728700 2
0512 41480 497760 1202920 1
0513 27736 499248 665664 2
0514 19941 299115 538407 3
0515 42150 0 1264500 2
0516 55485 110970 166455 5
0517 8099 121485 315861 2
0518 13138 131380 144518 2
0519 54458 326748 1579282 4
0520 50376 604512 1410528 5
0521 17023 0 527713 5
0522 32684 261472 1340044 1
0523 39727 238362 278089 2
0524 54407 1088140 1632210 5
0525 13168 197520 316032 4
0526 27979 559580 587559 5
0527 53361 1120581 2347884 2
0528 14202 0 525474 3
0529 44189 353512 530268 1
0530 32969 1055008 2241892 1
0531 16789 335780 956973 3
0532 2668 37352 125396 4
0533 16893 152037 777078 3
0534 24841 1391096 2310213 3
0535 32370 323700 776880 3
0536 32485 974550 1072005 2
0537 21099 379782 801762 5
0538 56894 568940 2674018 3
0539 54211 216844 1843174 2
0540 20914 125484 209140 2
0541 43066 1507310 2885422 5
0542 45248 0 769216 5
0543 19928 298920 577912 2
0544 42584 0 1022016 3
0545 22884 549216 961128 3
0546 22682 226820 861916 4
0547 28995 57990 376935 5
0548 28783 575660 1467933 4
0549 25244 201952 252440 3
0550 7867 47202 173074 3
0551 44625 937125 1651125 1
0552 12968 90776 311232 2
0553 17039 477092 886028 2
0554 34974 0 69948 3
0555 48632 194528 2042544 3
0556 19572 469728 548016 3
0557 49430 1186320 2866940 4
0558 37663 225978 903912 1
0559 18456 147648 738240 5
0560 20734 311010 539084 4
0561 54754 438032 1806882 5
0562 14853 74265 430737 5
0563 41278 0 165112 3
0564 26059 781770 1276891 4
0565 21326 319890 533150 1
0566 18205 72820 436920 1
0567 40138 642208 1886486 5
0568 15664 46992 422928 4
0569 21630 43260 432600 4
0570 47860 287160 1340080 1
0571 19158 76632 517266 1
0572 44827 89654 1434464 2
0573 4543 22715 49973 5
0574 18438 55314 239694 5
0575 51571 360997 1959698 4
0576 49034 588408 1863292 5
0577 3295 6590 9885 4
0578 23948 47896 359220 3
0579 2796 0 11184 5
0580 25753 51506 772590 3
0581 12489 149868 387159 2
0582 11866 118660 522104 5
0583 43642 523704 1483828 5
0584 11450 160300 217550 1
0585 1239 34692 59472 3
0586 55764 669168 1449864 1
0587 49707 894726 1839159 5
0588 22228 111140 466788 3
0589 17993 161937 431832 4
0590 45462 1091088 1136550 5
0591 31366 188196 250928 4
0592 39391 590865 827211 2
0593 40315 483780 1451340 2
0594 37898 454776 1288532 3
0595 38626 309008 1776796 2
0596 4496 17984 49456 1
0597 16048 32096 80240 2
0598 14293 0 271567 3
0599 47740 286440 1623160 4
0600 15755 63020 630200 2
0601 37037 444444 1370369 4
0602 8745 183645 341055 1
0603 28101 281010 477717 2
0604 46 1104 2668 5
0605 32171 160855 836446 2
0606 42962 515544 1159974 4
0607 19009 114054 456216 5
0608 47451 1423530 2799609 5
0609 13933 55732 292593 2
0610 20776 249312 353192 5
0611 17830 53490 695370 2
0612 38794 232764 543116 1
0613 33249 0 565233 2
0614 16941 406584 508230 5
0615 20814 20814 707676 5
0616 33314 0 1099362 3
0617 47104 282624 1507328 4
0618 54961 879376 2528206 4
0619 9702 48510 271656 2
0620 30313 636573 1364085 5
0621 49452 741780 2126436 2
0622 50062 450558 951178 1
0623 56255 112510 2250200 4
0624 49656 99312 993120 2
0625 9025 45125 315875 4
0626 33008 198048 1155280 2
0627 1437 4311 12933 2
0628 48271 868878 1303317 3
0629 37011 296088 1443429 3
0630 8646 103752 164274 1
0631 1481 5924 44430 5
0632 5531 44248 143806 3
0633 34019 0 442247 5
0634 54594 873504 1255662 3
0635 7408 44448 162976 2
0636 38081 761620 952025 5
0637 28044 504792 1065672 1
0638 14323 802088 1074225 3
0639 7340 102760 176160 5
0640 50942 1528260 2648984 2
0641 108 1296 3996 5
0642 43924 395316 439240 1
0643 25714 617136 899990 3
0644 32075 128300 545275 5
0645 44441 355528 444410 5
0646 7200 172800 302400 4
0647 18551 111306 723489 3
0648 27931 558620 949654 5
0649 16440 131520 197280 4
0650 16346 735570 1209604 4
0651 23842 500682 1263626 2
0652 47710 667940 2146950 1
0653 34581 622458 899106 5
0654 4152 4152 149472 5
0655 48410 387280 871380 2
0656 9995 349825 409795 5
0657 37082 148328 1446198 5
0658 42355 0 804745 5
0659 12635 126350 265335 5
0660 1401 19614 65847 2
0661 47308 94616 283848 1
0662 29993 839804 1169727 4
0663 19407 232884 523989 4
0664 12412 74472 521304 2
0665 1582 18984 49042 5
0666 27184 434944 1359200 4
0667 35185 422220 949995 2
0668 32621 195726 424073 5
0669 55650 222600 612150 4
0670 26952 80856 134760 4
0671 11071 88568 121781 2
0672 36124 1083720 1300464 3
0673 1863 11178 27945 3
0674 15772 157720 741284 4
0675 32278 96834 968340 2
0676 21811 545275 1243227 1
0677 15113 90678 196469 4
0678 44775 402975 1656675 5
0679 29961 0 149805 5
0680 18331 164979 788233 5
0681 27249 953715 1335201 4
0682 9561 57366 363318 3
0683 15100 317100 468100 1
0684 28211 225688 846330 2
0685 50780 1015600 2539000 4
0686 21062 189558 716108 4
0687 52047 1561410 1613457 4
0688 55177 110354 1379425 4
0689 27192 163152 978912 4
0690 36425 182125 1457000 3
0691 4320 17280 38880 1
0692 31859 127436 669039 3
0693 30406 364872 972992 2
0694 44756 537072 850364 4
0695 47034 658476 846612 1
0696 3303 13212 85878 5
0697 19784 395680 969416 5
0698 21713 217130 347408 4
0699 37589 789369 1578738 4
0700 7229 57832 144580 3
0701 35553 426636 1670991 5
0702 4821 38568 57852 1
0703 16852 50556 505560 5
0704 17558 245812 807668 3
0705 9686 58116 368068 4
0706 38892 466704 1088976 1
0707 43800 175200 1314000 4
0708 48834 341838 732510 3
0709 43656 87312 916776 2
0710 12396 49584 483444 1
0711 10037 0 281036 2
0712 6766 236810 263874 1
0713 18439 165951 571609 3
0714 51274 615288 1589494 4
0715 41782 0 1211678 5
0716 14024 336576 420720 4
0717 53368 800520 2561664 3
0718 9571 114852 392411 1
0719 14882 104174 491106 2
0720 14575 87450 583000 4
0721 50069 901242 1001380 5
0722 19764 158112 533628 5
0723 9446 0 37784 3
0724 36626 329634 1098780 4
0725 47706 0 429354 3
0726 25676 51352 487844 4
0727 52940 847040 1799960 4
0728 56178 674136 1011204 3
0729 48359 145077 1208975 1
0730 56792 1135840 2328472 4
0731 16640 931840 1431040 4
0732 45614 547368 1687718 4
0733 3722 104216 119104 2
0734 52275 418200 1568250 2
0735 27953 559060 1537415 2
0736 14451 289020 534687 5
0737 34244 171220 513660 2
0738 29482 353784 825496 3
0739 44682 89364 804276 1
0740 54278 217112 2062564 4
0741 33972 475608 1732572 2
0742 17507 367647 962885 1
0743 7180 57440 229760 1
0744 46029 184116 690435 2
0745 19586 97930 430892 4
0746 49630 1488900 2531130 3
0747 47459 189836 901721 1
0748 52058 260290 780870 2
0749 37502 1312570 1762594 3
0750 817 19608 28595 2
0751 52336 1099056 1622416 3
0752 20169 20169 141183 3
0753 345 2070 7590 1
0754 30469 182814 1157822 3
0755 34907 279256 733047 3
0756 27923 781844 1814995 1
0757 16661 49983 149949 2
0758 25834 387510 1033360 2
0759 5596 22384 123112 2
0760 40193 803860 2170422 3
0761 31341 0 564138 2
0762 13935 41805 418050 3
0763 25996 389940 545916 2
0764 9052 27156 217248 3
0765 20183 363294 686222 5
0766 39692 396920 1270144 4
0767 21453 300342 450513 1
0768 17030 340600 391690 4
0769 46076 645064 1013672 2
0770 4097 32776 98328 4
0771 729 13122 18954 1
0772 2057 10285 20570 2
0773 20414 367452 449108 5
0774 24828 297936 744840 3
0775 40751 855771 1915297 5
0776 10048 60288 411968 1
0777 5170 36190 93060 4
0778 33107 1158745 1787778 5
0779 6090 36540 231420 2
0780 32323 193938 1066659 1
0781 10596 84768 434436 2
0782 41900 251400 1173200 3
0783 38749 813729 1472462 3
0784 3328 16640 29952 3
0785 37675 0 376750 2
0786 26896 645504 672400 2
0787 25032 100128 300384 3
0788 53133 265665 425064 4
0789 5476 54760 120472 5
0790 45749 45749 228745 3
0791 48782 0 1561024 1
0792 15753 189036 551355 5
0793 11633 174495 302458 2
0794 17773 142184 426552 5
0795 7314 29256 248676 1
0796 51955 207820 1662560 1
0797 25499 1249451 2192914 1
0798 16291 488730 1091497 5
0799 30770 369240 1169260 4
0800 28736 57472 172416 2
0801 30625 643125 1010625 5
0802 46895 46895 1031690 5
0803 19876 477024 536652 4
0804 11400 136800 478800 5
0805 7544 75440 279128 2
0806 15488 0 526592 4
0807 53756 2257752 2634044 4
0808 31734 380808 1554966 1
0809 4340 60760 199640 1
0810 42848 514176 1071200 2
0811 23783 285396 903754 2
0812 52328 1465184 3453648 5
0813 13723 411690 507751 3
0814 52303 1464484 2144423 2
0815 53733 1289592 2632917 4
0816 2877 80556 187005 2
0817 18963 0 113778 2
0818 26350 948600 1949900 5
0819 2025 56700 127575 5
0820 43477 913017 1695603 5
0821 31551 157755 851877 1
0822 15122 0 544392 5
0823 20446 408920 1063192 4
0824 31230 249840 718290 3
0825 20023 160184 580667 3
0826 34755 139020 868875 2
0827 32462 486930 584316 2
0828 30398 638358 1732686 5
0829 428 15408 19260 5
0830 46939 187756 1783682 2
0831 22574 632072 1309292 1
0832 45701 137103 1371030 2
0833 32589 260712 1042848 3
0834 43319 216595 433190 5
0835 19385 387700 852940 5
0836 54630 1529640 3059280 5
0837 11139 22278 401004 4
0838 11970 47880 227430 5
0839 53482 1497496 2567136 5
0840 26725 213800 1229350 3
0841 36836 368360 1215588 3
0842 5944 71328 279368 5
0843 55815 334890 446520 3
0844 21838 218380 589626 5
0845 859 5154 31783 5
0846 13045 391350 730520 5
0847 13322 199830 346372 1
0848 30121 120484 993993 3
0849 39024 585360 1599984 1
0850 22384 402912 492448 1
0851 10690 598640 823130 1
0852 20479 307185 573412 4
0853 31040 93120 372480 4
0854 667 5336 20677 2
0855 30821 184926 801346 5
0856 49300 1380400 1626900 3
0857 27637 773836 801473 3
0858 12644 0 164372 3
0859 17085 717570 888420 5
0860 49706 198824 1491180 2
0861 14335 100345 530395 3
0862 35479 0 1064370 3
0863 54124 1894340 2110836 1
0864 14336 0 401408 5
0865 42974 257844 1504090 2
0866 8724 174480 401304 3
0867 53529 160587 856464 1
0868 31760 95280 984560 5
0869 52878 1110438 2749656 3
0870 17261 517830 1156487 5
0871 18134 507752 1051772 1
0872 18990 341820 417780 5
0873 46677 140031 700155 5
0874 33238 697998 1828090 2
0875 38809 310472 1358315 4
0876 51423 411384 617076 2
0877 11276 22552 202968 2
0878 51306 205224 1898322 4
0879 12737 76422 484006 1
0880 41464 82928 1617096 1
0881 24619 689332 1033998 2
0882 36100 649800 1552300 4
0883 36391 545865 982557 1
0884 15918 238770 382032 2
0885 15187 212618 683415 1
0886 38466 230796 615456 5
0887 20111 241332 583219 4
0888 25940 0 700380 4
0889 19394 96970 329698 4
0890 3316 9948 116060 2
0891 16128 129024 516096 4
0892 37947 113841 1441986 2
0893 53895 107790 1994115 5
0894 8440 50640 75960 2
0895 9584 57504 402528 3
0896 29225 701400 1139775 2
0897 34163 1195705 2220595 3
0898 22659 203931 883701 4
0899 32155 675255 1800680 1
0900 23362 210258 397154 2
0901 17859 267885 392898 4
0902 8790 61530 131850 3
0903 11834 118340 260348 3
0904 2201 26412 99045 4
0905 50095 601140 2154085 3
0906 21771 217710 827298 2
0907 19022 342396 932078 2
0908 41355 248130 1199295 5
0909 5170 5170 139590 2
0910 3980 31840 179100 3
0911 2385 14310 76320 1
0912 45103 90206 270618 4
0913 53246 1277904 3248006 4
0914 46187 1293236 1847480 5
0915 16045 320900 882475 2
0916 52457 524570 1731081 2
0917 33739 674780 910953 2
0918 23076 92304 669204 1
0919 38752 697536 1705088 1
0920 54690 820350 2898570 1
0921 24350 681800 1582750 1
0922 27198 326376 1223910 4
0923 5749 22996 91984 5
0924 8929 26787 241083 4
0925 1174 14088 16436 3
0926 36122 903050 1011416 5
0927 43730 437300 1661740 5
0928 34902 523530 628236 2
0929 10774 107740 441734 4
0930 6185 24740 68035 1
0931 54805 438440 1315320 4
0932 12870 193050 450450 2
0933 16444 394656 1019528 2
0934 17651 353020 917852 2
0935 33521 469294 838025 4
0936 7492 179808 337140 4
0937 8503 255090 331617 2
0938 28070 336840 1375430 4
0939 46993 563916 1832727 4
0940 3945 82845 209085 1
0941 50333 201332 956327 2
0942 56396 338376 2368632 4
0943 56343 676116 1746633 4
0944 25251 530271 934287 5
0945 25171 0 453078 1
0946 8361 58527 234108 5
0947 31282 312820 1501536 1
0948 1733 24262 31194 1
0949 9782 352152 508664 3
0950 3585 21510 157740 2
0951 12369 61845 222642 1
0952 8072 24216 314808 5
0953 28227 169362 508086 2
0954 4407 26442 176280 3
0955 1825 10950 27375 1
0956 6308 94620 107236 4
0957 32228 257824 1418032 2
0958 411 1233 8220 3
0959 28936 57872 405104 2
0960 4402 0 92442 3
0961 39993 1399755 2559552 5
0962 8265 16530 305805 3
0963 13125 26250 485625 2
0964 16308 456624 652320 4
0965 3450 34500 55200 1
0966 10721 321630 557492 2
0967 19491 194910 409311 3
0968 18120 54360 471120 2
0969 16410 98460 590760 4
0970 4485 89700 134550 3
0971 27230 326760 1143660 1
0972 1599 12792 52767 3
0973 55254 331524 1049826 3
0974 21777 195993 370209 1
0975 41305 123915 1115235 1
0976 4227 0 105675 1
0977 28780 690720 1237540 1
0978 31746 380952 1047618 5
0979 38588 540232 1890812 3
0980 19745 177705 770055 3
0981 2739 115038 164340 1
0982 51271 717794 1794485 1
0983 18943 227316 700891 2
0984 50948 305688 1477492 3
0985 19560 117360 841080 2
0986 32933 197598 1152655 1
0987 20577 432117 720195 1
0988 9925 248125 625275 5
0989 28958 173748 868740 1
0990 35988 755748 2051316 5
0991 54872 987696 2524112 3
0992 38800 814800 2095200 3
0993 37249 0 893976 4
0994 8208 196992 369360 2
0995 49689 397512 1888182 1
0996 7107 28428 291387 1
0997 45183 632562 1129575 5
0998 13604 95228 612180 1
0999 24619 24619 763189 1
1000 7772 46632 217616 4
1001 55469 554690 1775008 1
1002 41941 209705 964643 1
1003 13459 242262 390311 5
1004 55481 166443 776734 2
1005 44076 264456 308532 3
1006 51222 1434216 2919654 5
1007 2638 55398 89692 1
1008 23807 190456 761824 2
1009 4590 73440 169830 5
1010 25297 505940 834801 3
1011 12984 259680 506376 1
1012 25351 253510 456318 4
1013 37888 0 947200 4
1014 46191 554292 1293348 5
1015 48479 0 1357412 3
1016 313 5634 12207 5
1017 38729 580935 619664 2
1018 22602 271224 632856 3
1019 48377 145131 1644818 5
1020 43568 174272 1307040 5
1021 17530 35060 87650 3
1022 4673 14019 46730 1
1023 56960 569600 2164480 5
1024 7947 31788 143046 4
1025 27410 411150 438560 5
1026 53025 795375 2121000 2
1027 6967 146307 222944 5
1028 35810 429720 1575640 3
1029 29027 0 725675 1
1030 19970 119820 259610 3
1031 15242 182904 198146 5
1032 8075 56525 331075 1
1033 38775 465300 659175 5
1034 23789 23789 856404 5
1035 13671 136710 191394 3
1036 43076 516912 1464584 5
1037 27683 110732 249147 2
1038 12119 96952 206023 3
1039 29531 738275 1565143 1
1040 15354 92124 491328 2
1041 32732 65464 229124 1
1042 5862 5862 64482 1
1043 20129 301935 422709 3
1044 15917 668514 1002771 3
1045 5828 69936 227292 2
1046 55876 670512 2290916 2
1047 48727 389816 1802899 2
1048 24205 363075 1234455 3
1049 43306 0 1212568 2
1050 35785 429420 1145120 2
1051 35684 535260 1141888 1
1052 2359 14154 30667 5
1053 17860 214320 607240 2
1054 46809 561708 1731933 5
1055 7210 57680 266770 1
1056 9202 386484 395686 4
1057 20571 287994 308565 5
1058 16866 134928 337320 1
1059 37318 298544 1044904 3
1060 14243 213645 398804 4
1061 28148 225184 506664 3
1062 10678 85424 469832 1
1063 18559 0 631006 5
1064 7664 30656 291232 1
1065 6585 184380 401685 1
1066 25474 152844 738746 3
1067 53752 322512 2150080 2
1068 33095 264760 595710 4
1069 56673 170019 1926882 3
1070 14095 140950 465135 1
1071 41415 289905 1449525 5
1072 29275 702600 819700 2
1073 17680 141440 671840 4
1074 17359 729078 1336643 1
1075 28534 428010 1455234 2
1076 18153 254142 290448 2
1077 226 9492 12656 4
1078 11411 22822 399385 4
1079 49025 784400 1568800 2
1080 30921 463815 958551 3
1081 23500 493500 1222000 1
1082 44438 399942 1333140 5
1083 49135 147405 343945 5
1084 37496 74992 1162376 2
1085 54884 878144 2085592 3
1086 11061 0 287586 2
1087 32778 0 655560 4
1088 45449 45449 1363470 4
1089 35834 430008 967518 5
1090 37482 0 937050 2
1091 7689 153780 322938 4
1092 21458 600824 1180190 4
1093 250 1750 4500 2
1094 32063 128252 1314583 1
1095 10137 91233 212877 2
1096 42359 254154 296513 1
1097 26904 403560 1291392 4
1098 21958 43916 570908 4
1099 4427 8854 35416 3
1100 8833 26499 114829 2
1101 6216 93240 317016 3
1102 24167 362505 918346 1
1103 46713 186852 1728381 3
1104 27826 584346 1613908 2
1105 40431 606465 1981119 2
1106 36588 73176 1134228 1
1107 44230 1061520 1415360 2
1108 54638 1092760 1147398 2
1109 39222 117666 1255104 2
1110 10700 74900 470800 4
1111 2004 72144 84168 4
1112 41948 629220 2139348 1
1113 35970 1007160 1726560 5
1114 26961 215688 593142 1
1115 52650 842400 2211300 2
1116 10897 152558 512159 5
1117 42161 337288 1728601 1
1118 16254 146286 162540 4
1119 3159 37908 145314 4
1120 28689 401646 1204938 1
1121 20603 164824 247236 2
1122 50806 254030 2083046 2
1123 23138 231380 717278 3
1124 2588 10352 51760 2
1125 23168 417024 1274240 3
1126 24095 144570 843325 5
1127 6993 20979 174825 1
1128 5304 26520 74256 5
1129 14048 84288 505728 3
1130 14074 168888 394072 4
1131 46010 966210 1058230 2
1132 6388 102208 332176 3
1133 51310 1847160 3283840 2
1134 44793 1254204 2374029 4
1135 19234 461616 1077104 1
1136 48654 875772 2530008 1
1137 12214 183210 232066 5
1138 50783 0 1371141 4
1139 16668 150012 633384 4
1140 32467 0 1168812 3
1141 2354 4708 42372 4
1142 5926 59260 284448 4
1143 14487 57948 507045 4
1144 51585 464265 1599135 3
1145 15856 554960 729376 2
1146 5812 58120 267352 4
1147 31599 189594 600381 1
1148 43104 517248 1853472 3
1149 39249 824229 1648458 4
1150 30592 367104 520064 3
1151 3653 43836 131508 2
1152 54266 1899310 2170640 4
1153 17437 34874 575421 4
1154 9078 18156 326808 2
1155 28065 168390 1010340 5
1156 2015 6045 32240 1
1157 31816 63632 127264 2
1158 28983 521694 956439 1
1159 39551 237306 751469 5
1160 45588 319116 911760 5
1161 36083 108249 577328 3
1162 9473 85257 246298 2
1163 21040 147280 673280 2
1164 10280 41120 195320 1
1165 45615 456150 866685 4
1166 20015 80060 100075 3
1167 26135 470430 810185 2
1168 31464 440496 629280 3
1169 11550 138600 369600 2
1170 37830 151320 680940 3
1171 24156 241560 966240 3
1172 2855 39970 74230 3
1173 32257 129028 419341 5
1174 19559 97795 841037 4
1175 12980 77880 142780 1
1176 16560 82800 115920 2
1177 50 600 650 3
1178 52908 158724 423264 3
1179 38136 953400 1182216 4
1180 28784 345408 1093792 2
1181 13072 52288 235296 4
1182 21321 170568 298494 5
1183 44348 665220 1773920 2
1184 25311 404976 1012440 3
1185 47350 473500 994350 1
1186 28755 805140 1265220 5
1187 19449 291735 350082 1
1188 52383 0 471447 5
1189 32416 0 875232 1
1190 56949 1594572 2676603 3
1191 23583 70749 306579 2
1192 17080 170800 717360 3
1193 22917 91668 183336 3
1194 31254 375048 1468938 4
1195 8251 49506 132016 1
1196 19429 408009 718873 5
1197 38286 574290 1722870 3
1198 48483 678762 727245 1
1199 54317 1140657 2987435 4
1200 2599 7797 59777 2
1201 38067 799407 1370412 2
1202 13563 244134 393327 3
1203 8434 84340 354228 1
1204 46480 464800 1719760 3
1205 426 1278 13206 5
1206 32325 323250 1325325 3
1207 16244 32488 64976 4
1208 25704 359856 1053864 1
1209 28236 592956 875316 2
1210 17741 212892 337079 4
1211 43041 43041 1334271 3
1212 36937 664866 1699102 4
1213 25141 754230 1307332 3
1214 11526 0 161364 3
1215 44761 447610 1745679 3
1216 49144 589728 884592 2
1217 44455 400095 1155830 3
1218 23815 285780 928785 2
1219 16278 455784 683676 1
1220 6304 75648 176512 3
1221 1548 0 43344 3
1222 43100 646500 1293000 3
1223 21284 319260 532100 4
1224 10640 446880 532000 2
1225 20418 612540 1245498 2
1226 6016 36096 240640 3
1227 13887 111096 555480 1
1228 17983 575456 1222844 2
1229 75 225 375 3
1230 43200 345600 691200 4
1231 42106 421060 884226 4
1232 12083 302075 531652 1
1233 21526 64578 602728 5
1234 36600 0 1098000 4
1235 50136 50136 1804896 3
1236 4813 28878 52943 4
1237 9113 36452 373633 5
1238 27070 81210 514330 1
1239 33767 202602 607806 1
1240 17403 34806 574299 3
1241 28514 171084 1026504 1
1242 38183 190915 1069124 1
1243 7352 110280 352896 1
1244 54070 270350 1189540 3
1245 27701 443216 1080339 5
1246 55157 661884 2371751 3
1247 45459 272754 1909278 4
1248 46091 368728 414819 4
1249 41401 1035025 2111451 3
1250 53810 1130010 1775730 4
1251 19006 95030 779246 3
1252 10900 65400 348800 2
1253 1201 9608 32427 4
1254 52582 525820 1945534 5
1255 40113 0 120339 3
1256 12579 616371 842793 3
1257 29234 350808 730850 5
1258 10801 259224 432040 2
1259 43874 701984 2018204 3
1260 9965 19930 39860 3
1261 18879 0 283185 3
1262 33741 303669 404892 4
1263 17927 35854 555737 3
1264 52605 1052100 1578150 2
1265 18667 18667 93335 1
1266 43124 344992 1379968 3
1267 46389 556668 1901949 4
1268 39435 354915 1656270 3
1269 55798 446384 2008728 2
1270 32484 0 682164 4
1271 30589 458835 520013 3
1272 50776 507760 1320176 3
1273 17142 205704 377124 5
1274 7403 259105 310926 3
1275 48612 291672 583344 3
1276 49552 346864 891936 5
1277 48715 0 1217875 4
1278 16726 200712 501780 2
1279 47493 237465 1567269 1
1280 38819 931656 1397484 1
1281 47178 235890 1934298 2
1282 26370 316440 1292130 4
1283 15443 555948 880251 5
1284 31141 373692 778525 1
1285 8075 40375 129200 4
1286 43291 259746 346328 1
1287 35634 106902 534510 4
1288 23526 70578 893988 4
1289 46637 559644 1305836 4
1290 5702 5702 210974 3
1291 46434 557208 1671624 2
1292 21932 65796 241252 1
1293 13721 82326 150931 2
1294 48989 685846 1126747 5
1295 5148 61776 97812 2
1296 53597 535970 803955 1
1297 56126 505134 1234772 3
1298 6040 18120 157040 5
1299 55270 221080 1879180 5
1300 45753 1143825 1647108 4
1301 22549 135294 541176 2
1302 3808 3808 133280 3
1303 34566 553056 795018 3
1304 49880 99760 947720 1
1305 48530 291180 1844140 1
1306 33363 400356 1100979 4
1307 39500 987500 1501000 3
1308 10439 219219 229658 3
1309 44140 353120 794520 2
1310 19671 78684 334407 1
1311 38331 919944 1686564 4
1312 26053 0 26053 4
1313 1533 6132 27594 1
1314 24673 370095 641498 5
1315 37740 603840 1698300 2
1316 12733 101864 292859 1
1317 21756 522144 1348872 5
1318 35234 140936 352340 5
1319 52303 784545 2562847 1
1320 1114 13368 30078 1
1321 52923 158769 1852305 3
1322 11094 155316 355008 2
1323 29324 351888 703776 3
1324 10993 164895 208867 5
1325 39287 707166 1060749 5
1326 55499 332994 1609471 4
1327 47724 190896 1718064 5
1328 51923 1246152 2440381 2
1329 40950 819000 1678950 1
1330 42613 1022712 1534068 1
1331 34267 411204 1576282 3
1332 22500 540000 810000 5
1333 23920 287040 1052480 1
1334 53025 477225 2121000 1
1335 37600 75200 864800 5
1336 17689 318402 990584 1
1337 1478 7390 13302 3
1338 27820 222560 556400 5
1339 18368 36736 422464 1
1340 24793 297516 1115685 3
1341 44949 539388 2112603 1
1342 27691 138455 526129 5
1343 25535 612840 791585 4
1344 46860 0 562320 3
1345 41657 416570 1666280 4
1346 50131 751965 2506550 2
1347 3982 31856 51766 3
1348 49117 392936 540287 4
1349 38552 462624 1079456 2
1350 29397 411558 1352262 2
1351 22242 333630 800712 5
1352 12848 25696 411136 3
1353 5554 99972 116634 4
1354 45677 182708 1278956 2
1355 7320 58560 307440 3
1356 12447 99576 273834 4
1357 39241 313928 1137989 4
1358 17233 516990 723786 1
1359 20541 369738 883263 4
1360 54331 1521268 1847254 2
1361 22685 90740 589810 3
1362 37319 111957 522466 2
1363 40924 368316 1186796 4
1364 50673 304038 1165479 5
1365 40411 40411 1091097 3
1366 53915 161745 2048770 5
1367 25309 455562 1088287 1
1368 51224 1536720 2663648 4
1369 11376 159264 511920 3
1370 28686 458976 516348 4
1371 7748 139464 356408 5
1372 21080 168640 822120 5
1373 48585 1749060 2186325 5
1374 32068 448952 994108 2
1375 26993 944755 1862517 3
1376 32853 657060 722766 1
1377 15637 93822 297103 2
1378 13223 39669 238014 4
1379 56584 1018512 1697520 3
1380 33857 67714 203142 3
1381 30861 864108 1265301 4
1382 17222 619992 1084986 2
1383 32797 131188 1115098 2
1384 30489 152445 243912 3
1385 28285 113140 622270 3
1386 8930 178600 250040 3
1387 33463 33463 100389 3
1388 51726 103452 568986 5
1389 52006 312036 416048 1
1390 11906 333368 464334 3
1391 26561 318732 796830 4
1392 10508 42032 115588 3
1393 4980 89640 99600 5
1394 4867 29202 214148 1
1395 34669 693380 1040070 2
1396 40062 120186 1121736 1
1397 46237 416133 1294636 1
1398 29008 406112 1102304 3
1399 34403 275224 550448 2
1400 9701 29103 349236 4
1401 20587 247044 638197 2
1402 24632 689696 1231600 2
1403 44692 44692 178768 1
1404 17187 240618 739041 1
1405 26694 213552 640656 3
1406 23315 419670 932600 4
1407 18662 223944 671832 3
1408 36498 547470 1715406 5
1409 40918 163672 1473048 1
1410 47665 428985 524315 5
1411 46624 372992 1958208 5
1412 32715 0 1046880 5
1413 44755 89510 760835 5
1414 28827 518886 1037772 2
1415 9665 67655 251290 2
1416 15110 75550 196430 1
1417 42540 765720 1914300 4
1418 43430 651450 738310 5
1419 12161 12161 364830 2
1420 8663 60641 181923 4
1421 39000 234000 1326000 3
1422 18622 260708 893856 3
1423 44665 535980 1205955 2
1424 25930 51860 388950 3
1425 10707 192726 256968 4
1426 29869 716856 1403843 1
1427 15883 47649 412958 2
1428 7054 197512 268052 1
1429 45800 366400 687000 1
1430 32999 461986 725978 2
1431 2682 75096 107280 3
1432 45861 45861 366888 3
1433 24176 145056 265936 4
1434 38956 545384 1714064 4
1435 39097 781940 977425 4
1436 33474 669480 903798 1
1437 15078 90468 542808 3
1438 55618 333708 1501686 4
1439 23464 656992 985488 2
1440 21562 215620 539050 3
1441 6278 188340 269954 3
1442 10559 21118 411801 4
1443 1942 7768 62144 4
1444 7472 29888 82192 1
1445 54757 0 383299 3
1446 1109 7763 47687 1
1447 26626 106504 665650 2
1448 1755 31590 52650 1
1449 1749 85701 111936 1
1450 56840 909440 2216760 2
1451 24597 73791 664119 2
1452 51003 204012 1122066 4
1453 28877 346524 1039572 4
1454 46082 322574 599066 3
1455 31890 382680 956700 5
1456 28272 1357056 2007312 1
1457 55774 669288 1673220 2
1458 45598 182392 1687126 1
1459 37844 529816 719036 4
1460 30865 154325 246920 3
1461 20717 165736 393623 4
1462 4409 61726 163133 2
1463 9960 59760 308760 5
1464 6162 110916 215670 3
1465 35184 281472 562944 5
1466 20884 187956 856244 4
1467 49194 49194 1770984 5
1468 27932 1508328 1983172 1
1469 44882 89764 403938 4
1470 16165 80825 598105 2
1471 24564 368460 614100 3
1472 44172 662580 1546020 2
1473 12839 0 295297 3
1474 3044 48704 149156 4
1475 54521 327126 2126319 2
1476 25061 150366 601464 4
1477 18897 113382 188970 4
1478 51488 617856 1596128 2
1479 45129 541548 1353870 5
1480 44738 357904 1610568 2
1481 32361 291249 1456245 1
1482 20808 83232 582624 1
1483 36689 550335 1540938 3
1484 1986 71496 125118 2
1485 29909 0 59818 4
1486 30587 550566 1559937 3
1487 18290 438960 1079110 2
1488 20507 0 594703 4
1489 11514 138168 310878 5
1490 50011 1400308 1900418 5
1491 27343 328116 738261 4
1492 21100 886200 1287100 3
1493 51583 412664 980077 5
1494 10312 61872 72184 5
1495 48730 730950 1120790 2
1496 10308 144312 216468 5
1497 25780 154680 773400 2
1498 51760 1242240 1552800 2
1499 7731 38655 123696 1
1500 4502 157570 283626 2
