0001 93564 0 4397508 2
0002 62249 746988 3797189 4
0003 112218 2805450 5610900 2
0004 56692 1190532 2664524 3
0005 142215 568860 6257460 2
0006 17198 85990 980286 5
0007 181800 363600 5817600 1
0008 23428 655984 679412 3
0009 124462 4978480 11699428 2
0010 67794 0 3660876 5
0011 189615 1896150 11187285 1
0012 128333 1924995 5389986 1
0013 23867 95468 381872 5
0014 18160 381360 1180400 4
0015 196490 5894700 10217480 5
0016 200108 1600864 8204428 4
0017 115342 1730130 5651758 5
0018 8058 16116 338436 1
0019 175238 1401904 3679998 1
0020 71820 287280 2441880 4
0021 28789 518202 2187964 5
0022 201242 804968 2616146 4
0023 66267 530136 2982015 5
0024 62506 250024 1250120 5
0025 65958 263832 1714908 4
0026 76232 1600872 5031312 3
0027 100953 0 4139073 2
0028 117387 5634576 7277994 5
0029 189165 1702485 11539065 5
0030 20447 122682 552069 4
0031 76164 2437248 6930924 5
0032 100079 400316 5504345 2
0033 66188 794256 3177024 5
0034 183917 551751 9563684 3
0035 105875 2117500 4340875 3
0036 107152 750064 5250448 4
0037 134213 1073704 1610556 3
0038 133121 2129936 2263057 4
0039 90354 903540 6234426 4
0040 179273 1075638 2330549 1
0041 71615 716150 2649755 1
0042 196421 7856840 19052837 4
0043 82984 1659680 5310976 5
0044 50873 152619 661349 4
0045 181631 1634679 6538716 4
0046 172544 1207808 11042816 2
0047 8686 69488 277952 5
0048 85924 2148100 4296200 3
0049 154559 309118 7573391 2
0050 99248 893232 2878192 5
0051 111322 2003796 8237828 2
0052 150661 1054627 6026440 2
0053 66764 667640 3805548 5
0054 92200 1659600 2950400 1
0055 177614 5683648 14741962 4
0056 164804 659216 988824 3
0057 94126 0 4423922 2
0058 4608 41472 276480 4
0059 65936 197808 527488 1
0060 194496 2722944 7390848 5
0061 188306 5272568 6214098 3
0062 202806 1216836 6084180 4
0063 106106 1909908 4986982 3
0064 525 0 15750 1
0065 58625 2110500 3517500 3
0066 88959 355836 2579811 4
0067 75395 603160 1507900 4
0068 120773 1932368 5193239 3
0069 195363 2930445 7033068 5
0070 132144 1982160 7928640 2
0071 147981 1775772 10062708 5
0072 142322 5977524 13805234 4
0073 96667 483335 4253348 2
0074 20661 82644 495864 5
0075 97002 1455030 3977082 1
0076 93087 1954827 4933611 4
0077 147904 2366464 7247296 2
0078 45764 0 320348 5
0079 47889 718335 3543786 5
0080 116479 1630706 3144933 3
0081 73686 0 2210580 4
0082 111250 1557500 7898750 1
0083 204763 3685734 13514358 3
0084 204179 14700888 20417900 4
0085 117028 0 2223532 4
0086 70340 562720 1406800 1
0087 11151 446040 1025892 3
0088 78232 625856 1173480 1
0089 50303 1207272 1358181 4
0090 102385 1023850 6962180 2
0091 171624 2059488 6521712 1
0092 204654 0 9414084 3
0093 205987 8651454 14625077 4
0094 39994 479928 2279658 4
0095 180289 0 6850982 4
0096 34152 512280 785496 4
0097 34268 822432 1747668 3
0098 30108 120432 421512 2
0099 74400 2604000 4538400 1
0100 139399 1951586 2509182 4
0101 4402 52824 70432 2
0102 63667 891338 1400674 5
0103 90074 810666 5584588 1
0104 28499 398986 1709940 2
0105 177900 1601100 8717100 3
0106 1358 32592 97776 5
0107 82017 1476306 3362697 3
0108 104221 0 3126630 4
0109 156624 2505984 5481840 1
0110 149261 3134481 10448270 4
0111 157358 1258864 5035456 4
0112 31230 1093050 2873160 2
0113 94791 0 4360386 2
0114 67124 134248 1678100 2
0115 122529 735174 6739095 2
0116 115782 926256 2547204 1
0117 132556 795336 2253452 1
0118 7489 104846 381939 5
0119 66981 200943 1808487 1
0120 109325 327975 765275 1
0121 124018 1736252 8309206 2
0122 35160 527400 1687680 4
0123 82601 1321616 4625656 1
0124 126567 1771938 5062680 3
0125 110124 2642976 4515084 2
0126 4408 92568 295336 1
0127 33110 993300 2516360 3
0128 48444 435996 678216 3
0129 64930 389580 779160 3
0130 86842 2084208 6860518 2
0131 22588 225880 1490808 4
0132 126093 3026232 8700417 4
0133 175213 525639 3504260 2
0134 170023 680092 850115 3
0135 55651 890416 1558228 5
0136 30593 642453 795418 1
0137 58723 117446 939568 4
0138 31723 507568 1427535 5
0139 90062 540372 1170806 4
0140 157041 2512656 3926025 4
0141 142998 1715976 2287968 2
0142 122490 3429720 7226910 5
0143 131066 0 4325178 3
0144 196382 4713168 12372066 4
0145 7443 7443 327492 1
0146 73984 0 3255296 2
0147 110234 661404 5732168 1
0148 196048 5489344 17056176 2
0149 21705 173640 325575 2
0150 188124 1316868 2821860 1
0151 126927 2538540 4950153 2
0152 193548 774192 3290316 1
0153 9787 68509 479563 1
0154 192523 1347661 12321472 4
0155 135749 1357490 9366681 2
0156 38091 228546 1028457 3
0157 130798 0 915586 5
0158 100796 403184 3427064 3
0159 83247 2663904 7325736 2
0160 73049 2337568 4529038 5
0161 63006 945090 2394228 3
0162 43313 779634 1256077 3
0163 53794 1291056 2958670 3
0164 52413 1310325 3826149 5
0165 206403 3302448 3508851 3
0166 48424 145272 1355872 1
0167 137004 822024 6165180 4
0168 61102 916530 1588652 3
0169 99220 0 198440 1
0170 41132 987168 1604148 2
0171 205137 2461644 3487329 2
0172 162394 1623940 7307730 4
0173 104270 312810 5734850 2
0174 157625 1261000 7408375 4
0175 143321 1719852 4156309 2
0176 16782 0 285294 1
0177 43315 129945 1039560 5
0178 112717 1578038 7439322 1
0179 115790 231580 3357910 2
0180 59921 2157156 3355576 4
0181 96220 2309280 3752580 1
0182 37770 0 226620 4
0183 134573 1614876 3902617 2
0184 143441 717205 2438497 3
0185 112641 1802256 3829794 1
0186 132175 3965250 6344400 1
0187 19805 118830 396100 3
0188 53596 160788 857536 2
0189 2004 6012 50100 1
0190 61674 1850220 3638766 3
0191 124399 746394 4975960 1
0192 113756 455024 4436484 2
0193 144009 576036 1584099 2
0194 167517 6700680 12228741 2
0195 19194 767760 1324386 2
0196 192372 1923720 9618600 2
0197 91418 548508 5576498 3
0198 172810 2764960 6566780 2
0199 80913 0 2184651 2
0200 108075 2161500 2593800 2
0201 174015 1392120 9570825 2
0202 125230 8014720 13775300 5
0203 173054 1384432 7960484 4
0204 172214 0 3444280 2
0205 91183 729464 1914843 1
0206 132237 2644740 5686191 5
0207 168290 0 6395020 3
0208 121009 847063 7865585 2
0209 187813 3005008 11832219 4
0210 43421 0 217105 5
0211 154300 3240300 4937600 4
0212 107596 1936728 8177296 5
0213 167767 3019806 7381748 1
0214 205484 616452 7397424 5
0215 184141 3866961 9022909 2
0216 91780 550680 3028740 5
0217 79064 1423152 3320688 3
0218 70020 980280 2450700 1
0219 79459 2224852 4926458 4
0220 89869 1078428 2875808 5
0221 91679 1100148 2108617 3
0222 80972 728748 1133608 4
0223 159217 3980425 11941275 1
0224 189625 1137750 4171750 2
0225 135115 1621380 5539715 2
0226 171069 1368552 4105656 1
0227 111510 1003590 1561140 3
0228 146797 440391 1467970 3
0229 155906 1403154 5768522 3
0230 9030 180600 713370 3
0231 82283 2879905 2962188 2
0232 127566 5102640 10205280 5
0233 6445 206240 386700 5
0234 167688 5030640 13415040 5
0235 47547 713205 3470931 2
0236 131124 2753604 4851588 2
0237 119987 5759376 10198895 3
0238 87565 1225910 2451820 1
0239 14311 57244 715550 5
0240 32960 65920 1878720 3
0241 31741 666561 1682273 4
0242 105982 635892 6358920 3
0243 206445 6606240 10115805 2
0244 160860 643440 3538920 1
0245 185080 370160 2035880 2
0246 116095 464380 928760 3
0247 128933 3867990 6059851 4
0248 142723 856338 2140845 2
0249 194065 3105040 10091380 3
0250 134003 1072024 8174183 2
0251 51988 415904 1299700 5
0252 187546 5626380 10127484 1
0253 110841 443364 5763732 1
0254 186411 559233 8202084 3
0255 25263 353682 606312 1
0256 20522 82088 472006 2
0257 78315 1644615 4072380 4
0258 85731 2057544 2486199 3
0259 202245 2426940 4651635 5
0260 21417 64251 685344 5
0261 167755 3355100 6374690 2
0262 172731 4145544 11572977 3
0263 139751 1956514 3493775 1
0264 65591 918274 4263415 4
0265 147195 0 3974265 5
0266 173193 865965 2771088 3
0267 72196 1155136 4331760 5
0268 32752 65504 1375584 2
0269 9143 109716 329148 1
0270 102171 1021710 3882498 2
0271 56518 678216 1412950 5
0272 58809 1176180 2999259 5
0273 164723 988338 3623906 4
0274 196719 3147504 8458917 5
0275 119224 357672 2503704 3
0276 158965 2861370 6676530 3
0277 25040 300480 1277040 5
0278 171706 1373648 3605826 2
0279 184052 1472416 11963380 1
0280 102620 4310040 4925760 5
0281 146028 1752336 9345792 2
0282 78030 468180 4057560 5
0283 66498 797976 3391398 5
0284 70911 992754 5105592 3
0285 161687 1940244 9377846 1
0286 48628 0 923932 1
0287 194467 1750203 4667208 2
0288 18071 433704 1373396 3
0289 14252 128268 541576 1
0290 57766 1386384 2541704 5
0291 172701 1036206 11052864 1
0292 161154 966924 3384234 5
0293 65105 1041680 1171890 1
0294 264 2376 8448 1
0295 199326 1195956 5182476 3
0296 12474 0 274428 3
0297 39198 274386 431178 1
0298 59483 118966 3390531 1
0299 32701 327010 555917 5
0300 88014 0 792126 2
0301 18776 394296 1201664 1
0302 186332 3912972 13415904 3
0303 10747 85976 494362 4
0304 17508 420192 1085496 4
0305 69903 0 629127 1
0306 36363 218178 909075 5
0307 164510 5264320 9870600 1
0308 58263 0 873945 4
0309 164720 2964960 5106320 5
0310 36622 183110 915550 3
0311 122644 735864 6500132 2
0312 201465 1611720 8058600 5
0313 71161 1138576 3486889 1
0314 80840 1455120 1697640 2
0315 185946 743784 6136218 4
0316 192895 4822375 9837645 3
0317 183017 1830170 2013187 5
0318 38144 953600 1411328 2
0319 49451 2076942 2225295 4
0320 45095 360760 811710 4
0321 67477 134954 3238896 2
0322 182460 1824600 2736900 2
0323 43512 870240 2436672 5
0324 115893 463572 5331078 5
0325 183490 2752350 4220270 4
0326 136597 1639164 7922626 4
0327 178198 1781980 8909900 1
0328 99302 198604 5958120 5
0329 171973 2751568 3611433 3
0330 67361 1616664 5321519 2
0331 166534 666136 9159370 2
0332 26671 320052 1866970 5
0333 126815 1775410 6594380 5
0334 80874 242622 3639330 4
0335 30083 451245 1233403 5
0336 23059 230590 691770 4
0337 205395 1643160 2259345 3
0338 25011 450198 1525671 3
0339 44089 1058136 2557162 5
0340 115838 4054330 9846230 5
0341 177371 709484 9045921 3
0342 140468 4214040 7163868 5
0343 194795 10908520 18895115 3
0344 102105 612630 4798935 1
0345 59177 532593 1834487 3
0346 117128 819896 6207784 5
0347 200120 3602160 12207320 3
0348 176404 705616 882020 3
0349 5494 32964 115374 4
0350 418 10032 15466 3
0351 58562 117124 1112678 1
0352 3922 3922 78440 2
0353 70837 991718 4462731 4
0354 97618 683326 976180 3
0355 197111 3153776 13206437 2
0356 144641 2603538 9980229 5
0357 178632 0 5001696 1
0358 116022 232044 5569056 2
0359 188510 2262120 10556560 5
0360 171637 1544733 5492384 1
0361 37753 226518 1849897 2
0362 42892 428920 1200976 3
0363 45810 1099440 1511730 1
0364 193482 386964 10641510 3
0365 60822 2919456 5778090 3
0366 157101 3770424 5498535 2
0367 204595 6547040 8797585 5
0368 203828 407656 8764604 1
0369 954 5724 37206 5
0370 145406 4362180 7270300 1
0371 26972 1078880 1267684 1
0372 57621 230484 460968 5
0373 26554 0 1380808 4
0374 78208 0 3362944 3
0375 176547 6355692 9180444 2
0376 21625 0 173000 3
0377 176740 353480 2120880 3
0378 43537 435370 827203 1
0379 146279 1755348 2779301 4
0380 140037 840222 3780999 2
0381 117832 1413984 4477616 2
0382 140971 2819420 8176318 5
0383 3238 29142 67998 2
0384 13512 108096 229704 5
0385 114150 1027350 3538650 2
0386 100305 2407320 2607930 5
0387 16258 227612 243870 3
0388 111667 2345007 7146688 1
0389 155220 1396980 10399740 2
0390 152092 5323220 10190164 3
0391 49102 294612 2258692 2
0392 59043 118086 2125548 2
0393 160503 2407545 8025150 4
0394 141400 3959200 8201200 3
0395 5567 33402 77938 4
0396 11950 35850 430200 2
0397 98127 3140064 8438922 4
0398 140525 1264725 3232075 3
0399 155970 3119400 11697750 5
0400 197852 1582816 7518376 3
0401 202971 2029710 4262391 5
0402 142573 2851460 5275201 3
0403 100338 100338 3511830 4
0404 71092 1706208 3483508 1
0405 126336 2653056 8338176 1
0406 191787 7671480 18219765 4
0407 204263 2451156 8783309 4
0408 54786 0 3177588 4
0409 130668 1960020 6533400 2
0410 190476 2285712 4761900 4
0411 183374 366748 4217602 3
0412 68181 409086 3272688 5
0413 154424 4941568 9574288 3
0414 87352 1048224 1572336 3
0415 181949 2911184 6368215 1
0416 74651 1194416 1940926 2
0417 31901 287109 988931 5
0418 66518 1396878 2860274 3
0419 167271 167271 5854485 1
0420 141494 2122410 9055616 5
0421 187400 1311800 6184200 5
0422 188941 5668230 9824932 3
0423 83319 499914 2249613 1
0424 169607 508821 7632315 2
0425 137103 1645236 2056545 1
0426 147454 589816 5898160 1
0427 178136 534408 9084936 1
0428 78683 629464 2045758 5
0429 124658 1246580 2243844 5
0430 146691 5280876 8068005 5
0431 197975 791900 5939250 4
0432 85315 426575 2388820 2
0433 107663 861304 968967 2
0434 6622 39732 324478 2
0435 117982 1415784 8258740 1
0436 178250 4991000 7130000 1
0437 131169 2754549 6164943 5
0438 20361 997689 2036100 2
0439 108284 0 2707100 4
0440 186985 1308895 6731460 5
0441 45011 720176 2790682 3
0442 110603 1548442 2101457 1
0443 74441 1191056 4168696 5
0444 70518 0 2115540 3
0445 184129 1288903 6260386 5
0446 72826 728260 4806516 1
0447 43624 1308720 2835560 1
0448 140863 2817260 5634520 3
0449 121292 242584 849044 3
0450 157201 1414809 4873231 4
0451 168939 3378780 9967401 3
0452 157234 314468 9276806 3
0453 20200 161600 262600 3
0454 142841 1142728 8998983 4
0455 129950 779700 6107650 4
0456 179116 1791160 3582320 1
0457 124096 992768 5336128 3
0458 108905 980145 5771965 3
0459 163594 2617504 5071414 2
0460 202386 2428632 12547932 2
0461 125867 3020808 3146675 2
0462 62188 2176580 2363144 5
0463 120847 3625410 9667760 4
0464 178348 1783480 3388612 5
0465 174378 2790048 7498254 4
0466 103297 516485 3821989 3
0467 147560 885360 6197520 1
0468 155918 1871016 3897950 1
0469 18368 771456 1542912 5
0470 107320 965880 5151360 2
0471 202758 2433096 3852402 4
0472 110872 443488 1773952 1
0473 160028 3360588 9761708 2
0474 28240 0 28240 3
0475 106677 1600155 7680744 2
0476 10664 63984 426560 5
0477 72615 1452300 5300895 1
0478 78226 1642746 3363718 2
0479 125792 503168 4654304 1
0480 109942 1319304 5607042 4
0481 104453 626718 6684992 4
0482 10725 128700 300300 2
0483 88063 352252 3698646 5
0484 147721 886326 7386050 4
0485 10281 123372 678546 5
0486 21311 170488 1086861 5
0487 164425 1315400 6248150 1
0488 197291 1381037 11048296 1
0489 157007 5024224 7379329 5
0490 42235 844700 2027280 4
0491 178813 5006764 12695723 2
0492 3825 61200 110925 4
0493 88973 177946 4092758 4
0494 11447 80129 412092 2
0495 35826 429912 1038954 3
0496 144774 0 5356638 2
0497 161769 0 485307 1
0498 142508 2850160 6270352 1
0499 160301 1442709 9137157 3
0500 37306 149224 895344 2
0501 191464 3063424 7658560 3
0502 35059 981652 2594366 3
0503 104907 1573605 7238583 5
0504 184618 369236 738472 4
0505 186632 559896 4665800 5
0506 149131 2236965 9096991 3
0507 198803 9940150 19681497 5
0508 47206 188824 330442 4
0509 86222 517332 3448880 2
0510 187762 751048 938810 2
0511 148062 4145736 9327906 5
0512 124311 3480708 6837105 1
0513 101464 2840992 3855632 5
0514 39303 471636 2711907 4
0515 83712 1171968 4687872 1
0516 84420 506520 4558680 3
0517 185072 925360 10178960 1
0518 127653 1148877 4595508 4
0519 18107 72428 434568 1
0520 126386 3033264 3159650 2
0521 20511 164088 1210149 1
0522 58709 2348360 5577355 4
0523 149022 894132 1639242 3
0524 164023 820115 3116437 1
0525 107428 859424 3437696 2
0526 155784 4985088 8723904 4
0527 148781 1041467 6248802 1
0528 146941 1322469 2791879 5
0529 203826 2853564 14879298 3
0530 30362 364344 455430 2
0531 46522 651308 1628270 2
0532 172564 345128 8800764 4
0533 136756 6701044 11897772 2
0534 145059 580236 7978245 2
0535 168226 3028068 5887910 4
0536 88010 1056120 3872440 1
0537 177253 8685397 19143324 2
0538 111136 3889760 5001120 4
0539 52846 1056920 2536608 2
0540 93242 559452 1398630 4
0541 83792 3519264 4440976 2
0542 132331 1587972 5293240 3
0543 82795 248385 5133290 1
0544 182172 2186064 8926428 5
0545 137449 2199184 5360511 4
0546 125510 502040 5396930 5
0547 53317 213268 586487 3
0548 112462 1686930 3261398 5
0549 159007 0 2544112 1
0550 134023 0 7505288 4
0551 147098 3089058 3236156 5
0552 60764 182292 972224 4
0553 24353 194824 754943 4
0554 65595 262380 2820585 4
0555 140792 1126336 2534256 3
0556 192721 3854420 13297749 5
0557 155738 155738 6540996 2
0558 123034 1476408 1845510 1
0559 599 10782 28752 5
0560 17031 136248 238434 2
0561 196480 4126080 8252160 5
0562 168383 2694128 6061788 3
0563 188412 753648 7913304 5
0564 188496 753984 7539840 5
0565 187976 5639280 9210824 2
0566 111473 2675352 8917840 3
0567 205123 2871722 4102460 2
0568 65152 390912 1563648 2
0569 9361 187220 720797 3
0570 8899 71192 516142 4
0571 30994 650874 1425724 5
0572 17422 418128 540082 2
0573 26647 532940 1172468 2
0574 152362 1828344 8836996 2
0575 63162 315810 631620 5
0576 177984 5695488 8187264 4
0577 76917 461502 1461423 4
0578 131993 1055944 3299825 5
0579 48284 241420 2027928 2
0580 131144 2098304 6819488 4
0581 172073 7227066 14970351 5
0582 127504 255008 637520 3
0583 109458 2189160 6129648 2
0584 77185 385925 2778660 4
0585 203943 0 8769549 5
0586 84248 421240 2190448 4
0587 183888 2758320 12688272 1
0588 135943 6525264 6933093 3
0589 139725 1117800 4610925 3
0590 26646 373044 1119132 1
0591 186685 746740 6907345 4
0592 3533 17665 116589 4
0593 114700 3211600 9405400 3
0594 107104 535520 1606560 4
0595 178957 178957 2505398 4
0596 16525 99150 925400 5
0597 147165 3090465 11478870 3
0598 203752 3260032 14466392 5
0599 106095 2227995 2758470 3
0600 119911 2158398 2638042 3
0601 178766 3754086 9474598 3
0602 35518 639324 2592814 1
0603 85192 255576 1022304 1
0604 155973 3119460 10450191 3
0605 88385 2828320 4949560 1
0606 141600 283200 8496000 4
0607 12771 114939 395901 4
0608 104715 942435 4293315 4
0609 184803 3326454 5544090 5
0610 60810 2918880 3587790 4
0611 53377 640524 1601310 3
0612 13999 125991 223984 4
0613 38493 615888 2155608 1
0614 128041 1024328 3072984 3
0615 201561 1612488 9876489 2
0616 31670 475050 696740 5
0617 80861 1617220 1778942 3
0618 50824 2134608 4879104 1
0619 134256 402768 3893424 4
0620 84287 1348592 6068664 5
0621 6575 65750 177525 2
0622 155955 3119100 3431010 4
0623 44237 530844 796266 5
0624 21549 258588 1292940 3
0625 181570 2723550 9078500 4
0626 20652 0 1094556 3
0627 85522 1026264 4190578 1
0628 203332 7116620 12606584 5
0629 33045 99135 231315 4
0630 162048 1944576 10533120 1
0631 147831 2365296 5913240 2
0632 52700 105400 1001300 4
0633 122356 5138952 11746176 4
0634 26708 160248 988196 2
0635 155965 623860 9825795 2
0636 58258 0 2679868 4
0637 100840 1512600 4840320 1
0638 10374 290472 788424 5
0639 141201 706005 847206 1
0640 169539 1017234 8646489 2
0641 60693 1942176 4491282 1
0642 82108 0 2545348 4
0643 9401 141015 178619 1
0644 187036 4488864 10474016 2
0645 158056 1264448 6164184 3
0646 161608 646432 969648 4
0647 160937 804685 6759354 1
0648 106585 639510 3197550 1
0649 121212 1454544 5090904 1
0650 60667 1092006 3276018 1
0651 129798 778788 1038384 2
0652 88064 264192 528384 5
0653 134129 1609548 4292128 4
0654 170129 2551935 5444128 4
0655 124037 248074 2480740 4
0656 202655 2431860 11348680 3
0657 20170 0 968160 4
0658 13568 27136 312064 3
0659 84143 841430 3365720 3
0660 539 539 24255 2
0661 120954 241908 5805792 5
0662 196011 5880330 11564649 2
0663 73136 146272 1755264 5
0664 157707 788535 1892484 1
0665 2857 25713 91424 1
0666 198889 795556 6364448 2
0667 53929 161787 1132509 3
0668 183197 4579925 9526244 4
0669 99033 2376792 6239079 3
0670 201513 1209078 12493806 5
0671 167836 4028064 5706424 3
0672 38920 389200 1984920 5
0673 149961 899766 2099454 3
0674 60206 301030 2829682 3
0675 182501 2920016 12775070 3
0676 154704 2784672 3248784 3
0677 165517 5793095 9434469 3
0678 193582 774328 2710148 4
0679 36300 145200 1960200 2
0680 43962 879240 2066214 4
0681 39254 314032 1334636 4
0682 49204 147612 1672936 1
0683 138110 4971960 5800620 5
0684 34408 103224 688160 5
0685 93451 841059 2710079 1
0686 89690 1076280 1973180 5
0687 58371 2042985 5019906 3
0688 183782 367564 6248588 1
0689 98265 0 3144480 5
0690 80649 967788 3064662 5
0691 126930 507720 1142370 2
0692 36236 724720 869664 3
0693 70239 280956 2247648 4
0694 112379 112379 1348548 3
0695 11218 0 11218 3
0696 29116 436740 1892540 4
0697 32793 98379 1082169 2
0698 198800 795200 2385600 4
0699 82596 1321536 1899708 1
0700 35037 175185 455481 2
0701 160745 2571920 6429800 4
0702 23927 382832 789591 2
0703 178087 1068522 9082437 1
0704 122581 4290335 8580670 2
0705 67326 605934 1683150 1
0706 192792 192792 7904472 2
0707 176957 1415656 10440463 5
0708 204465 613395 11858970 2
0709 56741 1134820 4369057 3
0710 27402 27402 1205688 3
0711 190906 381812 763624 4
0712 14302 228832 286040 3
0713 13632 136320 368064 4
0714 108919 871352 5010274 1
0715 121140 121140 3028500 4
0716 111358 2672592 4008888 5
0717 48104 1924160 3704008 5
0718 96119 1537904 4998188 5
0719 121139 605695 847973 1
0720 10331 61986 547543 1
0721 112237 0 4826191 2
0722 122989 122989 1229890 1
0723 178560 3571200 5892480 3
0724 56885 1820320 3071790 2
0725 126474 632370 6576648 2
0726 120945 1209450 7498590 5
0727 34015 306135 2313020 1
0728 31554 662634 1230606 5
0729 12200 244000 780800 1
0730 195184 780736 3122944 1
0731 79326 237978 1586520 4
0732 132590 2121440 3579930 3
0733 74759 224277 3438914 4
0734 177017 6372612 12391190 4
0735 100580 2011600 5230160 5
0736 47581 1903240 3758899 5
0737 137477 687385 1237293 1
0738 20647 185823 722645 5
0739 10402 187236 343266 2
0740 69215 138430 3737610 2
0741 96568 2027928 5021536 2
0742 146465 439395 5712135 3
0743 106214 2124280 3292634 2
0744 147772 3103212 7240828 1
0745 119649 478596 3469821 3
0746 37935 37935 455220 3
0747 197642 6324544 16404286 2
0748 164514 0 9048270 1
0749 139406 975842 7806736 5
0750 3435 72135 261060 3
0751 34087 511305 2113394 1
0752 110586 0 1548204 5
0753 46992 1174800 2584560 5
0754 94727 378908 4452169 2
0755 78779 1890696 6065983 2
0756 158423 1901076 5861651 5
0757 119185 2860440 7508655 5
0758 4962 74430 109164 3
0759 31496 755904 2299208 2
0760 156088 2341320 11394424 5
0761 200762 1405334 4617526 4
0762 185999 1301993 9671948 4
0763 80062 160124 1761364 5
0764 180522 4332528 11914452 1
0765 196084 4706016 7451192 5
0766 3305 138810 201605 2
0767 30652 766300 2421508 1
0768 115857 463428 2780568 4
0769 50637 1215288 2228028 3
0770 199320 5979600 16942200 2
0771 12037 144444 577776 3
0772 74510 447060 2756870 5
0773 154532 1236256 3399704 4
0774 103854 2180934 7165926 1
0775 202315 3034725 13959735 3
0776 124549 1868235 7348391 4
0777 89459 715672 4562409 3
0778 30615 122460 1775670 5
0779 99350 596100 6159700 4
0780 160329 3847896 5130528 3
0781 132452 662260 2781492 4
0782 186982 7479280 12527794 4
0783 103073 1855314 2370679 2
0784 164167 4596676 13133360 3
0785 131558 4736088 6972574 5
0786 31003 372036 1488144 5
0787 164391 0 8055159 4
0788 15157 45471 818478 4
0789 63043 378258 1954333 1
0790 108910 0 1415830 2
0791 188736 1509888 5850816 2
0792 164723 4612244 7906704 4
0793 121697 2190546 8762184 5
0794 79719 1195785 3188760 3
0795 55694 1002492 1559432 2
0796 132856 1062848 2524264 4
0797 159676 5588660 7504772 3
0798 110255 3087140 6946065 1
0799 76824 3687552 6145920 1
0800 89708 1345620 6279560 3
0801 168315 1009890 6732600 4
0802 88543 1416688 3541720 4
0803 122414 3427592 3917248 4
0804 116645 1749675 7348635 4
0805 105860 423440 2117200 5
0806 192174 4612176 7686960 2
0807 121723 243446 4747197 3
0808 96658 1546528 4156294 4
0809 188186 188186 9409300 3
0810 191799 2301588 7671960 1
0811 113761 910088 5119245 1
0812 179890 1079340 11333070 3
0813 48298 1159152 1545536 2
0814 23723 118615 1375934 1
0815 159266 2229724 7326236 5
0816 89992 1619856 2519776 3
0817 157070 628280 8324710 2
0818 136705 1093640 4784675 1
0819 157757 2524112 8045607 3
0820 15181 45543 394706 5
0821 180819 4339656 7051941 2
0822 124825 2621325 3869575 3
0823 171511 3087198 3773242 1
0824 57800 0 1618400 1
0825 109459 985131 5035114 2
0826 55071 440568 550710 5
0827 148448 445344 4601888 3
0828 74813 897756 4488780 5
0829 193768 4844200 14532600 2
0830 93742 937420 2156066 2
0831 142379 1708548 1993306 4
0832 12434 223812 795776 4
0833 37705 188525 867215 4
0834 101187 809496 2732049 5
0835 87660 1051920 2629800 4
0836 84313 1011756 5227406 1
0837 138600 138600 5544000 4
0838 157083 3298743 3612909 1
0839 21426 128556 149982 3
0840 83229 499374 4161450 4
0841 146455 7029840 14938410 3
0842 61547 615470 1846410 5
0843 25544 102176 817408 1
0844 112472 1799552 6185960 3
0845 202527 2430324 10733931 4
0846 87172 87172 2004956 4
0847 204329 204329 4086580 2
0848 12701 355628 749359 4
0849 107408 859264 1933344 1
0850 41535 249210 2575170 1
0851 10842 433680 878202 1
0852 44738 268428 2907970 2
0853 178029 3204522 12462030 2
0854 94912 2277888 7877696 5
0855 55211 110422 2594917 1
0856 88035 880350 5898345 4
0857 18617 74468 912233 5
0858 4073 109971 333986 3
0859 192691 578073 2312292 1
0860 80837 1940088 5011894 2
0861 187611 1500888 7879662 1
0862 105114 315342 4625016 1
0863 159668 0 8302736 1
0864 9449 85041 292919 1
0865 176278 705112 881390 1
0866 45882 550584 2110572 4
0867 117496 4229856 9752168 3
0868 18243 328374 474318 3
0869 35804 572864 2613692 2
0870 97862 195724 1370068 2
0871 73569 441414 2942760 1
0872 71766 861192 4521258 2
0873 103187 1857366 6500781 1
0874 132926 2126816 4120706 3
0875 124448 1493376 2862304 5
0876 75891 227673 3111531 5
0877 45854 1834160 4539546 2
0878 16963 118741 949928 3
0879 174246 348492 9583530 2
0880 201932 1211592 6057960 4
0881 101361 2432664 6284382 5
0882 163689 818445 6056493 5
0883 31434 377208 2106078 1
0884 36967 1330812 2328921 5
0885 197723 4943075 6129413 5
0886 123725 2598225 6186250 4
0887 43594 348752 1220632 2
0888 2120 0 33920 1
0889 124844 2996256 9363300 4
0890 43228 345824 1210384 3
0891 115989 1739835 2203791 5
0892 76796 614368 4377372 2
0893 189146 1513168 7944132 4
0894 91639 1099668 5589979 5
0895 100781 1007810 3930459 1
0896 172142 2065704 6197112 1
0897 50319 1761165 4579029 1
0898 189989 4749725 7979538 5
0899 141346 5936532 6501916 2
0900 3857 154280 304703 5
0901 143049 1716588 4720617 5
0902 201372 1610976 8054880 5
0903 202717 810868 2027170 1
0904 96267 1732806 1925340 3
0905 167809 335618 1006854 1
0906 148054 3109134 6662430 1
0907 173273 693092 9356742 3
0908 168349 2525235 3198631 4
0909 127667 255334 2425673 2
0910 201293 4227153 10467236 4
0911 45475 181900 1182350 2
0912 110452 1988136 6958476 2
0913 195025 6825875 16382100 5
0914 138431 969017 5814102 1
0915 951 23775 38040 5
0916 205354 410708 7187390 3
0917 151810 151810 5009730 2
0918 190105 0 1140630 5
0919 47118 942360 3251142 4
0920 151971 303942 4407159 2
0921 173400 0 5375400 5
0922 133234 399702 4663190 4
0923 43993 131979 351944 3
0924 72950 72950 1386050 2
0925 78647 1415646 5898525 5
0926 59175 355050 2603700 2
0927 3251 32510 139793 4
0928 87285 1047420 5498955 4
0929 114872 344616 5398984 2
0930 4792 9584 23960 5
0931 35577 35577 1814427 2
0932 19583 274162 979150 3
0933 88482 88482 2742942 4
0934 198949 4774776 11340093 3
0935 131527 1052216 4866499 4
0936 181828 2727420 9273228 4
0937 192718 1541744 10406772 3
0938 202024 1212144 8889056 3
0939 22390 134340 403020 5
0940 83760 1340160 2847840 3
0941 19028 456672 1103624 3
0942 12515 75090 588205 4
0943 142298 3557450 5976516 3
0944 78492 156984 784920 5
0945 130090 1300900 2471710 3
0946 99707 99707 4785936 5
0947 179680 4312320 11499520 2
0948 53649 214596 1716768 3
0949 183384 6418440 14854104 2
0950 121442 2914608 8379498 1
0951 205925 2471100 9472550 3
0952 175775 351550 8612975 5
0953 204734 2456808 7370424 4
0954 108323 3791305 8340871 4
0955 70521 352605 3737613 5
0956 39485 118455 355365 4
0957 206163 1030815 10514313 1
0958 158190 632760 790950 5
0959 10724 42896 654164 2
0960 6156 36936 233928 2
0961 130525 783150 3393650 3
0962 179510 2513140 9155010 2
0963 144626 867756 7375926 2
0964 51320 513200 615840 2
0965 36467 1531614 2662091 4
0966 195846 1958460 9596454 1
0967 28886 433290 1502072 5
0968 97141 1942820 2817089 5
0969 154808 1857696 10526944 4
0970 114526 3664832 9505658 4
0971 130068 520272 3771972 2
0972 9092 54552 536428 1
0973 176824 5304720 12200856 5
0974 195950 1175700 12344850 4
0975 191483 382966 7084871 4
0976 203137 3250192 13813316 1
0977 87441 2098584 6208311 1
0978 87589 2627670 3328382 4
0979 38989 701802 1988439 5
0980 51487 205948 2574350 1
0981 59771 1434504 2988550 1
0982 40343 322744 1734749 2
0983 70174 561392 4631484 3
0984 187837 2629718 13712101 5
0985 126376 2274768 6824304 5
0986 143009 2860180 5148324 5
0987 90716 725728 4172936 5
0988 62380 374280 2682340 4
0989 138861 1666332 8053938 5
0990 88834 1066008 2576186 4
0991 180062 2160744 10263534 2
0992 131378 3153072 7094412 4
0993 46272 46272 92544 5
0994 129287 1034296 6076489 1
0995 68897 2411395 2618086 4
0996 84148 1262220 1514664 5
0997 120986 1935776 3508594 1
0998 28107 421605 1798848 5
0999 57415 1837280 4535785 2
1000 35078 70156 1052340 3
1001 72402 217206 2823678 3
1002 13331 53324 346606 2
1003 126299 1010392 5178259 1
1004 45540 1092960 2185920 2
1005 19856 79424 1250928 1
1006 179008 1074048 9487424 5
1007 170525 6138900 7162050 5
1008 131473 1577676 3549771 4
1009 68456 1642944 4107360 4
1010 109173 5240304 10589781 5
1011 83396 1751316 6504888 5
1012 113496 1021464 4880328 4
1013 89463 1878723 6351873 2
1014 150770 2412320 4221560 5
1015 37809 0 793989 3
1016 92791 927910 5938624 4
1017 174067 2611005 9051484 3
1018 4580 54960 77860 3
1019 100019 600114 1700323 4
1020 193036 2702504 6756260 5
1021 180773 1084638 2711595 4
1022 82618 1321888 1569742 3
1023 37470 899280 1124100 4
1024 95774 957740 6033762 3
1025 188963 566889 10204002 1
1026 35513 284104 1491546 4
1027 32963 659260 1878891 3
1028 120607 482428 1085463 1
1029 81101 5190464 8758908 2
1030 45536 956256 1821440 2
1031 133894 1338940 9238686 2
1032 196764 1574112 6886740 3
1033 188468 565404 11496548 4
1034 5430 190050 298650 4
1035 158996 476988 9221768 3
1036 164160 4596480 6402240 4
1037 74608 447648 4327264 3
1038 116511 932088 3145797 4
1039 138694 554776 6796006 4
1040 55297 995346 1105940 5
1041 29391 293910 1704678 2
1042 132463 1059704 1589556 2
1043 71536 357680 1716864 5
1044 139641 1675692 2373897 3
1045 134461 3764908 5109518 5
1046 107653 861224 5813262 3
1047 114080 570400 5704000 1
1048 206490 1651920 2890860 4
1049 99202 2083242 3868878 1
1050 111833 1341996 5479817 4
1051 205031 6560992 7176085 4
1052 66828 668280 4343820 1
1053 2607 46926 52140 3
1054 111447 2228940 5015115 3
1055 10083 181494 604980 1
1056 153738 153738 1691118 1
1057 37001 740020 1924052 2
1058 191823 767292 3069168 2
1059 125721 1005768 6788934 3
1060 123809 371427 5447596 2
1061 172447 517341 3104046 3
1062 203733 1629864 3463461 4
1063 49998 149994 1149954 4
1064 106832 3418624 8012400 5
1065 132766 2124256 6107236 5
1066 172729 345458 6736431 4
1067 12810 51240 243390 5
1068 176952 1238664 1592568 2
1069 60230 722760 3674030 3
1070 35906 71812 1364428 4
1071 94202 0 3014464 4
1072 77611 543277 4035772 5
1073 118183 2481843 7209163 5
1074 153615 7527135 8141595 5
1075 117208 703248 2109744 4
1076 138628 1247652 9149448 2
1077 4035 32280 48420 5
1078 164075 984450 5250400 5
1079 204396 1226376 10424196 1
1080 193618 5421304 14908586 2
1081 85654 256962 3854430 3
1082 24758 519918 1881608 2
1083 162982 4889460 8964010 4
1084 71758 1291644 1578676 3
1085 5650 84750 305100 1
1086 137850 1240650 5651850 3
1087 171769 2061228 3607149 3
1088 195420 2735880 13093140 3
1089 124028 1860420 4465008 3
1090 22266 779310 957438 4
1091 122411 2203398 7589482 3
1092 32320 775680 1034240 5
1093 1965 31440 55020 3
1094 126346 758076 5180186 5
1095 51045 306270 1837620 5
1096 191569 9195312 10919433 4
1097 71263 0 142526 2
1098 168499 1179493 7413956 3
1099 7961 31844 262713 5
1100 124189 745134 6954584 4
1101 184114 7364560 10126270 2
1102 91288 456440 2190912 5
1103 81744 326976 4332432 2
1104 60290 1688120 3737980 4
1105 27201 435216 1550457 3
1106 166490 2996820 6160130 1
1107 119731 239462 5148433 2
1108 127318 891226 1909770 1
1109 36180 253260 1447200 5
1110 148972 5958880 12960564 5
1111 162497 5849892 12674766 2
1112 176220 2819520 7577460 5
1113 139958 839748 7977606 1
1114 150011 1350099 5850429 3
1115 158841 1270728 1906092 2
1116 164208 5254656 14778720 4
1117 29913 239304 1794780 1
1118 120131 2522751 2642882 2
1119 102816 1645056 5037984 3
1120 183739 1469912 9186950 1
1121 9078 363120 726240 5
1122 175259 2804144 12092871 4
1123 97227 875043 1069497 2
1124 116733 1867728 8054577 5
1125 67366 808392 1414686 1
1126 154632 3092640 4329696 2
1127 185126 925630 5738906 1
1128 115660 3701120 8327520 5
1129 133112 2662240 9450952 2
1130 36965 1035020 1071985 1
1131 91050 728400 2549400 4
1132 1017 6102 38646 4
1133 40300 0 886600 5
1134 12857 102856 591422 5
1135 142318 284636 4554176 4
1136 110429 441716 2429438 5
1137 21506 860240 1591444 1
1138 61623 1109214 2033559 3
1139 145813 1749756 5978333 3
1140 170737 4097688 10585694 1
1141 180563 361126 8847587 3
1142 191327 191327 573981 3
1143 146651 2933020 6452644 2
1144 1735 13880 88485 1
1145 161243 322486 967458 4
1146 202858 4057160 15822924 5
1147 182928 548784 8231760 2
1148 67005 1206090 4623345 4
1149 19745 296175 513370 1
1150 10407 52035 666048 3
1151 173512 2602680 12145840 2
1152 139223 1670676 5986589 4
1153 202978 1014890 11163790 4
1154 201246 6037380 10263546 5
1155 171293 1370344 3768446 1
1156 68615 205845 823380 5
1157 189143 567429 8133149 5
1158 112269 336807 3255801 1
1159 15300 45900 856800 4
1160 16381 262096 1032003 5
1161 108332 1733312 3899952 1
1162 49249 738735 886482 5
1163 86892 2085408 2259192 3
1164 16204 129632 712976 5
1165 10063 251575 332079 3
1166 178694 357388 6611678 2
1167 173185 1212295 2944145 1
1168 151236 2268540 6049440 2
1169 32305 1550640 2229045 3
1170 190177 1711593 4564248 4
1171 15044 120352 737156 1
1172 138067 828402 6074948 1
1173 200581 2406972 8624983 5
1174 118047 0 826329 5
1175 17370 138960 833760 4
1176 20934 418680 1297908 1
1177 158425 158425 7129125 3
1178 5528 176896 503048 1
1179 140631 2109465 5765871 1
1180 147756 2068584 10047408 2
1181 162214 648856 9408412 5
1182 24291 72873 1481751 5
1183 43802 131406 219010 3
1184 167236 1170652 1337888 2
1185 36656 733120 1576208 3
1186 59156 1183120 4555012 3
1187 27818 500724 806722 4
1188 99468 1492020 2088828 2
1189 199195 3983900 5179070 4
1190 71619 1002666 2936379 2
1191 110132 660792 3524224 1
1192 202447 3239152 7692986 3
1193 126137 4036384 9586412 1
1194 201957 6462624 9491979 5
1195 101138 2123898 7484212 3
1196 163001 1630010 10921067 1
1197 8005 112070 496310 2
1198 114474 2060532 7669758 4
1199 49521 198084 445689 1
1200 192386 2308632 6156352 2
1201 95344 572064 2478944 4
1202 176712 1413696 9895872 5
1203 16497 346437 643383 2
1204 96695 96695 290085 3
1205 127684 510736 2170628 2
1206 91082 364328 1092984 5
1207 118018 944144 7199098 3
1208 118596 4269456 8776104 2
1209 23329 279948 489909 5
1210 138024 138024 1242216 5
1211 197836 1187016 8506948 3
1212 131833 2109328 7118982 4
1213 65214 912996 1108638 2
1214 195766 978830 11158662 4
1215 82707 0 4300764 4
1216 118539 2133702 3556170 5
1217 86604 2424912 6408696 5
1218 136389 2727780 7501395 3
1219 78639 629112 3460116 3
1220 137001 274002 1644012 3
1221 45469 0 863911 2
1222 16889 33778 878228 3
1223 109437 984933 6456783 5
1224 72635 1089525 4212830 4
1225 186906 6541710 12709608 4
1226 7245 0 311535 2
1227 146548 2930960 4249892 2
1228 109377 875016 1531278 3
1229 176694 1413552 7421148 1
1230 184227 5526810 7921761 2
1231 95793 862137 4981236 2
1232 64456 128912 1031296 4
1233 146104 1314936 8912344 2
1234 52396 1571880 3458136 5
1235 155251 0 7917801 3
1236 91675 2200200 4583750 5
1237 34376 825024 1168784 2
1238 112820 112820 1128200 1
1239 186187 2978992 10054098 1
1240 48674 730110 1995634 5
1241 29497 88491 648934 1
1242 107007 428028 5350350 1
1243 201747 1815723 11903073 5
1244 18876 151008 1057056 4
1245 183685 1102110 1836850 2
1246 190427 571281 3998967 2
1247 68648 411888 1304312 1
1248 110229 3086412 8377404 4
1249 38199 802179 2597532 2
1250 9128 319480 785008 3
1251 41940 1006560 1174320 4
1252 192562 770248 10590910 2
1253 152591 5340685 8392505 4
1254 105773 317319 2538552 2
1255 176940 5308200 8316180 1
1256 70063 630567 3152835 5
1257 21480 214800 1396200 5
1258 197865 791460 2176515 5
1259 58806 705672 1705374 1
1260 2776 5552 19432 4
1261 163617 1308936 4744893 2
1262 120175 1081575 1682450 4
1263 65755 131510 2958975 3
1264 61093 977488 2565906 4
1265 120419 1204190 2649218 2
1266 912 10944 44688 5
1267 163123 3425583 4567444 1
1268 54088 865408 3461632 2
1269 64405 1352505 3735490 2
1270 149109 0 3280398 1
1271 62437 624370 2122858 4
1272 137535 0 962745 2
1273 9526 57156 85734 1
1274 49098 294588 2700390 4
1275 59793 2152548 4484475 2
1276 133377 533508 4801572 4
1277 40115 240690 802300 3
1278 171154 2738464 7701930 2
1279 152234 1217872 1370106 4
1280 146614 4691648 13195260 4
1281 49107 589284 3191955 3
1282 141004 6768192 11421324 5
1283 100071 1200852 1601136 3
1284 179337 4304088 14167623 3
1285 93625 468125 3183250 1
1286 153605 921630 1075235 4
1287 155313 4348764 8542215 4
1288 12172 146064 365160 3
1289 85105 255315 2638255 1
1290 130195 1562340 3124680 3
1291 179146 358292 2508044 1
1292 42375 1483125 1822125 2
1293 39981 279867 1839126 5
1294 137798 1102384 5236324 3
1295 61377 0 184131 5
1296 26162 418592 1831340 2
1297 2307 18456 92280 1
1298 90536 724288 995896 3
1299 119113 1429356 2739599 3
1300 127870 767220 1278700 1
1301 9874 236976 473952 1
1302 165038 495114 1650380 1
1303 65149 781788 3518046 4
1304 170823 1366584 8028681 5
1305 56816 909056 2954432 4
1306 19537 234444 1348053 2
1307 67085 268340 737935 4
1308 125529 502116 7657269 1
1309 82520 1650400 4208520 4
1310 53397 640764 2082483 1
1311 22908 91632 916320 1
1312 118582 0 6877756 1
1313 82776 993312 4552680 1
1314 124671 249342 7230918 5
1315 194985 2339820 12674025 5
1316 106130 1061300 4669720 5
1317 29064 232512 726600 2
1318 195669 1565352 2348028 2
1319 121340 1456080 6916380 3
1320 51461 1029220 1801135 1
1321 150768 1809216 5578416 2
1322 54369 163107 2446605 2
1323 183581 1468648 6976078 3
1324 24514 98056 1372784 2
1325 26113 391695 1566780 1
1326 78834 1576680 4178202 3
1327 174449 1395592 9594695 3
1328 87716 1754320 6052404 1
1329 60955 243820 975280 2
1330 171555 4117320 10979520 1
1331 66350 2786700 3184800 3
1332 111459 668754 6798999 1
1333 61925 866950 3963200 5
1334 79944 239832 4157088 3
1335 17771 71084 159939 4
1336 119831 718986 1437972 4
1337 27447 192129 905751 2
1338 40540 1216200 2148620 2
1339 153049 765245 1683539 3
1340 77329 154658 773290 1
1341 61860 123720 1855800 2
1342 116309 1860944 5931759 1
1343 100252 1604032 3308316 1
1344 112522 2700528 3825748 1
1345 43545 783810 3048150 3
1346 135960 407880 3263040 4
1347 97652 2734256 4784948 3
1348 145386 1744632 10322406 4
1349 39686 238116 1587440 4
1350 45642 0 45642 2
1351 135797 3259128 3530722 1
1352 164643 987858 6915006 3
1353 75541 528787 1359738 4
1354 34632 484848 1904760 4
1355 145575 0 3930525 1
1356 199566 1197396 1796094 3
1357 46403 371224 556836 4
1358 8274 198576 380604 4
1359 116186 0 1161860 4
1360 54112 432896 703456 3
1361 60142 60142 420994 2
1362 114081 1368972 3536511 3
1363 47214 141642 236070 2
1364 45443 545316 3090124 5
1365 157940 6317600 6633480 2
1366 31154 155770 1215006 3
1367 85322 2047728 6143184 1
1368 27005 864160 945175 2
1369 152728 152728 2443648 3
1370 89622 89622 1613196 3
1371 163389 1307112 9149784 4
1372 206049 1030245 5769372 2
1373 120180 1081620 4326480 2
1374 115446 2770704 9351126 5
1375 154794 928764 5262996 2
1376 17402 104412 1078924 5
1377 78221 1642641 4145713 2
1378 96344 3083008 7322144 2
1379 57873 347238 2372793 5
1380 50916 2851296 3615036 4
1381 44521 1424672 2715781 4
1382 151156 1360404 8162424 4
1383 12123 0 375813 4
1384 134719 0 7140107 4
1385 188784 377568 2265408 4
1386 34626 554016 1592796 2
1387 92159 1382385 4607950 1
1388 190494 6095808 14287050 5
1389 6851 95914 219232 2
1390 72208 1155328 2021824 3
1391 90523 1448368 3530397 2
1392 138243 414729 6359178 5
1393 193531 580593 4257682 2
1394 167646 1005876 5364672 1
1395 97950 3428250 8031900 2
1396 19556 117336 782240 5
1397 108222 865776 5194656 3
1398 143217 3437208 9022671 1
1399 86391 691128 2073384 1
1400 186695 2240340 7094410 2
1401 3933 47196 212382 3
1402 102329 1841922 7470017 3
1403 161408 2421120 4358016 5
1404 84985 2039640 6033935 4
1405 185283 2223396 8337735 5
1406 129001 3225025 5418042 3
1407 108554 651324 1736864 2
1408 128505 2698605 2955615 5
1409 40884 0 1185636 3
1410 124282 1491384 4474152 2
1411 153710 3689040 5072430 5
1412 137344 2746880 10026112 1
1413 131377 3678556 6306096 4
1414 56617 1188957 1472042 5
1415 50177 702478 3261505 1
1416 176284 3173112 7932780 4
1417 137005 274010 2877105 5
1418 45486 1273608 2137842 1
1419 185921 0 2231052 3
1420 191610 1724490 9005670 5
1421 36881 590096 1844050 5
1422 33653 403836 1413426 1
1423 196916 6892060 13981036 1
1424 199998 5999940 16399836 4
1425 14253 228048 641385 4
1426 5241 157230 319701 2
1427 196695 2360340 7867800 4
1428 189746 3984666 13471966 4
1429 206424 1651392 12179016 3
1430 142872 285744 6857856 1
1431 150624 2711232 11296800 1
1432 23892 143352 1481304 2
1433 49947 1598304 1897986 2
1434 132330 1058640 2911260 3
1435 71994 431964 575952 1
1436 192775 1927750 9831525 2
1437 77819 0 233457 1
1438 100000 200000 3600000 4
1439 137726 1652712 7712656 3
1440 49534 297204 2526234 5
1441 34366 1099712 2611816 5
1442 48360 870480 1160640 3
1443 126005 7056280 14364570 5
1444 4249 38241 250691 5
1445 174786 3146148 5767938 2
1446 75404 2111312 5504492 3
1447 135294 1623528 8658816 2
1448 108384 1734144 4010208 1
1449 117273 1407276 6567288 5
1450 167619 167619 8045712 4
1451 71802 1005228 3805506 2
1452 133933 267866 3884057 3
1453 74009 1184144 5254639 1
1454 38039 152156 874897 1
1455 199547 9578256 9777803 3
1456 156443 2346645 9543023 1
1457 90290 1896090 6862040 5
1458 47637 476370 2620035 3
1459 63809 1531416 3573304 1
1460 37085 1335060 1631740 5
1461 204429 2453148 6950586 1
1462 35169 738549 2215647 4
1463 144616 3470784 6796952 3
1464 97718 3420130 4495028 1
1465 33244 232708 2160860 3
1466 57236 228944 3605868 4
1467 76273 2440736 5034018 3
1468 173294 2772704 12477168 4
1469 199310 3587580 6975850 4
1470 66508 266032 3125876 4
1471 108613 1737808 3475616 1
1472 74289 0 3640161 3
1473 39386 787720 2481318 1
1474 179533 2154396 2692995 1
1475 1083 30324 44403 2
1476 104759 2514216 8694997 5
1477 165456 3309120 3970944 1
1478 114975 1149750 7473375 2
1479 175671 1405368 3513420 3
1480 161372 1290976 6616252 1
1481 101831 610986 4276902 4
1482 109760 2634240 3292800 2
1483 50874 101748 1577094 5
1484 170161 1191127 8678211 2
1485 2268 79380 181440 5
1486 136265 1090120 2452770 3
1487 8929 17858 455379 2
1488 45807 549684 1190982 2
1489 171400 514200 10284000 1
1490 96083 576498 5764980 1
1491 32038 192228 1217444 3
1492 27748 166488 1692628 1
1493 69311 277244 3396239 3
1494 10377 41508 197163 3
1495 26645 0 666125 2
1496 146257 2632626 4972738 3
1497 12368 123680 482352 2
1498 66338 1857464 4842674 1
1499 161297 645188 2903346 2
1500 188033 2256396 10717881 2
1501 15294 45882 810582 1
1502 162699 1301592 1464291 4
1503 102895 823160 4218695 1
1504 39716 198580 278012 4
1505 185679 5199012 13554567 1
1506 121869 609345 4631022 2
1507 95867 3834680 8723897 3
1508 92285 2583980 5167960 5
1509 73917 0 887004 3
1510 54853 767942 1974708 2
1511 143777 3450648 5032195 5
1512 121292 1698088 3881344 4
1513 168013 672052 4368338 4
1514 154146 1849752 10019490 5
1515 17151 514530 874701 3
1516 176912 2830592 5307360 5
1517 685 12330 35620 2
1518 33140 198840 298260 1
1519 165698 3479658 5799430 4
1520 98540 985400 5321160 4
1521 154904 619616 9139336 1
1522 57900 1158000 2895000 5
1523 86930 1043160 4085710 1
1524 79908 1278528 3436044 2
1525 144763 1447630 9120069 1
1526 71704 1075560 3585200 3
1527 92690 834210 926900 2
1528 125900 503600 5036000 5
1529 22622 135732 610794 5
1530 76425 611400 2063475 2
1531 11343 34029 124773 5
1532 45606 182424 501666 5
1533 95250 952500 2571750 5
1534 31554 1104390 2366550 5
1535 165492 6619680 16218216 4
1536 45900 2570400 2937600 5
1537 141256 565024 7486568 1
1538 99899 1198788 3096869 4
1539 106920 213840 4276800 4
1540 155699 6539358 14168609 1
1541 37969 227814 683442 2
1542 20010 280140 1080540 3
1543 116406 1396872 3026556 5
1544 37758 604128 2831850 2
1545 57389 0 401723 5
1546 36769 220614 1948757 2
1547 382 3056 14516 3
1548 129488 776928 6733376 5
1549 190543 3048688 8955521 3
1550 152993 2753874 6884685 3
1551 71136 71136 3272256 1
1552 8007 192168 280245 3
1553 174904 1574136 6646352 2
1554 87057 1741140 2785824 5
1555 70776 495432 2477160 2
1556 52248 1253952 1985424 4
1557 45114 0 1985016 5
1558 50274 150822 3016440 1
1559 84669 677352 1354704 4
1560 18802 263228 451248 4
1561 68392 547136 3693168 3
1562 170537 4092888 12278664 4
1563 45595 227975 1778205 3
1564 147220 1324980 9422080 3
1565 99835 1996700 4492575 3
1566 65898 1054368 2833614 2
1567 79496 2782360 6598168 5
1568 182060 3823260 12198020 2
1569 108683 217366 1738928 3
1570 74775 0 598200 5
1571 147795 591180 4729440 3
1572 91891 1286474 5789133 3
1573 97067 970670 5921087 4
1574 89882 4404218 6561386 4
1575 7100 21300 418900 2
1576 171783 6871320 13055508 4
1577 64694 388164 3170006 4
1578 117065 468260 6321510 3
1579 195673 0 3913460 4
1580 52570 210280 1629670 4
1581 138211 1658532 1796743 5
1582 82252 1727292 5922144 3
1583 54576 818640 3820320 3
1584 127686 638430 4724382 5
1585 32572 521152 1596028 2
1586 127769 5110760 12649131 1
1587 163129 1305032 8808966 3
1588 182890 1097340 1280230 5
1589 38666 231996 1314644 5
1590 170640 2730240 11262240 5
1591 11508 138096 184128 2
1592 52128 1094688 2606400 5
1593 160678 1928136 10122714 3
1594 172507 1725070 8452843 1
1595 164341 1972092 2958138 5
1596 152453 4268684 7470197 3
1597 47292 0 1324176 4
1598 18437 147496 571547 2
1599 81801 1145214 5889672 5
1600 21868 87472 852852 2
1601 94123 188246 1223599 4
1602 87696 1403136 3683232 1
1603 104988 629928 6299280 5
1604 67693 1895404 3723115 4
1605 190289 1141734 6089248 3
1606 83302 833020 4664912 5
1607 44192 0 397728 4
1608 163543 3270860 11448010 2
1609 17172 480816 515160 4
1610 75714 1211424 4921410 3
1611 181020 6335700 15205680 2
1612 25627 307524 640675 5
1613 58803 352818 2058105 2
1614 11275 78925 529925 1
1615 122784 982272 4665792 5
1616 127516 255032 4335544 3
1617 128018 2048288 2944414 2
1618 134450 1075600 6184700 3
1619 64050 1024800 3074400 1
1620 52022 364154 3381430 4
1621 63432 951480 3425328 5
1622 129941 1039528 7406637 4
1623 103085 1443190 4226485 5
1624 46087 368696 1705219 3
1625 123670 1484040 3586430 3
1626 9657 289710 801531 4
1627 73145 585160 1974915 3
1628 2308 46160 115400 5
1629 68975 1241550 2414125 1
1630 196294 588882 10796170 2
1631 37482 599712 1799136 3
1632 170240 1361920 3234560 4
1633 201613 806452 7056455 3
1634 192877 385754 11186866 2
1635 113315 566575 5325805 4
1636 28700 258300 1205400 4
1637 77199 1929975 3087960 1
1638 176461 1058766 7764284 2
1639 66499 1329980 3524447 2
1640 129442 517768 3236050 4
1641 78072 1405296 6011544 5
1642 45146 1354380 3792264 3
1643 41550 249300 2659200 4
1644 66526 66526 1130942 2
1645 146064 0 6134688 2
1646 120222 1442664 6131322 4
1647 148238 444714 7708376 4
1648 200978 1004890 11656724 2
1649 135325 1623900 2165200 3
1650 31673 95019 1520304 5
1651 144022 288044 2160330 5
1652 85903 2147575 6786337 1
1653 151016 2114224 2416256 2
1654 2211 13266 77385 3
1655 199979 999895 5399433 1
1656 66581 1597944 3528793 4
1657 205232 1436624 11082528 2
1658 50971 305826 3007289 4
1659 105088 2942464 4939136 2
1660 120891 967128 4110294 5
1661 187799 4694975 12206935 4
1662 58550 351300 1990700 3
1663 199400 1794600 6580200 1
1664 164241 985446 2956338 4
1665 161764 647056 5014684 2
1666 177281 1418248 2836496 1
1667 40627 406270 812540 3
1668 37488 524832 1312080 3
1669 98164 981640 1079804 4
1670 2042 20420 132730 5
1671 105541 738787 6965706 3
1672 44207 1768280 3271318 4
1673 164270 5256640 6406530 3
1674 48961 979220 2105323 2
1675 124428 1990848 5350404 2
1676 204001 4896024 12444061 2
1677 102938 3088140 3294016 2
1678 55865 223460 1843545 4
1679 141062 3949736 7476286 2
1680 139017 2780340 10009224 2
1681 91069 273207 1001759 2
1682 167623 4022952 9051642 1
1683 194402 3499236 6415266 2
1684 108623 651738 6626003 5
1685 27410 328920 740070 1
1686 129945 2079120 4937910 5
1687 92340 1477440 6279120 2
1688 116590 0 932720 5
1689 41227 494724 2185031 1
1690 125433 3512124 10661805 1
1691 122069 4882760 10864141 4
1692 65209 3195241 4108167 4
1693 44667 134001 268002 2
1694 26281 840992 1471736 2
1695 107523 1935414 6451380 4
1696 109550 657300 2081450 5
1697 103201 3302432 6295261 1
1698 132369 3971070 11251365 2
1699 121520 1701280 1822800 3
1700 57831 346986 2775888 4
1701 141937 851622 8658157 2
1702 115363 2768712 4153068 3
1703 71852 0 287408 3
1704 93688 0 562128 3
1705 49697 1192728 2733335 3
1706 51025 357175 2245100 2
1707 4698 46980 253692 3
1708 104232 2188872 4169280 1
1709 27972 223776 1258740 4
1710 38547 616752 2505555 1
1711 45736 1280608 3796088 2
1712 22364 357824 1095836 2
1713 155556 933336 4200012 3
1714 73160 2048480 3731160 2
1715 119224 953792 1549912 1
1716 179835 2697525 2877360 4
1717 93969 751752 2725101 4
1718 30255 30255 756375 2
1719 10995 384825 945570 1
1720 10211 61266 449284 5
1721 177295 6205325 14538190 5
1722 28167 1014012 2084358 1
1723 84592 676736 4652560 2
1724 79878 2556096 4553046 2
1725 5063 283528 491111 3
1726 116456 5589888 11994968 5
1727 84610 253830 5076600 3
1728 65036 780432 2861584 5
1729 160549 321098 1605490 3
1730 90712 816408 2539936 5
1731 131083 3932490 10879889 1
1732 132744 1592928 9159336 2
1733 103230 516150 2064600 3
1734 81672 163344 2123472 5
1735 50035 1250875 3802660 4
1736 136966 821796 1917524 3
1737 81099 243297 1703079 1
1738 193798 3875960 8139516 4
1739 8688 17376 34752 3
1740 117065 1638910 5267925 2
1741 6073 85022 273285 1
1742 51096 204384 2146032 5
1743 8258 8258 289030 2
1744 126719 1520628 4055008 3
1745 110210 220420 6061550 4
1746 168744 168744 337488 1
1747 16388 524416 950504 5
1748 104785 2095700 3248335 3
1749 119556 1434672 8488476 3
1750 13631 95417 327144 4
1751 79133 712197 4194049 5
1752 16035 561225 1266765 1
1753 71816 143632 3734432 3
1754 58262 1165240 1223502 4
1755 7383 88596 435597 3
1756 184807 1663263 11273227 1
1757 151120 151120 7556000 4
1758 39258 235548 745902 4
1759 86131 1033572 3531371 5
1760 41370 1158360 2813160 4
1761 170355 2555325 10221300 3
1762 192882 578646 6172224 4
1763 80227 3209080 7942473 5
1764 172285 2067420 4823980 2
1765 10846 130152 162690 3
1766 28301 141505 1103739 1
1767 167118 4177950 12199614 2
1768 157322 786610 5978236 4
1769 58332 466656 933312 5
1770 198748 9738652 19676052 1
1771 157259 1887108 5661324 5
1772 36951 73902 1810599 1
1773 186039 2790585 6325326 1
1774 27948 111792 1145868 1
1775 35541 284328 1954755 4
1776 150500 3612000 12040000 2
1777 78157 390785 2579181 4
1778 157083 942498 3927075 3
1779 159391 318782 796955 2
1780 155398 6215920 7459104 5
1781 157083 3769992 5812071 5
1782 104233 1876194 1980427 1
1783 160537 6421480 13966719 4
1784 205830 823320 2675790 3
1785 11750 164500 646250 2
1786 173402 7282884 7629688 3
1787 79847 1916328 3353574 2
1788 60015 360090 2880720 1
1789 148624 445872 4161472 3
1790 79457 317828 476742 2
1791 201891 2422692 7873749 1
1792 96565 0 772520 1
1793 192217 2306604 9226416 3
1794 3583 71660 225729 1
1795 167389 334778 3013002 1
1796 88051 1849071 3169836 4
1797 10999 131988 307972 3
1798 163523 3270460 6213874 5
1799 125049 1875735 6502548 1
1800 136055 1904770 6802750 1
1801 98918 1978360 5935080 3
1802 42650 341200 853000 1
1803 125464 1003712 5645880 2
1804 108719 1304628 2283099 4
1805 154654 154654 8815278 3
1806 152574 1830888 4119498 5
1807 119448 477792 7047432 2
1808 22194 710208 1020924 2
1809 65573 786876 3803234 4
1810 160239 4005975 6249321 4
1811 123901 2973624 9168674 3
1812 188660 4716500 6414440 1
1813 39738 556332 1033188 3
1814 131843 395529 3427918 1
1815 59925 299625 3535575 3
1816 136462 682310 955234 2
1817 6785 81420 101775 5
1818 109419 2188380 3829665 5
1819 51151 511510 920718 1
1820 186576 5970432 13433472 5
1821 56834 454672 2671198 4
1822 87557 0 3589837 1
1823 155924 1091468 8419896 5
1824 77507 232521 2790252 1
1825 183284 2199408 4948668 1
1826 122903 368709 3195478 5
1827 60319 361914 904785 5
1828 126668 380004 1266680 2
1829 13481 202215 377468 3
1830 22152 332280 1351272 5
1831 170274 2043288 4767672 4
1832 58844 706128 1176880 1
1833 139502 0 2790040 2
1834 35944 215664 1797200 3
1835 85091 1361456 6381825 4
1836 68439 2737560 6022632 1
1837 37809 1361124 2344158 3
1838 58988 0 3362316 1
1839 80224 1203360 2647392 2
1840 3708 44496 103824 5
1841 167795 4027080 5033850 5
1842 120458 5781984 8311602 2
1843 37965 227790 1518600 2
1844 2968 17808 44520 1
1845 129675 4149600 4538625 2
1846 62479 624790 3686261 4
1847 81749 408745 1716729 2
1848 14060 70300 871720 4
1849 204043 1224258 11834494 2
1850 144275 2164125 9089325 2
1851 49036 0 2157584 1
1852 155238 2328570 4346664 5
1853 87171 1220394 4620063 4
1854 6709 20127 322032 1
1855 164343 986058 10353609 4
1856 109641 2631384 7236306 4
1857 22159 132954 997155 3
1858 84127 0 4206350 2
1859 36582 365820 1646190 5
1860 140347 1684164 5613880 1
1861 112122 1681830 3924270 1
1862 189619 3792380 9101712 2
1863 24078 963120 1709538 4
1864 45998 827964 2483892 4
1865 131588 526352 6316224 5
1866 42634 511608 1321654 1
1867 17052 358092 1159536 1
1868 133062 2661240 4257984 1
1869 60555 1089990 1271655 4
1870 183297 549891 4215831 2
1871 31084 62168 1336612 4
1872 185671 5570130 14853680 5
1873 191162 6117184 16631094 1
1874 142306 3557650 10815256 1
1875 86357 1036284 6044990 4
1876 41477 746586 829540 3
1877 37783 302264 2304763 3
1878 5190 15570 249120 1
1879 34596 172980 449748 2
1880 80260 1605200 1845980 4
1881 179001 2506014 8234046 4
1882 111893 1007037 7273045 3
1883 99221 99221 1289873 1
1884 158532 4438896 11889900 1
1885 96033 4705617 7298508 3
1886 190913 763652 9354737 1
1887 155003 8370162 15190294 5
1888 20444 245328 1083532 2
1889 193580 2710120 3484440 1
1890 146940 4408200 5877600 5
1891 33942 33942 1798926 4
1892 61583 1477992 4741891 2
1893 61619 123238 2896093 3
1894 73529 1176464 1911754 3
1895 162438 2923884 9421404 1
1896 190374 3045984 11612814 2
1897 126945 1523340 8124480 2
1898 189542 0 9098016 2
1899 35738 1072140 2430184 2
1900 167385 669540 10210485 2
1901 104056 416224 5723080 5
1902 28590 57180 1200780 5
1903 135503 2845563 7994677 1
1904 3499 111968 160954 4
1905 24270 485400 1820250 4
1906 6495 12990 136395 2
1907 126368 505472 3032832 2
1908 78098 1249568 3436312 3
1909 97706 1465590 6155478 4
1910 114722 0 5506656 2
1911 184078 1104468 1472624 3
1912 74912 1797888 4569632 5
1913 63895 319475 2044640 4
1914 77766 622128 4043832 1
1915 97301 1167612 4962351 3
1916 188421 9044208 19407363 4
1917 154295 2160130 5246030 1
1918 103710 1555650 5185500 4
1919 41302 1156456 1693382 3
1920 95471 477355 2864130 5
1921 157012 2826216 2983228 4
1922 1488 0 7440 3
1923 7944 47664 270096 1
1924 16565 198780 944205 1
1925 142016 1136128 7100800 2
1926 29622 473952 2043918 3
1927 73340 1173440 2566900 3
1928 54412 652944 3047072 1
1929 142343 284686 6690121 2
1930 127489 1019912 4334626 1
1931 65875 790500 2766750 2
1932 158362 633448 4434136 4
1933 46652 979692 2565860 5
1934 174849 1049094 7518507 1
1935 32698 1569504 1765692 2
1936 93677 1124124 3747080 1
1937 125483 4391905 11795402 4
1938 202837 6085110 12170220 4
1939 33741 404892 674820 3
1940 189493 378986 8527185 3
1941 5174 51740 212134 4
1942 196333 1766997 11583647 2
1943 87992 527952 1231888 1
1944 101136 1415904 5157936 4
1945 171268 2740288 5138040 4
1946 76198 609584 4876672 1
1947 88874 3110590 7820912 2
1948 4921 73815 339549 2
1949 58419 467352 1577313 2
1950 156715 940290 9559615 4
1951 177430 354860 9936080 1
1952 132485 5299400 13116015 2
1953 102224 5724544 10631296 1
1954 141429 3394296 4950015 2
1955 183443 0 9905922 1
1956 206071 0 8654982 5
1957 18277 292432 548310 4
1958 22395 403110 828615 2
1959 83872 1341952 5283936 1
1960 205274 0 8826782 4
1961 79200 1900800 2692800 4
1962 54076 270380 3352712 2
1963 184348 921740 7558268 2
1964 141797 0 5388286 3
1965 44029 220145 2641740 5
1966 41428 1325696 3024244 4
1967 183614 5141192 12302138 3
1968 105305 1053050 1895490 1
1969 58313 349878 3790345 5
1970 43095 689520 1853085 4
1971 166456 1498104 10986096 2
1972 153726 922356 1844712 5
1973 98945 593670 1781010 5
1974 185192 5555760 12963440 5
1975 65947 791364 4154661 5
1976 2767 33204 49806 5
1977 82272 1480896 2056800 1
1978 122070 1831050 3051750 1
1979 15932 31864 159320 4
1980 158120 316240 8064120 5
1981 187117 4490808 13285307 4
1982 29343 0 1379121 1
1983 74790 448740 2991600 5
1984 168484 1179388 8255716 5
1985 17896 250544 787424 2
1986 102443 1229316 6658795 3
1987 4434 133020 186228 5
1988 177753 1422024 8176638 4
1989 19103 229236 496678 4
1990 60903 1705284 3836889 1
1991 65122 781464 4037564 4
1992 161174 322348 967044 5
1993 137559 2751180 4814565 2
1994 74007 2220210 5402511 1
1995 83517 3340680 7600047 3
1996 68554 616986 2193728 4
1997 130310 260620 3909300 1
1998 192126 2305512 12872442 5
1999 187859 1878590 7514360 4
2000 76638 1149570 5517936 4
2001 22939 183512 1192828 1
2002 72082 576656 4469084 1
2003 180582 3250476 11015502 5
2004 58755 176265 528795 2
2005 129217 9303624 15764474 2
2006 1586 6344 61854 2
2007 31143 249144 342573 5
2008 81963 1639260 1967112 4
2009 119795 1197950 2036515 5
2010 64419 64419 3027693 2
2011 124961 2499220 8497348 4
2012 186149 7445960 13216579 3
2013 27745 221960 1442740 4
2014 72405 868860 3547845 1
2015 4079 24474 28553 3
2016 162996 5867856 13854660 3
2017 128571 1028568 1285710 1
2018 86687 433435 3467480 4
2019 177500 2130000 4437500 1
2020 1604 67368 139548 1
2021 194104 1941040 6405432 4
2022 57394 1147880 3271458 3
2023 98149 2061129 5888940 5
2024 26283 315396 1235301 5
2025 165760 1326080 8951040 4
2026 70820 141640 3965920 3
2027 107896 647376 1834232 4
2028 164013 984078 3280260 3
2029 63649 636490 2609609 5
2030 32074 481110 2341402 5
2031 30505 244040 1647270 5
2032 141930 9083520 11638260 5
2033 57801 1213821 2254239 1
2034 21451 85804 1308511 5
2035 147077 1764924 5147695 2
2036 43438 86876 347504 2
2037 87087 174174 2177175 4
2038 94215 0 2449590 2
2039 108506 0 217012 3
2040 157849 1262792 6156111 4
2041 156434 312868 8603870 2
2042 184640 2584960 10155200 2
2043 186813 0 7846146 5
2044 201800 4237800 13520600 2
2045 143044 858264 3003924 2
2046 194169 1553352 2135859 3
2047 158406 792030 4276962 5
2048 75986 607888 911832 3
2049 55403 0 1440478 2
2050 137437 137437 5909791 3
2051 6671 80052 433615 5
2052 177625 2131500 10302250 3
2053 45060 1577100 2433240 4
2054 48334 145002 2706704 3
2055 1170 24570 37440 2
2056 31821 318210 1686513 1
2057 203725 814900 1222350 4
2058 145139 580556 1306251 1
2059 116040 348120 3365160 1
2060 102953 3294496 4324026 2
2061 184822 2957152 6838414 1
2062 80535 80535 1288560 3
2063 60166 0 3489628 1
2064 9941 59646 89469 3
2065 172093 2065116 7399999 5
2066 112121 2690904 4821203 4
2067 62285 124570 1557125 3
2068 65346 784152 1241574 4
2069 23991 71973 1007622 3
2070 40001 200005 1720043 3
2071 198194 1585552 7333178 2
2072 72777 509439 3566073 4
2073 38813 232878 1707772 1
2074 124278 2485560 2982672 2
2075 47837 574044 813229 1
2076 75783 0 757830 5
2077 64522 258088 3613232 1
2078 61119 1100142 2872593 5
2079 168053 1008318 5377696 4
2080 19585 156680 235020 2
2081 44434 933114 1688492 2
2082 28853 173118 663619 3
2083 73682 884184 1694686 2
2084 134716 1212444 4715060 3
2085 35946 862704 898650 4
2086 86604 259812 3204348 5
2087 66730 1334600 3336500 2
2088 105200 2524800 4839200 2
2089 63433 1268660 4186578 1
2090 187005 4488120 10098270 1
2091 166023 3320460 7305012 4
2092 7496 89952 314832 4
2093 140711 1125688 5206307 2
2094 59983 239932 1139677 5
2095 47082 94164 1129968 5
2096 41399 496788 2318344 5
2097 144925 4347750 12608475 1
2098 106162 0 3821832 2
2099 55793 1171653 2789650 1
2100 115969 231938 2435349 3
2101 128803 644015 7856983 5
2102 143989 2159835 3887703 2
2103 181389 544167 8706672 2
2104 145050 4641600 12909450 4
2105 188308 564924 1129848 3
2106 13357 160284 881562 2
2107 129337 388011 6208176 3
2108 54375 652500 2881875 5
2109 134808 2156928 7953672 3
2110 128153 2306754 6151344 5
2111 195646 2934690 7434548 1
2112 141854 283708 5390452 2
2113 27476 247284 631948 4
2114 167213 2006556 10534419 3
2115 69649 835788 4527185 2
2116 81276 487656 3738696 5
2117 41502 622530 1037550 4
2118 81038 486228 2593216 3
2119 93183 931830 1863660 4
2120 111065 666390 3331950 3
2121 150445 4513350 4663795 4
2122 131835 2373030 7382760 1
2123 164020 1968240 8201000 3
2124 5507 110140 374476 1
2125 64080 448560 3716640 4
2126 124314 3107850 5718444 2
2127 83919 0 755271 5
2128 9340 74720 252180 1
2129 109007 2725175 6758434 5
2130 100836 3630096 3831768 2
2131 108770 1740320 4133260 3
2132 188794 943970 11894022 4
2133 30088 120352 1594664 3
2134 147510 1770120 10030680 4
2135 151556 3637344 6971576 2
2136 119673 837711 5026266 5
2137 98699 5329746 8784211 1
2138 157351 4720530 10542517 2
2139 37995 151980 607920 2
2140 185971 185971 9856463 1
2141 939 22536 76998 3
2142 117083 234166 6205399 5
2143 12636 63180 543348 1
2144 102524 1230288 1435336 4
2145 58966 530694 766558 2
2146 165210 3965040 10738650 4
2147 106553 106553 5007991 5
2148 114056 570280 6044968 4
2149 91061 637427 2367586 3
2150 135888 1358880 6114960 3
2151 8023 80230 104299 5
2152 122907 122907 2335233 5
2153 116663 1749945 8399736 1
2154 24781 99124 1362955 4
2155 31020 62040 1240800 1
2156 91405 3839010 5484300 1
2157 36577 512078 731540 3
2158 194372 583116 4859300 2
2159 69418 555344 4095662 2
2160 1808 50624 56048 3
2161 45862 1605170 3210340 3
2162 83766 0 502596 1
2163 129691 389073 2204747 5
2164 120467 1445604 7709888 5
2165 158592 951552 3489024 3
2166 100644 402576 1912236 2
2167 98407 590442 2755396 1
2168 193157 7726280 7919437 3
2169 64526 387156 451682 2
2170 88242 441210 1941324 1
2171 71955 575640 1007370 1
2172 165313 2314382 7108459 1
2173 128995 515980 6449750 2
2174 90169 811521 6041323 2
2175 106590 852720 3624060 3
2176 33572 201432 940016 2
2177 100949 1413286 1918031 2
2178 4329 103896 350649 4
2179 112283 673698 3031641 2
2180 105778 846224 4865788 5
2181 10761 64566 398157 3
2182 48503 582036 2861677 2
2183 109360 1640400 6561600 2
2184 177693 1776930 6041562 5
2185 37146 1300110 1968738 1
2186 6300 50400 283500 3
2187 46510 325570 883690 1
2188 185805 5574150 7432200 3
2189 130891 1047128 3141384 2
2190 152128 912768 4563840 2
2191 176192 1057152 10571520 3
2192 106977 1925586 3637218 1
2193 61836 1236720 2411604 2
2194 185730 742920 10958070 1
2195 152603 2136442 4578090 1
2196 21399 21399 534975 4
2197 4058 56812 162320 3
2198 27856 222848 1754928 5
2199 201905 3028575 11912395 1
2200 137224 3293376 11115144 4
2201 92747 1391205 4915591 5
2202 192686 770744 9056242 4
2203 9103 182060 573489 2
2204 158258 2532128 10445028 4
2205 145496 581984 6838312 5
2206 3235 38820 84110 1
2207 73443 293772 3084606 2
2208 115411 1384932 6578427 1
2209 147830 739150 2069620 3
2210 156969 2511504 4395132 4
2211 6689 93646 347828 5
2212 123691 247382 3339657 3
2213 11953 35859 406402 3
2214 139474 4184220 5160538 5
2215 78549 1178235 2042274 4
2216 41349 661584 2563638 3
2217 1174 4696 34046 3
2218 175707 878535 5271210 4
2219 16825 67300 555225 2
2220 51316 821056 2411852 3
2221 130409 2347362 6781268 2
2222 190685 2288220 12013155 4
2223 57278 572780 744614 3
2224 1738 27808 88638 3
2225 30206 211442 1298858 3
2226 186499 3916479 11376439 4
2227 48354 193416 2562762 5
2228 122954 737724 7377240 2
2229 10213 306390 878318 4
2230 80294 160588 2167938 5
2231 107278 2574672 3432896 5
2232 120486 3373608 6024300 4
2233 60352 905280 4043584 5
2234 20420 490080 1204780 4
2235 63555 381330 571995 3
2236 36571 292568 1097130 4
2237 43200 129600 2462400 2
2238 197828 2373936 10089228 2
2239 114318 2743632 9259758 1
2240 41175 0 988200 3
2241 25456 101824 280016 3
2242 87771 1843191 5705115 1
2243 152883 3057660 5503788 2
2244 204296 3677328 13892128 2
2245 35373 0 565968 3
2246 112261 2357481 6174355 5
2247 100676 2013520 2617576 1
2248 111079 1666185 5665029 1
2249 10097 20194 302910 4
2250 104148 729036 6561324 2
2251 81110 648880 5434370 1
2252 89310 357240 2857920 3
2253 60194 1203880 1745626 4
2254 16381 114667 393144 1
2255 175467 1052802 11229888 2
2256 30838 185028 1572738 5
2257 54502 327012 3215618 3
2258 192290 1922900 10768240 4
2259 54373 1304952 3208007 5
2260 165466 4136650 6287708 4
2261 38198 76396 1451524 2
2262 162786 1302288 1465074 2
2263 165544 1655440 8608288 5
2264 113986 1595804 7751048 5
2265 22063 706016 1500284 5
2266 2980 53640 134100 3
2267 180834 5425020 12115878 4
2268 142534 427602 5701360 4
2269 137166 274332 5623806 5
2270 83445 1001340 4923255 2
2271 82262 658096 1398454 1
2272 3921 31368 254865 5
2273 199836 1798524 10391472 2
2274 72008 144016 2016224 2
2275 105395 632370 6007515 3
2276 55780 111560 1840740 1
2277 166863 4004712 7675698 3
2278 95440 286320 4008480 4
2279 121605 243210 4864200 2
2280 149772 2396352 5841108 1
2281 141356 1696272 2544408 4
2282 173524 2429336 6246864 4
2283 148811 1785732 8631038 1
2284 27070 162420 730890 3
2285 60902 487216 2436080 3
2286 9812 68684 480788 4
2287 106039 212078 5620067 5
2288 157386 629544 6452826 4
2289 194387 0 6609158 4
2290 65375 2745750 3661000 5
2291 183937 3862677 13979212 5
2292 178015 178015 2492210 5
2293 43734 218670 1268286 5
2294 178385 3567700 11416640 2
2295 133379 800274 6668950 5
2296 181658 544974 10536164 3
2297 28588 914816 2572920 1
2298 145294 3487056 9008228 2
2299 93559 1496944 3181006 5
2300 26585 319020 345605 5
2301 69687 975618 3902472 4
2302 165345 3472245 12070185 1
2303 1165 8155 25630 5
2304 192924 4051404 14276376 1
2305 151354 1513540 2421664 1
2306 85012 680096 3995564 4
2307 199954 1599632 6198574 5
2308 29054 29054 1656078 3
2309 105583 211166 2533992 2
2310 199260 1195560 6575580 4
2311 204587 9820176 21072461 2
2312 53748 214992 3009888 4
2313 29112 0 1717608 2
2314 186767 2614738 10085418 2
2315 52296 1673472 4549752 2
2316 60743 546687 2490463 1
2317 6963 194964 577929 3
2318 187402 937010 9557502 5
2319 139668 698340 3352032 5
2320 53731 322386 2901474 5
2321 31412 125648 879536 1
2322 139483 3347592 5718803 3
2323 186363 0 9131787 2
2324 201768 403536 2421216 3
2325 71775 358875 4521825 3
2326 199495 199495 7780305 5
2327 27019 108076 999703 5
2328 96431 96431 4435826 2
2329 126 504 1512 1
2330 91880 551280 3307680 3
2331 22737 272844 795795 2
2332 40435 161740 2143055 4
2333 26389 316668 1820841 1
2334 204477 0 9814896 1
2335 41396 1241880 2566552 2
2336 81008 648064 1539152 4
2337 39833 637328 1633153 4
2338 167737 670948 9561009 3
2339 76712 2684920 5676688 4
2340 141364 5089104 5795924 3
2341 35261 493654 1622006 1
2342 127776 766656 6133248 5
2343 44543 1336290 2984381 1
2344 10500 210000 819000 4
2345 76658 2299740 4446164 3
2346 103407 1240884 2171547 2
2347 118761 1900176 4275396 4
2348 155820 1869840 6076980 3
2349 33081 827025 1654050 2
2350 108942 653652 2287782 2
2351 184862 1848620 6470170 2
2352 58365 3268440 5603040 5
2353 101004 2424096 3030120 4
2354 119359 596795 3222693 2
2355 152102 1368918 8821916 3
2356 96766 193532 290298 1
2357 121869 731214 3412332 3
2358 157881 789405 8209812 3
2359 156155 780775 8900835 3
2360 164143 4103575 8863722 5
2361 152365 1218920 4418585 3
2362 170786 1366288 6660654 4
2363 40850 735300 2042500 4
2364 85510 0 1368160 3
2365 60541 302705 1210820 5
2366 65014 780168 3250700 3
2367 31642 506272 917618 4
2368 55853 1675590 2904356 5
2369 163865 3277300 9831900 4
2370 50346 1057266 2567646 3
2371 78083 1952075 3279486 2
2372 114895 2757480 5055380 2
2373 148406 296812 6975082 5
2374 54878 1317072 3402436 1
2375 107719 430876 1938942 3
2376 162411 1299288 4709919 2
2377 178685 893425 3752385 1
2378 77318 463908 4561762 5
2379 12535 150420 438725 1
2380 70220 280880 1334180 5
2381 147417 0 1326753 5
2382 148574 2674332 8914440 5
2383 133529 3204696 5741747 2
2384 56918 1024524 3984260 2
2385 128069 0 2433311 5
2386 16684 100104 316996 1
2387 23596 566304 849456 1
2388 183182 4579550 6777734 4
2389 166067 5812345 10628288 4
2390 1622 25952 105430 3
2391 16464 49392 131712 3
2392 8879 71032 275249 1
2393 35712 428544 1607040 5
2394 180448 3248064 11007328 4
2395 158253 2215542 7912650 2
2396 55313 1770016 2378459 4
2397 109059 0 5234832 5
2398 39594 237564 2296452 3
2399 155125 3102500 10238250 4
2400 138737 2913477 4717058 2
2401 1430 34320 81510 1
2402 58701 2465442 4930884 1
2403 80777 484662 4685066 3
2404 88258 88258 4854190 5
2405 131870 1186830 7912200 2
2406 87155 1045860 3486200 5
2407 173469 0 6765291 5
2408 76651 4292456 6055429 3
2409 192091 384182 1920910 4
2410 109904 879232 4286256 5
2411 199175 398350 9361225 1
2412 43849 526188 2718638 2
2413 194937 4678488 10331661 5
2414 73239 2197170 4687296 5
2415 120450 2409000 4938450 2
2416 105951 847608 3920187 4
2417 102382 2457168 3480988 5
2418 103425 310275 723975 3
2419 193487 3869740 10254811 3
2420 109525 438100 3285750 4
2421 44432 533184 1555120 2
2422 186477 2610678 13612821 5
2423 167227 0 501681 2
2424 161637 646548 10021494 4
2425 44104 882080 2999072 4
2426 196603 6291296 6881105 2
2427 55514 1165794 3053270 5
2428 70350 703500 1266300 4
2429 80389 2572448 6350731 1
2430 159036 1590360 7792764 1
2431 80185 80185 2084810 3
2432 12264 147168 183960 3
2433 193631 1355417 11424229 3
2434 81438 1465884 4967718 1
2435 60678 1820340 4975596 5
2436 22474 224740 382058 2
2437 171538 2058456 8748438 4
2438 52741 2109640 4693949 5
2439 153450 613800 767250 4
2440 99185 1785330 5653545 4
2441 89263 0 5177254 4
2442 6374 223090 535416 5
2443 182019 5096532 8008836 1
2444 96575 193150 869175 1
2445 197464 1579712 6516312 3
2446 64202 898828 1155636 4
2447 85576 2995160 5648016 2
2448 105697 0 5390547 3
2449 53845 107690 2692250 4
2450 200245 1201470 12214945 4
2451 52509 630108 1102689 1
2452 73230 878760 2416590 3
2453 39219 117657 352971 2
2454 58060 3251360 6676900 1
2455 17956 107736 664372 3
2456 126006 3024144 6426306 1
2457 65667 985005 2758014 2
2458 104133 208266 4477719 5
2459 32726 490890 1439944 2
2460 195643 782572 11542937 5
2461 151691 0 758455 2
2462 180817 723268 11391471 4
2463 31934 766416 2235380 2
2464 71057 2131710 4405534 3
2465 59135 0 3311560 5
2466 124775 1871625 5240550 4
2467 180590 902950 7404190 2
2468 100284 2005680 3209088 4
2469 62909 2013088 3145450 2
2470 182544 7301760 7666848 4
2471 166597 1665970 2665552 1
2472 199273 6376736 15742567 5
2473 21456 171648 493488 1
2474 104719 1884942 5968983 4
2475 29945 359340 1257690 2
2476 113998 3647936 9575832 5
2477 117923 1179230 7075380 1
2478 160816 964896 4985296 3
2479 83934 755406 3525228 4
2480 30593 734232 1162534 3
2481 100034 500170 1100374 5
2482 154280 1388520 4936960 5
2483 51780 1242720 3469260 5
2484 41194 329552 1235820 4
2485 175331 2629965 8941881 1
2486 5782 185024 479906 1
2487 55536 2221440 4220736 5
2488 42880 428800 1243520 4
2489 7844 78440 345136 4
2490 81981 3935088 7050366 3
2491 51753 1552590 2432391 1
2492 75286 225858 2409152 5
2493 119900 239800 2877600 1
2494 7791 93492 319431 5
2495 91873 734984 826857 2
2496 124675 1745450 3615575 4
2497 40268 161072 2375812 5
2498 33261 399132 2062182 2
2499 119398 477592 4059532 5
2500 45715 1280020 3931490 1
2501 173711 347422 6427307 5
2502 83908 1510344 3104596 2
2503 152863 0 4738753 3
2504 87754 702032 4738716 2
2505 89941 359764 1528997 4
2506 24590 786880 909830 3
2507 82703 661624 1488654 5
2508 155081 775405 4497349 1
2509 190753 4768825 12589698 1
2510 109102 2618448 4145876 2
2511 169505 4237625 13899410 1
2512 156705 1880460 6424905 2
2513 59541 238164 2203017 1
2514 162958 5214656 6844236 1
2515 139969 1679628 9937799 1
2516 100587 1408218 6135807 3
2517 54986 769804 2034482 5
2518 72646 1162336 1670858 3
2519 184535 2583490 6643260 4
2520 137002 0 1918028 2
2521 156469 2347035 5789353 4
2522 143657 3447768 6751879 3
2523 157571 1575710 4569559 2
2524 170119 1531071 9356545 1
2525 57704 1384896 3808464 4
2526 180009 2160108 11880594 4
2527 184069 552207 4785794 5
2528 19247 38494 846868 4
2529 94537 472685 2268888 2
2530 62943 1510632 4468953 5
2531 100053 700371 4002120 2
2532 141058 3385392 10861466 3
2533 63128 2525120 5113368 1
2534 176988 2123856 10088316 3
2535 146264 1170112 3071544 1
2536 37413 74826 710847 3
2537 191856 5755680 16883328 2
2538 21798 305172 741132 3
2539 177492 6212220 9052092 3
2540 123607 494428 2842961 1
2541 140175 4906125 6448050 5
2542 170283 2043396 5108490 2
2543 3693 11079 132948 1
2544 109367 1640505 3062276 4
2545 113380 3628160 9410540 1
2546 182374 1094244 5835968 5
2547 55811 669732 3571904 5
2548 76142 0 2360402 5
2549 133703 5615526 11498458 1
2550 157582 472746 1260656 2
2551 155445 2798010 10103925 4
2552 198139 1188834 6538587 3
2553 145532 1309788 2037448 3
2554 25213 0 1462354 1
2555 98904 2373696 7615608 3
2556 66421 1062736 2391156 4
2557 11040 154560 452640 5
2558 67052 0 2145664 2
2559 144620 144620 1590820 1
2560 158631 317262 8248812 5
2561 163852 3440892 5898672 5
2562 142057 3409368 7671078 2
2563 173791 347582 7125431 3
2564 112678 1352136 1464814 2
2565 8694 104328 478170 5
2566 32693 392316 882711 4
2567 139463 1115704 2091945 4
2568 158884 0 2859912 4
2569 99493 795944 3780734 5
2570 137625 412875 6330750 5
2571 4210 101040 227340 5
2572 3459 20754 48426 2
2573 27685 442960 1937950 3
2574 24184 48368 1185016 5
2575 125367 2507340 7772754 4
2576 166770 1000620 7671420 2
2577 137021 0 2192336 4
2578 98123 588738 1668091 3
2579 126050 504200 3025200 1
2580 138047 2070705 4831645 1
2581 164907 6596280 15336351 1
2582 154703 1856436 4641090 5
2583 198707 6358624 7550866 4
2584 33275 199650 1796850 3
2585 206057 1236342 11333135 4
2586 166351 6986742 13973484 5
2587 64088 0 2819872 4
2588 45670 548040 1324430 4
2589 8447 101364 380115 2
2590 113425 1814800 7032350 4
2591 49597 247985 2033477 1
2592 80455 2574560 4425025 3
2593 27033 432528 1270551 4
2594 116545 349635 5477615 1
2595 78490 1412820 4002990 1
2596 21888 590976 1422720 3
2597 38571 925704 1041417 2
2598 171572 1372576 1887292 3
2599 181824 2727360 6545664 1
2600 167779 1174453 7382276 3
2601 32190 386280 901320 1
2602 124337 870359 8206242 4
2603 72558 870696 3627900 4
2604 180913 1447304 11940258 2
2605 163432 490296 7354440 3
2606 130428 3130272 7695252 1
2607 6601 0 72611 3
2608 184882 1479056 2773230 5
2609 146006 3504144 5402222 4
2610 200571 802284 8825124 1
2611 152905 0 7186535 1
2612 7284 29136 189384 1
2613 4120 37080 193640 1
2614 111348 445392 1892916 4
2615 186588 1119528 11568456 1
2616 82372 658976 5189436 5
2617 75916 1594236 5693700 1
2618 115607 3699424 9942202 3
2619 28180 225440 1803520 3
2620 199335 797340 5182710 1
2621 53108 212432 1805672 4
2622 161230 0 9028880 2
2623 29203 467248 1314135 2
2624 63047 378282 2900162 4
2625 180936 7237440 8142120 4
2626 63913 1917390 4090432 1
2627 167489 2009868 11724230 1
2628 14555 174660 189215 3
2629 102616 2873248 7593584 4
2630 33378 200268 1201608 4
2631 7497 29988 112455 3
2632 12595 201520 919435 3
2633 174755 6990200 11533830 2
2634 53982 863712 1781406 2
2635 95473 1336622 5632907 2
2636 45769 732304 1647684 5
2637 98484 3151488 6499944 2
2638 195044 6826540 14823344 4
2639 145597 4367910 10046193 4
2640 129280 3102720 9178880 5
2641 44564 1069536 2762968 2
2642 151148 1209184 8615436 3
2643 75109 300436 2478597 5
2644 50461 50461 1362447 3
2645 126950 3808500 10029050 5
2646 77552 697968 3877600 2
2647 160543 1926516 5458462 5
2648 93600 1123200 3744000 1
2649 50095 751425 3656935 2
2650 135040 3240960 4996480 4
2651 114017 456068 5472816 1
2652 112452 2024136 5060340 5
2653 138994 833964 2501892 4
2654 61344 184032 3557952 4
2655 189687 758748 6449358 2
2656 89199 0 3478761 2
2657 66525 665250 4457175 5
2658 148344 593376 3856944 3
2659 107315 536575 3863340 4
2660 40148 602220 2087696 1
2661 189319 1514552 5679570 4
2662 85035 170070 4251750 3
2663 175411 701644 3332809 4
2664 824 23072 68392 5
2665 113585 227170 4770570 4
2666 101602 812816 1422428 3
2667 69792 418752 3419808 1
2668 282 4230 8742 5
2669 119669 598345 718014 5
2670 123007 738042 3813217 4
2671 62531 1500744 4752356 1
2672 28716 229728 1119924 5
2673 48665 389320 1167960 2
2674 145643 5243148 7282150 1
2675 64683 129366 1681758 2
2676 188233 1882330 5082291 3
2677 154147 1541470 1849764 1
2678 176216 4934048 11982688 1
2679 116043 1392516 8123010 2
2680 181418 1632762 7075302 2
2681 8171 73539 294156 1
2682 66163 198489 4035943 2
2683 192595 1925950 13096460 2
2684 16742 200904 284614 5
2685 77302 77302 927624 4
2686 33352 66704 1567544 2
2687 165447 1489023 9926820 1
2688 153834 2153676 10922214 3
2689 553 8295 9954 2
2690 96239 866151 2021019 2
2691 56375 845625 3777125 1
2692 117511 470044 2585242 2
2693 25237 403792 1362798 1
2694 18852 131964 961452 4
2695 29260 0 848540 2
2696 182924 2560936 4756024 1
2697 6309 189270 416394 1
2698 29965 359580 1048775 3
2699 201410 1812690 5035250 3
2700 150438 1353942 1805256 4
2701 153315 459945 7819065 5
2702 136901 547604 3559426 5
2703 3291 78984 121767 5
2704 106365 1701840 5743710 1
2705 97106 1747908 5535042 2
2706 199514 3591252 10973270 2
2707 152843 611372 1069901 3
2708 100312 401248 702184 1
2709 106945 641670 5133360 3
2710 11962 334936 382784 2
2711 142247 1137976 5689880 4
2712 19159 306544 1226176 4
2713 71198 569584 3702296 4
2714 50678 253390 1723052 3
2715 12419 223542 546436 4
2716 2946 29460 111948 5
2717 38317 229902 344853 1
2718 72110 865320 1514310 1
2719 68038 1632912 2789558 1
2720 205902 3088530 12765924 4
2721 37212 372120 1376844 1
2722 83327 1666540 4582985 3
2723 182929 1463432 6036657 2
2724 172004 2064048 7912184 1
2725 41647 499764 1166116 2
2726 27363 492534 1696506 2
2727 162646 0 1789106 1
2728 188923 3022768 8312612 3
2729 103386 206772 3308352 1
2730 18289 731560 1389964 5
2731 20579 41158 349843 5
2732 154762 2785716 10678578 5
2733 137847 1240623 1929858 5
2734 107556 2581344 6776028 1
2735 130922 2618440 7986242 5
2736 188580 3017280 5657400 3
2737 119175 1430100 7150500 5
2738 147281 2061934 7069488 3
2739 8305 33220 348810 3
2740 32679 1143765 2254851 1
2741 20617 41234 742212 3
2742 81663 4573128 6614703 2
2743 113719 454876 1819504 4
2744 136225 681125 2724500 3
2745 151869 4859808 12301389 5
2746 40412 1414420 3071312 4
2747 43421 86842 130263 4
2748 172472 6036520 14315176 1
2749 122113 366339 7204667 1
2750 142136 1137088 3979808 4
2751 3489 52335 177939 3
2752 38018 152072 1710810 4
2753 163860 1966320 10650900 5
2754 42175 506100 2910075 2
2755 109874 2197480 5054204 4
2756 170327 5961445 16010738 1
2757 71669 1290042 4730154 4
2758 46247 0 2497338 3
2759 46119 138357 599547 3
2760 140702 0 3939656 4
2761 150095 4202660 7654845 1
2762 188066 2256792 6958442 1
2763 44752 358016 2506112 4
2764 150644 602576 9339928 1
2765 10089 20178 242136 2
2766 189552 947760 4359696 4
2767 92193 184386 5255001 1
2768 50210 2008400 3866170 3
2769 76419 1222704 3897369 5
2770 139274 0 4456768 1
2771 23171 347565 440249 5
2772 201949 2423388 10703297 4
2773 133229 266458 6528221 4
2774 38246 305968 2333006 4
2775 7654 137772 428624 4
2776 79016 1896384 3239656 2
2777 140630 2531340 7875280 3
2778 169951 679804 3229069 3
2779 139540 3348960 9349180 1
2780 69052 1726300 2278716 2
2781 104274 208548 2711124 1
2782 88244 529464 4588688 5
2783 99271 1191252 2183962 5
2784 109572 1314864 3177588 2
2785 99648 797184 4284864 2
2786 68472 547776 3834432 4
2787 119690 957520 5505740 4
2788 93023 465115 2697667 4
2789 70452 634068 1056780 4
2790 123577 617885 3583733 2
2791 201438 4028760 10071900 5
2792 115280 1729200 3573680 2
2793 147616 2214240 7823648 3
2794 20400 102000 632400 1
2795 132399 529596 3045177 3
2796 42572 383148 1788024 2
2797 159348 7648704 16890888 2
2798 83175 1330800 1580325 4
2799 189938 759752 8927086 3
2800 152487 457461 6099480 5
2801 40922 613830 1432270 2
2802 17335 277360 485380 3
2803 75220 1504400 4212320 5
2804 167013 1336104 6012468 3
2805 24581 516201 835754 3
2806 53515 1070300 4013625 2
2807 182 4368 11284 1
2808 43217 129651 1210076 4
2809 152990 1835880 5966610 2
2810 195931 391862 2743034 2
2811 15898 190776 524634 4
2812 124468 1244680 8588292 3
2813 42464 679424 1783488 4
2814 199711 3195376 8387862 2
2815 172437 0 3966051 3
2816 18913 453912 1380649 3
2817 141947 2129205 2838940 2
2818 178109 2671635 7836796 1
2819 99851 599106 4992550 1
2820 69025 2070750 2761000 3
2821 14922 0 44766 3
2822 58056 464448 1393344 5
2823 39132 1173960 2895768 1
2824 176206 2819296 9515124 1
2825 24001 360015 384016 5
2826 64885 1946550 5320570 1
2827 17758 319644 745836 2
2828 171903 1719030 9798471 5
2829 29879 896370 2360441 4
2830 45831 549972 1604085 2
2831 193675 5422900 14331950 3
2832 131007 1310070 2096112 1
2833 47260 378080 1086980 5
2834 49575 594900 1933425 5
2835 194730 1947300 7594470 5
2836 172772 2591580 5355932 1
2837 15510 108570 620400 3
2838 176599 7063960 13244925 3
2839 13969 335256 377163 3
2840 110556 1326672 6522804 1
2841 167366 502098 8368300 4
2842 48979 1371412 3428530 3
2843 140892 0 2536056 3
2844 126031 378093 7561860 3
2845 110641 3540512 9404485 2
2846 42322 338576 1819846 2
2847 62225 995600 1368950 4
2848 91517 1921857 4209782 3
2849 173242 519726 6409954 3
2850 64003 512024 1024048 3
2851 5130 10260 174420 2
2852 13040 13040 730240 3
2853 186659 1119954 12132835 2
2854 159995 159995 2399925 5
2855 45745 731920 1143625 2
2856 148661 4757152 6392423 2
2857 200475 4209975 10424700 5
2858 92036 276108 1104432 2
2859 175531 351062 4037213 5
2860 118 354 6490 2
2861 75374 753740 5200806 4
2862 112882 1354584 2709168 2
2863 186986 3739720 14584908 1
2864 7590 303600 728640 5
2865 49782 149346 2190408 4
2866 78054 2185512 5619888 1
2867 8990 71920 260710 1
2868 32897 131588 789528 3
2869 176060 4225440 14436920 1
2870 171603 4290075 5319693 5
2871 200052 1600416 12003120 3
2872 61090 305450 488720 4
2873 189881 4557144 14810718 5
2874 192206 3075296 11724566 5
2875 153015 3213315 5661555 2
2876 84059 1765239 3194242 2
2877 1611 64440 151434 3
2878 116505 1747575 6174765 5
2879 18898 283470 1322860 1
2880 46360 1483520 2457080 2
2881 21786 217860 1198230 5
2882 60162 541458 3970692 3
2883 107503 430012 3762605 5
2884 19559 117354 899714 4
2885 49400 296400 2420600 3
2886 182168 5465040 7833224 5
2887 137061 2055915 5345379 3
2888 123889 1486668 7681118 3
2889 49389 1481670 3753564 1
2890 158737 634948 4920847 1
2891 181328 2175936 5983824 4
2892 28103 224824 955502 3
2893 111355 445420 1558970 5
2894 37121 111363 890904 1
2895 123041 738246 2583861 3
2896 34428 344280 1686972 4
2897 29184 466944 1225728 1
2898 42592 1192576 2555520 5
2899 25019 150114 200152 4
2900 124552 622760 6103048 1
2901 24086 240860 1276558 1
2902 55358 276790 3487554 4
2903 68122 1089952 1362440 2
2904 92644 2964608 5558640 5
2905 169584 2035008 3391680 2
2906 143772 1437720 8051232 3
2907 62273 249092 1245460 3
2908 21624 454104 1210944 5
2909 183949 3311082 10485093 4
2910 69282 831384 2078460 3
2911 53555 481995 1071100 1
2912 148250 5337000 9191500 1
2913 75887 303548 2656045 2
2914 28703 57406 947199 4
2915 142487 3419688 11256473 2
2916 86643 433215 4505436 1
2917 98334 491670 4228362 1
2918 180357 7214280 12083919 2
2919 29007 348084 1537371 4
2920 58194 581940 1629432 2
2921 101207 1821726 5161557 3
2922 66211 66211 2449807 5
2923 60613 727356 3151876 5
2924 82464 1236960 2556384 5
2925 146987 3086727 7349350 2
2926 88189 0 440945 5
2927 120275 2164950 5412375 2
2928 90631 2900192 5800384 3
2929 123301 4932040 10973789 1
2930 148333 889998 1186664 1
2931 95093 1521488 2092046 4
2932 71756 0 2511460 2
2933 58848 0 2942400 1
2934 175969 703876 3343411 1
2935 62507 750084 1187633 4
2936 121365 1820475 4247775 5
2937 131544 789264 3551688 5
2938 158900 2542400 10328500 5
2939 100571 2011420 3620556 1
2940 155454 0 1243632 1
2941 23028 0 460560 2
2942 32864 690144 2004704 2
2943 120151 2403020 7209060 3
2944 27283 682075 1364150 5
2945 15495 542325 588810 1
2946 200579 1404053 9828371 4
2947 41299 1321568 3634312 3
2948 35143 105429 1265148 2
2949 192006 6144192 7872246 4
2950 179619 0 1616571 5
2951 5135 20540 261885 3
2952 102917 2161257 7204190 3
2953 134479 1075832 5782597 4
2954 109835 768845 3734390 2
2955 108056 1620840 4538352 2
2956 82599 1238985 3716955 2
2957 28108 281080 534052 1
2958 190052 4751300 8932444 5
2959 12007 48028 612357 5
2960 145473 6109866 12510678 2
2961 96080 2305920 3651040 1
2962 112500 1800000 3600000 1
2963 116732 3501960 4552548 1
2964 8239 131824 304843 4
2965 98094 0 5297076 2
2966 88311 1324665 4062306 4
2967 112459 4498360 9559015 2
2968 31991 191946 255928 4
2969 145843 291686 7146307 5
2970 100798 2015960 4737506 1
2971 133466 1868524 4003980 2
2972 23570 329980 353550 4
2973 197839 1187034 11870340 2
2974 72259 867108 3323914 4
2975 145029 5076015 8411682 1
2976 80845 161690 3880560 3
2977 157413 787065 8500302 3
2978 84709 2033016 2964815 5
2979 184424 368848 6270416 5
2980 95201 856809 1047211 2
2981 91070 2185680 6739180 1
2982 90735 1905435 5262630 2
2983 118684 712104 3323152 5
2984 8201 196824 631477 5
2985 199187 1195122 12947155 3
2986 180620 2167440 6502320 3
2987 186807 934035 2615298 5
2988 16692 534144 934752 5
2989 139752 838512 4611816 1
2990 125539 5272638 7783418 3
2991 143950 1439500 5758000 1
2992 63382 887348 4056448 4
2993 192892 3857840 12537980 5
2994 27767 583107 1027379 3
2995 79632 637056 4459392 3
2996 205663 822652 11928454 2
2997 24210 0 242100 5
2998 12126 109134 691182 3
2999 77134 1619814 5707916 3
3000 171489 1543401 2057868 4
3001 127447 1147023 1529364 2
3002 195320 1562560 9961320 2
3003 48810 780960 3123840 2
3004 79966 2239048 4558062 4
3005 8116 16232 365220 5
3006 3129 21903 90741 1
3007 127860 767160 1917900 1
3008 69296 831552 3603392 2
3009 201316 3221056 3422372 5
3010 119823 359469 1557699 2
3011 154229 1233832 9099511 4
3012 102127 1531905 3880826 2
3013 54102 1731264 2705100 5
3014 79783 319132 3271103 5
3015 161750 647000 8572750 1
3016 155317 5436095 9784971 4
3017 158047 474141 6954068 2
3018 131636 1184724 8556340 3
3019 185258 926290 3519902 1
3020 7711 77110 354706 2
3021 146197 4385910 8771820 2
3022 145313 0 871878 5
3023 129057 2710197 4775109 4
3024 109741 329223 2633784 3
3025 63277 1265540 3733343 2
3026 19615 196150 294225 2
3027 62235 871290 1369170 3
3028 114204 571020 5938608 5
3029 93286 746288 2518722 2
3030 113614 1817824 4430946 5
3031 134498 2689960 7935382 4
3032 135877 2445786 3125171 2
3033 146367 2195505 7464717 5
3034 125833 754998 4529988 5
3035 25534 153204 893690 3
3036 82909 497454 1326544 1
3037 149497 1046479 3139437 5
3038 87365 698920 1310475 4
3039 62202 622020 3296706 4
3040 109277 874216 5791681 4
3041 87818 2810176 7727984 3
3042 152218 304436 3501014 4
3043 203906 1631248 10603112 1
3044 43700 1529500 3889300 5
3045 155396 310792 776980 2
3046 102962 3603670 8545846 4
3047 155279 2329185 10403693 5
3048 107803 2156060 6360377 4
3049 61564 184692 2770380 3
3050 38748 1084944 2092392 1
3051 107961 431844 2914947 4
3052 134143 6438864 11804584 4
3053 27249 190743 790221 3
3054 140996 7895776 8036772 3
3055 192046 4609104 7297748 3
3056 83426 166852 1251390 3
3057 75408 452448 4373664 5
3058 98406 0 4428270 5
3059 80068 320272 1841564 2
3060 59230 947680 3376110 1
3061 88684 0 5143672 1
3062 38323 383230 1073044 1
3063 53102 2548896 2655100 2
3064 59266 474128 1600182 4
3065 10664 191952 351912 4
3066 30069 240552 1202760 1
3067 101286 101286 2025720 2
3068 66789 0 200367 4
3069 71921 1510341 4602944 5
3070 54116 1731712 4166932 1
3071 42870 514440 1457580 2
3072 99259 1786662 6451835 3
3073 204190 4900560 11434640 1
3074 36477 583632 2626344 5
3075 182097 5462910 15114051 3
3076 194163 388326 8737335 4
3077 82769 331076 4552295 2
3078 94492 377968 4346632 1
3079 174621 9778776 15017406 1
3080 17418 87090 1045080 5
3081 133684 6416832 9090512 3
3082 74589 596712 1268013 5
3083 47259 283554 2079396 5
3084 53876 377132 969768 3
3085 132226 4231232 4892362 3
3086 200791 8433222 13452997 4
3087 67338 1010070 3838266 5
3088 99658 199316 5580848 1
3089 161449 1291592 2260286 5
3090 146435 0 146435 4
3091 201803 1210818 10090150 2
3092 12711 38133 775371 2
3093 98396 787168 2263108 3
3094 155228 5432980 10400276 5
3095 63802 0 2233070 1
3096 190160 1711440 12740720 4
3097 67826 1085216 4069560 5
3098 19571 489275 1291686 3
3099 174883 4197192 9618565 4
3100 142822 2999262 9711896 3
3101 61631 924465 1664037 5
3102 108093 648558 4864185 3
3103 197920 791680 5937600 1
3104 61680 370080 3207360 1
3105 194776 3895520 10128352 3
3106 106149 424596 4776705 4
3107 137188 548752 3978452 1
3108 93545 2993440 4957885 2
3109 13610 81660 517180 5
3110 178254 3208572 7664922 1
3111 96567 1158804 2124474 1
3112 2042 40840 73512 4
3113 171374 1370992 11482058 1
3114 149932 4198096 10045444 3
3115 24365 146190 1510630 3
3116 13883 485905 1138406 2
3117 164604 1152228 3621288 4
3118 142371 2277936 3844017 4
3119 141621 424863 7081050 4
3120 48877 439893 2883743 4
3121 186393 745572 1118358 5
3122 6444 51552 77328 5
3123 122623 2452460 2942952 4
3124 32894 98682 526304 2
3125 25287 1062054 1618368 5
3126 50299 251495 1609568 2
3127 42436 339488 1357952 4
3128 94109 3011488 8281592 4
3129 37924 455088 644708 5
3130 76944 615552 923328 3
3131 179591 0 9159141 2
3132 83354 666832 1750434 3
3133 144852 289704 8546268 5
3134 5347 48123 299432 3
3135 16261 227654 1073226 1
3136 22449 718368 1616328 4
3137 162870 1954440 8143500 4
3138 71925 647325 3452400 5
3139 67340 673400 3703700 1
3140 149959 599836 7198032 3
3141 7404 66636 362796 3
3142 30203 362436 1721571 2
3143 188583 565749 6788988 5
3144 26467 423472 1773289 3
3145 11243 281075 865711 1
3146 136211 272422 1089688 4
3147 110040 2640960 5391960 2
3148 39907 1197210 1835722 1
3149 65622 1049952 2493636 2
3150 83434 2503020 3587662 1
3151 156176 2498816 10619968 3
3152 37601 75202 1015227 1
3153 72211 1733064 2310752 4
3154 79859 159718 2635347 1
3155 37926 341334 796446 4
3156 183729 734916 9370179 2
3157 142995 1000965 2573910 5
3158 21143 63429 782291 1
3159 193234 5797020 6183488 5
3160 10355 207100 807690 2
3161 206169 4329549 13400985 3
3162 98648 1183776 4241864 2
3163 136785 820710 6292110 4
3164 206314 9903072 15060922 1
3165 23163 138978 1366617 4
3166 130381 2607620 5606383 4
3167 149830 1198640 1648130 2
3168 125303 751818 4636211 1
3169 45338 0 1042774 5
3170 116154 348462 5343084 4
3171 104573 5019504 9934435 3
3172 206461 0 10529511 3
3173 191454 3063264 8615430 1
3174 89087 534522 5167046 4
3175 196778 4722672 6100118 4
3176 188092 2257104 7335588 4
3177 203697 2444364 10388547 5
3178 28135 844050 1350480 5
3179 43180 518160 690880 5
3180 132210 2115360 9519120 2
3181 160680 482040 3374280 5
3182 130861 261722 2093776 4
3183 116378 1163780 5935278 5
3184 164910 5277120 14841900 5
3185 46665 93330 1259955 1
3186 16135 258160 709940 5
3187 168925 506775 4392050 2
3188 11365 34095 147745 5
3189 48309 193236 1062798 5
3190 98665 2762620 5229245 3
3191 9495 0 66465 4
3192 183229 732916 1649061 4
3193 145728 5246208 12095424 5
3194 118266 354798 5558502 3
3195 39879 996975 2711772 5
3196 8777 105324 219425 4
3197 180011 720044 8460517 2
3198 127355 1528260 5985685 2
3199 91091 546546 2459457 5
3200 163219 816095 1142533 1
3201 198919 4972975 6763246 1
3202 193152 0 7726080 4
3203 74700 672300 1195200 2
3204 147685 4135180 6941195 4
3205 159989 1599890 4639681 3
3206 120188 721128 2403760 1
3207 167646 167646 10058760 5
3208 80019 640152 5201235 5
3209 28716 804048 1292220 3
3210 33137 397644 2120768 3
3211 57245 515205 2518780 2
3212 101700 406800 1830600 2
3213 30928 61856 742272 4
3214 195979 4703496 12934614 5
3215 118001 944008 6608056 2
3216 98836 593016 4941800 5
3217 200411 400822 3406987 4
3218 151183 302366 907098 1
3219 54997 824955 4014781 1
3220 1742 6968 64454 2
3221 190024 6840864 14251800 2
3222 96155 288465 5961610 5
3223 88148 1322220 5817768 2
3224 81378 81378 3417876 2
3225 33968 101904 373648 5
3226 187802 1126812 8826694 4
3227 100344 903096 1204128 3
3228 182090 2185080 10014950 5
3229 42678 640170 1749798 2
3230 151119 1360071 9067140 1
3231 79561 1432098 5728392 1
3232 51729 155187 465561 1
3233 145187 3048927 8130472 2
3234 123739 1856085 4083387 1
3235 34927 314343 2060693 3
3236 147193 294386 4710176 2
3237 20959 125754 251508 5
3238 128616 4501560 7459728 3
3239 23604 472080 1109388 1
3240 161881 323762 485643 1
3241 63852 510816 2490228 4
3242 191589 1341123 12453285 2
3243 105754 1903572 7931550 4
3244 3332 69972 89964 4
3245 62821 2512840 4460291 3
3246 73812 2583420 6126396 2
3247 70010 700100 1540220 4
3248 100910 2119110 5550050 4
3249 94549 2647372 7185724 4
3250 41603 998472 2454577 5
3251 193768 2906520 4456664 2
3252 109711 4388440 9325435 2
3253 99960 2099160 3798480 1
3254 30930 123720 1453710 3
3255 27040 567840 2000960 5
3256 20062 280868 641984 4
3257 197435 2369220 3356395 3
3258 43936 1581696 2196800 3
3259 146312 1755744 4243048 1
3260 36251 906275 2428817 1
3261 131580 8289540 13421160 5
3262 161341 5162912 7583027 5
3263 170433 2045196 7499052 3
3264 124639 498556 2866697 5
3265 184611 369222 10153605 4
3266 9800 78400 343000 2
3267 121355 970840 6431815 4
3268 145791 2186865 8310087 5
3269 117726 824082 4120410 2
3270 84312 1348992 5143032 3
3271 76459 229377 1987934 1
3272 92873 0 4457904 2
3273 149706 1497060 7335594 2
3274 58320 583200 2391120 3
3275 83581 0 501486 2
3276 148737 148737 892422 2
3277 115687 1388244 5900037 2
3278 52446 0 2202732 5
3279 36387 0 145548 1
3280 175420 701680 4736340 2
3281 98538 1379532 5813742 4
3282 195447 1368129 6449751 1
3283 186675 5600250 7467000 2
3284 59434 475472 3328304 3
3285 151994 2431904 2735892 1
3286 121362 1941792 4611756 2
3287 47475 664650 3323250 4
3288 93608 3744320 4305968 5
3289 31143 373716 934290 1
3290 198912 1591296 5768448 5
3291 81378 162756 3580632 1
3292 111671 0 1005039 1
3293 185256 2223072 5557680 1
3294 204092 612276 8163680 4
3295 59832 538488 1017144 2
3296 176415 1058490 1764150 2
3297 29141 699384 1019935 3
3298 180422 0 9201522 1
3299 141183 2964843 3953124 4
3300 22681 340215 1202093 4
3301 120630 965040 1447560 3
3302 51799 1294975 2330955 4
3303 142027 1704324 9373782 2
3304 177868 1067208 6225380 1
3305 33287 0 1398054 4
3306 190519 3429342 11431140 1
3307 28266 56532 1158906 2
3308 123065 3691950 4307275 5
3309 147423 1179384 9140226 2
3310 83759 251277 4690504 2
3311 189694 1517552 7587760 1
3312 194545 5447260 12450880 5
3313 152740 916440 8706180 3
3314 33087 794088 2283003 1
3315 54471 217884 3377202 2
3316 115455 2424555 6811845 2
3317 165172 4624816 10901352 5
3318 52142 625704 1824970 1
3319 181428 4354272 9797112 2
3320 132418 662090 1986270 4
3321 73969 887628 2071132 1
3322 108396 1300752 1625940 5
3323 79327 1269232 4442312 1
3324 88727 4968712 7098160 3
3325 203282 2032820 9757536 1
3326 11179 67074 357728 3
3327 30248 483968 1028432 3
3328 80795 1939080 6302010 2
3329 24394 121970 317122 4
3330 32209 128836 1062897 4
3331 61856 371136 2412384 2
3332 142030 1704360 5539170 4
3333 130551 4177632 11488488 1
3334 30233 846524 1058155 3
3335 166843 3003174 4671604 4
3336 71451 357255 857412 4
3337 131000 786000 1310000 2
3338 94437 755496 1227681 2
3339 159736 1277888 2236304 4
3340 136447 2728940 4366304 3
3341 128256 1282560 3591168 1
3342 200770 4015400 7227720 1
3343 38585 115755 1929250 4
3344 49368 1036728 2122824 3
3345 156351 1876212 8286603 1
3346 115925 463700 2202575 5
3347 167608 1005648 2346512 2
3348 60852 425964 3651120 2
3349 49506 495060 2871348 2
3350 22886 137316 526378 4
3351 190789 1907890 9921028 3
3352 43142 431420 647130 2
3353 90641 2266025 5801024 1
3354 165740 4972200 14419380 2
3355 165525 827625 6952050 4
3356 178655 4287720 5895615 2
3357 197800 791200 4945000 4
3358 122557 2451140 9559446 4
3359 24607 147642 935066 1
3360 190905 1145430 12027015 1
3361 26571 797130 903414 4
3362 64480 193440 2643680 5
3363 107165 214330 2571960 1
3364 119322 357966 1551186 2
3365 104359 2191539 4174360 2
3366 62410 499280 2496400 3
3367 77737 1166055 4353272 4
3368 25014 175098 600336 2
3369 127829 1533948 7286253 3
3370 150015 0 150015 2
3371 190834 6679190 17747562 4
3372 202153 8086120 19002382 4
3373 39935 359415 2356165 1
3374 82169 2300732 5340985 4
3375 3925 23550 160925 5
3376 114849 2756376 5512752 1
3377 148622 1486220 4607282 5
3378 29406 470496 588120 3
3379 90476 2714280 7238080 2
3380 36441 728820 1348317 2
3381 30865 462975 1111140 3
3382 172221 1033326 10677702 5
3383 27870 250830 808230 2
3384 24402 219618 585648 2
3385 191681 1916810 7475559 2
3386 95642 2008482 5642878 5
3387 112064 2017152 2465408 1
3388 108879 544395 2177580 2
3389 79228 554596 950736 5
3390 125175 375525 3379725 4
3391 54187 1517236 3305407 3
3392 154799 619196 7739950 1
3393 87462 1399392 6034878 4
3394 26005 26005 234045 4
3395 76388 0 2902744 5
3396 142191 2843820 8673651 4
3397 202527 1417689 4050540 2
3398 96033 1536528 4801650 4
3399 23344 233440 280128 4
3400 69090 2072700 3247230 5
3401 16408 131264 984480 5
3402 126811 1521732 4311574 3
3403 158606 0 2379090 1
3404 120500 1928000 5181500 2
3405 110300 992700 3970800 3
3406 51227 307362 1844172 3
3407 29905 179430 1285915 4
3408 187425 2623950 3373650 3
3409 8531 358302 639825 1
3410 68726 549808 1993054 5
3411 102749 1643984 3801713 3
3412 20691 103455 206910 4
3413 99100 1189200 3864900 1
3414 173963 695852 2435482 1
3415 60343 724116 3439551 2
3416 61881 495048 3094050 5
3417 20015 120090 1160870 2
3418 132895 5581590 5847380 4
3419 60361 1207220 2052274 4
3420 1372 19208 34300 3
3421 194944 1169664 4483712 4
3422 156070 936420 4682100 4
3423 86537 692296 4240313 5
3424 11676 350280 583800 5
3425 32997 791928 824925 2
3426 178137 4275288 8728713 5
3427 109527 657162 3723918 2
3428 203126 1625008 5078150 2
3429 127084 1016672 1652092 4
3430 110572 884576 4975740 3
3431 197886 2374632 2572518 2
3432 52681 474129 2159921 4
3433 89347 1072164 3752574 4
3434 44728 536736 2146944 2
3435 70165 1473465 1894455 4
3436 177886 4980808 12985678 2
3437 60974 182922 3353570 3
3438 111228 556140 6006312 3
3439 133430 400290 3736040 5
3440 161497 484491 5813892 1
3441 72279 1517859 5782320 1
3442 6179 0 364561 5
3443 659 9885 27019 5
3444 72984 583872 3649200 2
3445 69910 1118560 5103430 2
3446 93958 1127496 4603942 5
3447 75405 452430 2412960 4
3448 76178 1599738 1675916 4
3449 129376 388128 1681888 4
3450 31131 62262 1400895 2
3451 99965 199930 5098215 4
3452 12354 432390 1013028 5
3453 94962 759696 2089164 5
3454 194743 6231776 16747898 2
3455 164969 824845 1319752 4
3456 112414 337242 562070 5
3457 121804 2436080 8160868 5
3458 136493 1364930 2593367 1
3459 185792 928960 3530048 3
3460 69556 834672 2156236 5
3461 11418 68508 239778 3
3462 65991 989865 2837613 5
3463 39044 234264 2069332 4
3464 155134 2171876 9308040 4
3465 158674 7616352 14756682 4
3466 94900 949000 1233700 4
3467 17716 35432 283456 1
3468 146976 2645568 4850208 2
3469 6401 12802 390461 3
3470 55405 1662150 4044565 4
3471 137737 1652844 2479266 2
3472 93117 279351 3724680 2
3473 102627 0 2976183 5
3474 197196 788784 2563548 2
3475 111185 444740 6003990 5
3476 31726 0 95178 4
3477 149917 2248755 6596348 4
3478 105372 2107440 4847112 1
3479 192047 4032987 8065974 3
3480 44172 176688 2782836 5
3481 117807 1767105 7186227 5
3482 190820 1335740 8586900 1
3483 45729 228645 1234683 5
3484 53037 848592 2545776 4
3485 74270 1485400 4159120 1
3486 51931 103862 1869516 3
3487 6284 18852 69124 4
3488 183466 4403184 13759950 5
3489 92957 929570 5205592 2
3490 5976 23904 35856 4
3491 156677 3760248 11124067 3
3492 6045 24180 66495 4
3493 27541 578361 1294427 5
3494 30771 184626 1261611 4
3495 141333 706665 9045312 3
3496 162780 1465020 3581160 2
3497 27431 877792 1536136 1
3498 120114 720684 4564332 2
3499 15443 108101 138987 5
3500 44346 443460 1862532 4
