0001 153272 2758896 4751432 2
0002 110775 3877125 4209450 2
0003 103421 2585525 3516314 2
0004 31121 746904 1524929 2
0005 3942 31536 137970 1
0006 147057 1764684 9705762 1
0007 140374 1122992 5614960 5
0008 103810 1038100 1141910 3
0009 79138 791380 1266208 1
0010 139011 278022 4309341 2
0011 95981 1151772 3359335 1
0012 37519 450228 1313165 1
0013 18815 169335 395115 1
0014 52976 1112496 3231536 5
0015 149926 749630 6896596 2
0016 70143 210429 2525148 1
0017 104592 5020416 5647968 1
0018 149463 3138723 10014021 4
0019 55077 55077 1817541 5
0020 4523 45230 253288 4
0021 112954 1355448 6325424 2
0022 66205 0 2052355 4
0023 30928 556704 1422688 1
0024 105286 1474004 3579724 3
0025 112652 563260 1013868 1
0026 38971 467652 2299289 2
0027 51601 774015 2064040 5
0028 34834 0 209004 2
0029 5650 16950 163850 5
0030 111814 1341768 3578048 1
0031 86266 517596 2242916 3
0032 8967 286944 636657 3
0033 63254 759048 1328334 1
0034 123446 2962704 7777098 2
0035 20445 613350 1185810 3
0036 56975 1025550 3646400 1
0037 77833 3268986 4125149 3
0038 137885 4136550 5377515 4
0039 157053 2198742 9266127 5
0040 33978 1087296 1630944 4
0041 67833 2170656 4069980 2
0042 89596 1791920 2508688 1
0043 102445 2151345 5429585 3
0044 15174 60696 546264 2
0045 94557 378228 3214938 4
0046 127972 1279720 7678320 1
0047 148268 4448040 11416636 4
0048 74503 1341054 5289713 1
0049 40354 1977346 2259824 2
0050 94984 759872 3229456 5
0051 48700 584400 1509700 1
0052 59634 1490850 4472550 3
0053 26395 79185 1108590 2
0054 149790 1198320 2696220 1
0055 115886 0 1622404 1
0056 106992 427968 1283904 5
0057 158668 1586680 3014692 2
0058 4874 34118 253448 2
0059 38867 38867 1088276 2
0060 102528 717696 1127808 1
0061 134996 2429928 7424780 4
0062 74184 1854600 5712168 3
0063 105254 3368128 5999478 2
0064 32822 787728 2100608 3
0065 41523 830460 2200719 5
0066 68423 615807 1710575 4
0067 65002 650020 2925090 3
0068 12363 370890 1026129 4
0069 59056 118112 885840 5
0070 159157 636628 2705669 2
0071 70779 2264928 3397392 2
0072 122701 1104309 1595113 5
0073 54306 1357650 1955016 2
0074 14115 352875 522255 5
0075 1733 31194 76252 5
0076 86285 862850 4573105 1
0077 41601 582414 1996848 2
0078 155145 775725 6516090 4
0079 120625 0 723750 5
0080 144522 722610 2745918 5
0081 89137 89137 4456850 1
0082 78815 1103410 3389045 3
0083 86557 1038684 2769824 2
0084 130109 650545 7416213 5
0085 131097 524388 1179873 3
0086 91711 550266 4126995 3
0087 80310 803100 2328990 4
0088 18667 74668 336006 3
0089 130174 3124176 4946612 1
0090 46590 232950 2422680 2
0091 107516 6881024 10536568 5
0092 50393 201572 2519650 3
0093 5689 91024 199115 4
0094 66556 399336 732116 3
0095 68292 1092672 1434132 2
0096 53041 954738 1750353 1
0097 145702 2331232 7139398 5
0098 67827 678270 3391350 2
0099 100187 300561 3807106 3
0100 97163 291489 4760987 2
0101 121272 2910528 3880704 5
0102 24821 74463 1166587 2
0103 69970 699700 3568470 2
0104 3268 29412 78432 4
0105 53031 2545488 4984914 2
0106 46742 46742 747872 1
0107 31383 564894 721809 5
0108 141049 1692588 2397833 5
0109 52576 630912 1419552 4
0110 63443 0 3299036 3
0111 19844 119064 1091420 4
0112 152491 1219928 7929532 3
0113 95966 4318470 5182164 4
0114 102406 1228872 3276992 1
0115 104549 1045490 5227450 3
0116 104537 209074 1149907 4
0117 138224 691120 6081856 3
0118 132909 1196181 5183451 5
0119 35724 285792 857376 1
0120 113104 1809664 4297952 5
0121 578 2312 15606 5
0122 41116 616740 781204 2
0123 42482 254892 2166582 5
0124 26042 390630 963554 1
0125 134976 134976 3239424 1
0126 99373 198746 5068023 4
0127 49872 997440 2892576 1
0128 157473 2519568 6771339 4
0129 151665 454995 1213320 4
0130 70453 2113590 3522650 1
0131 125557 4017824 8035648 3
0132 159783 1118481 6710886 5
0133 105311 2106220 3896507 5
0134 124226 745356 3478328 4
0135 56066 1009188 2130508 5
0136 48355 0 1353940 1
0137 33191 1062112 2721662 4
0138 45283 362264 996226 1
0139 132787 0 2655740 3
0140 91018 1365270 5097008 4
0141 131651 263302 658255 1
0142 146084 1753008 2921680 5
0143 141820 4254600 11912880 5
0144 118851 356553 1069659 3
0145 25929 622296 1659456 2
0146 103562 932058 1242744 4
0147 22547 631316 1600837 1
0148 15312 214368 872784 5
0149 114648 0 1949016 3
0150 7531 15062 376550 5
0151 4419 0 88380 5
0152 105469 2636725 2847663 3
0153 161996 485988 4859880 1
0154 23870 668360 1909600 2
0155 126718 380154 6462618 3
0156 10612 318360 806512 3
0157 45946 367568 2435138 5
0158 14307 572280 1115946 2
0159 2136 25632 96120 2
0160 48707 876726 2337936 2
0161 127931 255862 895517 5
0162 132674 3316850 9154506 4
0163 113196 1018764 6112584 3
0164 26703 640872 1308447 2
0165 55136 661632 2756800 4
0166 117999 943992 2713977 3
0167 958 20118 60354 4
0168 161351 6454040 8228901 5
0169 20343 162744 1017150 3
0170 140029 2940609 9942059 4
0171 25551 306612 1481958 4
0172 22971 413478 1584999 1
0173 6024 60240 283128 5
0174 53730 1289520 4137210 2
0175 130438 652190 913066 3
0176 135464 948248 3522064 1
0177 127033 1524396 2032528 5
0178 16427 492810 1264879 2
0179 153822 461466 6614346 3
0180 130512 4567920 5481504 5
0181 73399 1174384 2568965 3
0182 107980 1079800 6586780 3
0183 17035 306630 323665 1
0184 101499 913491 5988441 2
0185 1094 3282 39384 2
0186 120373 601865 5898277 3
0187 64607 775284 2002817 4
0188 86339 863390 4748645 2
0189 919 11028 21137 3
0190 132303 2778363 5556726 5
0191 35297 705940 1694256 5
0192 67175 1679375 5239650 3
0193 128286 5388012 9364878 3
0194 97486 2339664 7603908 4
0195 15652 375648 579124 5
0196 86256 3450240 3709008 1
0197 89835 539010 2066205 3
0198 63476 317380 507808 1
0199 44742 805356 850098 4
0200 8266 132256 305842 2
0201 85965 171930 945615 4
0202 11706 105354 725772 4
0203 62341 498728 2992368 4
0204 17046 0 596610 1
0205 55472 166416 2163408 5
0206 65369 261476 2484022 5
0207 14263 71315 442153 2
0208 123801 742806 4828239 2
0209 51364 462276 821824 5
0210 95458 1145496 1622786 4
0211 161198 4513544 11767454 5
0212 132520 1325200 1855280 2
0213 29042 290420 1858688 3
0214 63085 567765 3406590 3
0215 66692 800304 3601368 1
0216 53450 1710400 1817300 5
0217 36833 1473320 2209980 2
0218 8878 106536 310730 4
0219 3135 56430 172425 2
0220 159745 1277960 4153370 1
0221 31362 125448 1505376 1
0222 27731 249579 942854 3
0223 28729 919328 976786 5
0224 3628 7256 76188 5
0225 68928 275712 413568 2
0226 23481 93924 399177 3
0227 126946 5331732 7743706 2
0228 158087 0 2213218 2
0229 13918 445376 793326 2
0230 35878 215268 1650388 1
0231 128736 257472 5406912 2
0232 22014 176112 1210770 3
0233 146625 1759500 6744750 2
0234 87161 522966 2614830 1
0235 71288 1425760 4348568 5
0236 64696 194088 2458448 2
0237 12742 0 445970 2
0238 127531 3825930 10074949 4
0239 151691 758455 3337202 5
0240 146742 1173936 8511036 2
0241 131244 1968660 2362392 5
0242 159096 3818304 8432088 2
0243 78564 1099896 4635276 2
0244 126486 252972 6577272 5
0245 14873 297460 1011364 4
0246 7531 90372 459391 2
0247 98622 986220 3057282 3
0248 127429 1911435 4205157 4
0249 81138 1947312 4868280 3
0250 134105 2145680 6571145 4
0251 39581 316648 356229 1
0252 2103 67296 134592 4
0253 114940 344820 4482660 1
0254 42012 1008288 1470420 5
0255 51557 1288925 2732521 3
0256 26332 157992 763628 1
0257 101149 2124129 7080430 1
0258 76925 230775 2384675 4
0259 111306 4674852 5342688 1
0260 143408 143408 2868160 4
0261 50413 403304 1764455 5
0262 148384 1780608 9348192 1
0263 22903 549672 572575 5
0264 46079 322553 1704923 2
0265 45755 274530 366040 5
0266 108795 0 3807825 2
0267 105889 0 4765005 5
0268 16141 225974 984601 1
0269 105963 741741 1907334 5
0270 126543 2530860 3922833 3
0271 14105 14105 465465 4
0272 123563 494252 5436772 4
0273 73356 586848 2200680 2
0274 104714 837712 2513136 3
0275 128866 1546392 5541238 5
0276 84388 421940 2869192 3
0277 97456 389824 5652448 3
0278 17149 85745 548768 2
0279 58645 234580 1055610 4
0280 23450 515900 1219400 3
0281 157841 1578410 10101824 5
0282 114494 2404374 4923242 5
0283 4417 35336 216433 3
0284 128780 2575600 2704380 5
0285 86081 1549458 2410268 1
0286 131548 0 6577400 5
0287 107616 7748352 9685440 5
0288 97215 1749870 3499740 4
0289 134373 134373 6584277 1
0290 61375 982000 1718500 3
0291 94512 94512 2740848 4
0292 38030 456360 2129680 1
0293 72867 0 2768946 4
0294 59186 236744 473488 2
0295 151470 2120580 4695570 4
0296 87939 175878 3077865 3
0297 57821 346926 1040778 5
0298 67990 203970 1495780 1
0299 30992 185952 1828528 3
0300 99331 794648 1489965 4
0301 4356 104544 270072 2
0302 43645 174580 1265705 1
0303 74297 297188 2748989 2
0304 112229 1795664 6284824 3
0305 115219 0 2189161 5
0306 85934 1804614 5757578 5
0307 108189 432756 4760316 3
0308 77159 385795 1466021 5
0309 80206 1122884 1363502 3
0310 132479 7418824 14572690 1
0311 106042 212084 2332924 5
0312 68522 822264 3494622 1
0313 156977 470931 6122103 2
0314 51434 1543020 3086040 4
0315 88243 529458 1323645 2
0316 20005 60015 180045 1
0317 123489 3457692 8026785 3
0318 81833 2291324 5155479 4
0319 26164 732592 1465184 2
0320 58046 870690 3598852 4
0321 101142 0 3641112 5
0322 84809 1017708 2798697 1
0323 118108 1771620 4369996 1
0324 62492 999872 4311948 1
0325 112241 2693784 3142748 2
0326 12701 38103 520741 4
0327 111565 1115650 5243555 1
0328 116265 465060 5580720 4
0329 5943 237720 457611 5
0330 157549 6617058 11028430 5
0331 50590 151770 708260 4
0332 110167 661002 2864342 5
0333 89813 0 1257382 3
0334 28280 707000 2121000 2
0335 134459 537836 5243901 1
0336 80086 480516 4644988 3
0337 151410 605640 3482430 3
0338 81554 244662 2365066 4
0339 40551 729918 1338183 5
0340 24320 97280 1264640 5
0341 10739 161085 225519 1
0342 45211 542532 1672807 2
0343 50879 203516 356153 1
0344 73056 438336 2630016 5
0345 38077 913848 1180387 4
0346 148229 1778748 4298641 5
0347 35851 143404 286808 4
0348 79936 1438848 5595520 2
0349 38537 385370 1580017 2
0350 136853 1094824 1642236 1
0351 64724 517792 2265340 1
0352 108924 2614176 5664048 5
0353 155237 310474 6830428 4
0354 157893 157893 4736790 3
0355 59865 0 1556490 3
0356 156228 624912 937368 3
0357 100150 500750 4907350 5
0358 7874 23622 440944 2
0359 72367 2315744 3835451 4
0360 139640 558560 5725240 4
0361 21837 262044 1419405 4
0362 142151 2132265 3553775 5
0363 2219 22190 90979 5
0364 131124 1835736 7080696 1
0365 101112 606672 3235584 4
0366 141142 2258272 5504538 4
0367 118912 4756480 10939904 2
0368 59452 237808 1307944 4
0369 83895 1510110 3020220 1
0370 125983 1007864 6551116 1
0371 153416 2761488 6596888 5
0372 100079 1601264 5704503 4
0373 57711 1442775 4328325 5
0374 129920 259840 4677120 5
0375 28444 341328 796432 2
0376 122988 3689640 9347088 3
0377 135450 2438100 5688900 4
0378 77186 308744 3164626 5
0379 43682 524184 1310460 2
0380 77717 1865208 2331510 3
0381 119120 1429440 5598640 4
0382 113161 452644 2263220 4
0383 144633 5062155 8533347 5
0384 100384 702688 5621504 2
0385 88120 3524800 4317880 4
0386 118657 118657 1423884 1
0387 99794 1995880 2295262 5
0388 82772 2317616 2565932 2
0389 15511 310220 775550 4
0390 36616 439392 2380040 1
0391 154801 1548010 8668856 4
0392 41466 207330 497592 3
0393 116293 2093274 7675338 2
0394 24315 0 194520 4
0395 74902 2621570 4569022 2
0396 87695 1753900 4998615 1
0397 78075 3123000 3279150 1
0398 8417 42085 235676 2
0399 70842 283368 3825468 2
0400 55703 334218 3175071 4
0401 100921 1211052 2422104 1
0402 146859 2643462 4993206 5
0403 53913 323478 2318259 5
0404 18403 0 73612 5
0405 139298 1950172 8636476 3
0406 126805 3423735 5325810 2
0407 22631 0 67893 2
0408 22931 137586 963102 4
0409 28350 340200 1530900 5
0410 49623 446607 893214 4
0411 69623 0 3272281 1
0412 140045 1680540 8962880 3
0413 99423 397692 3181536 3
0414 124716 1995456 5612220 5
0415 28550 285500 1541700 4
0416 51043 408344 3011537 3
0417 59434 356604 1842454 1
0418 16536 99216 694512 5
0419 73414 2055592 3670700 4
0420 56169 786366 3145464 1
0421 5800 40600 278400 3
0422 94778 2274672 2843340 3
0423 15577 218078 607503 3
0424 137150 822900 3017300 5
0425 28894 346728 1242442 4
0426 149093 596372 3578232 4
0427 119611 1794165 7057049 3
0428 16786 0 587510 3
0429 103298 0 1549470 1
0430 41853 125559 2385621 2
0431 31348 877744 1661444 3
0432 105236 420944 5682744 1
0433 147310 1178480 7218190 3
0434 93288 1119456 4850976 2
0435 85268 2046432 4263400 3
0436 27979 167874 391706 1
0437 159618 6384720 8140518 2
0438 89791 3232476 3681431 5
0439 99765 399060 5686605 2
0440 7277 174648 473005 1
0441 369 8856 27675 3
0442 3126 37512 46890 5
0443 56785 1362840 3634240 3
0444 44231 928851 3228863 3
0445 122336 978688 5138112 2
0446 52250 209000 783750 1
0447 78860 552020 4495020 5
0448 56642 1132840 1812544 3
0449 160671 2892078 6266169 2
0450 57611 460888 979387 4
0451 16746 33492 887538 5
0452 19487 409227 1130246 4
0453 76431 152862 1757913 5
0454 47596 95192 2379800 1
0455 72636 1016904 4358160 5
0456 55175 551750 882800 5
0457 88693 2128632 3015562 4
0458 49846 498460 3040606 5
0459 61460 1290660 4609500 3
0460 66222 198666 927108 5
0461 158514 3170280 6182046 4
0462 52113 625356 1198599 2
0463 40665 650640 1504605 1
0464 128495 5139800 11693045 2
0465 148392 2967840 9200304 4
0466 115582 693492 4392116 2
0467 23277 744864 1769052 4
0468 142103 1421030 3552575 5
0469 98254 2456350 7172542 1
0470 61887 247548 866418 3
0471 69165 691650 3250755 3
0472 28073 449168 1150993 2
0473 38678 38678 580170 2
0474 156185 937110 3904625 4
0475 2688 21504 77952 4
0476 102122 306366 4901856 1
0477 60319 482552 2834993 1
0478 33597 604746 1747044 2
0479 136297 2180752 5860771 1
0480 152743 3665832 5804234 3
0481 67332 0 2154624 3
0482 113977 911816 3419310 5
0483 36286 290288 580576 2
0484 20497 245964 1065844 2
0485 1914 30624 38280 1
0486 73539 367695 588312 1
0487 25984 207872 1221248 1
0488 156820 940920 8938740 4
0489 157329 3303909 7866450 5
0490 913 43824 65736 5
0491 138227 1658724 2626313 4
0492 139277 696385 5988911 3
0493 300 3600 17700 4
0494 86746 3469840 5118014 3
0495 60064 240256 480512 1
0496 126268 1515216 3788040 3
0497 137919 275838 3999651 4
0498 78803 394015 1497257 4
0499 57686 230744 1615208 1
0500 150270 2404320 2855130 3
0501 51549 1030980 2732097 2
0502 2991 95712 179460 2
0503 66201 0 2581839 5
0504 13932 83592 599076 3
0505 159799 2237186 8309548 4
0506 94165 188330 3389940 2
0507 138135 2900835 8702505 4
0508 107730 538650 5601960 3
0509 106106 848848 3501498 1
0510 98768 493840 1481520 2
0511 84021 672168 3024756 1
0512 47986 143958 1055692 2
0513 92079 1381185 1841580 3
0514 49051 784816 1324377 1
0515 96708 3384780 8510304 2
0516 20833 83332 520825 5
0517 109008 0 1635120 4
0518 51008 0 357056 2
0519 144189 0 2883780 3
0520 117290 1407480 3753280 4
0521 4212 101088 113724 4
0522 156327 3282867 9223293 5
0523 116333 1395996 6979980 2
0524 75591 377955 2570094 4
0525 29519 472304 531342 5
0526 130648 1045184 1959720 5
0527 119918 3357704 7434916 1
0528 42814 770652 813466 1
0529 113405 226810 2494910 3
0530 97078 2329872 6601304 4
0531 111639 446556 5916867 4
0532 15671 47013 219394 5
0533 13531 0 676550 4
0534 81921 1228815 3604524 2
0535 63786 765432 3635802 4
0536 42771 1796382 3763848 4
0537 120453 1204530 4095402 2
0538 160681 5141792 8355412 5
0539 102924 1543860 6175440 1
0540 115000 575000 3450000 3
0541 88169 2204225 2909577 1
0542 8172 523008 621072 4
0543 157251 943506 1415259 5
0544 7270 174480 356230 1
0545 65196 456372 1760292 3
0546 10814 346048 746166 2
0547 47090 94180 988890 2
0548 78231 391155 3598626 3
0549 61581 923715 3079050 2
0550 104020 2184420 6449240 2
0551 15540 279720 1103340 4
0552 101585 2133285 4876080 5
0553 4107 57498 147852 1
0554 111478 2341038 6800158 2
0555 99833 1597328 4292819 5
0556 87596 1226344 5430952 5
0557 37575 1202400 1991475 3
0558 13788 330912 910008 1
0559 66880 1203840 3611520 3
0560 108203 649218 6167571 5
0561 105432 2214072 4428144 4
0562 36017 180085 1476697 2
0563 41799 1003176 2591538 4
0564 8938 17876 151946 3
0565 122635 981080 2820605 4
0566 158043 5057376 9324537 3
0567 109724 2743100 8229300 2
0568 128563 2699823 6813839 1
0569 121961 1219610 3170986 1
0570 36637 219822 1612028 5
0571 30209 181254 1570868 1
0572 12039 288936 914964 3
0573 83774 418870 1591706 2
0574 156359 625436 6254360 2
0575 75296 301184 3313024 5
0576 156859 156859 5019488 5
0577 137043 2877903 4111290 4
0578 113532 454128 6130728 2
0579 137379 4121370 9067014 5
0580 143968 287936 431904 3
0581 33956 1086592 1222416 4
0582 67968 815616 1767168 2
0583 47318 851724 3170306 1
0584 145930 1459300 5545340 3
0585 87766 87766 2896278 2
0586 43668 1746720 2969424 4
0587 142134 1137072 7248834 3
0588 7658 76580 168476 2
0589 41615 208075 665840 2
0590 25818 103272 1419990 5
0591 37302 895248 1977006 5
0592 65712 1577088 2759904 4
0593 160732 3375372 11733436 1
0594 12240 195840 746640 2
0595 150856 5430816 9654784 5
0596 116759 583795 2218421 5
0597 69491 416946 3127095 5
0598 64026 256104 512208 2
0599 74340 1040760 2007180 5
0600 101042 2020840 5557310 2
0601 32774 131096 1671474 2
0602 93617 1497872 3463829 4
0603 114056 3649792 4106016 2
0604 112865 1015785 4176005 1
0605 120524 723144 3615720 5
0606 48750 390000 2193750 3
0607 12187 48748 60935 5
0608 61064 2198304 3785968 3
0609 53253 1917108 3993975 3
0610 151293 5446548 10590510 5
0611 31324 626480 2098708 4
0612 99402 2385648 3578472 2
0613 4580 0 201520 3
0614 90868 3271248 6905968 5
0615 122845 2211210 3193970 4
0616 29024 58048 1596320 3
0617 12948 414336 828672 2
0618 114199 228398 3996965 4
0619 36957 295656 813054 3
0620 143653 0 5458814 1
0621 36051 108153 1622295 4
0622 138583 831498 8176397 1
0623 30105 602100 782730 4
0624 117882 707292 6601392 2
0625 21765 87060 1022955 4
0626 69618 696180 3480900 1
0627 18655 130585 242515 3
0628 54960 219840 989280 5
0629 84122 0 84122 2
0630 1696 30528 98368 2
0631 5112 35784 148248 5
0632 143758 287516 3450192 1
0633 112314 673884 5503386 4
0634 20580 246960 514500 5
0635 154801 928806 7740050 5
0636 122633 858431 4537421 5
0637 93768 937680 2156664 3
0638 142872 4000416 11286888 1
0639 36765 441180 1875015 4
0640 130436 521744 7565288 2
0641 25377 761310 1979406 2
0642 26093 1252464 2661486 1
0643 33237 132948 1927746 2
0644 134656 1077248 4578304 1
0645 81769 981228 2207763 3
0646 123132 246264 738792 1
0647 71154 1494234 3486546 1
0648 3342 0 126996 2
0649 48726 0 243630 5
0650 139573 837438 4326763 2
0651 45152 2212448 4650656 4
0652 30869 1080415 2716472 3
0653 15411 184932 508563 4
0654 52099 625188 3386435 1
0655 27175 407625 461975 3
0656 148305 1779660 6970335 2
0657 152542 2440672 7474558 4
0658 77160 154320 308640 1
0659 86183 344732 4395333 1
0660 45918 367344 2249982 4
0661 100205 801640 1202460 3
0662 49306 394448 2711830 3
0663 11576 34728 231520 1
0664 71602 71602 3508498 4
0665 26084 260840 1486788 2
0666 158286 2532576 7597728 4
0667 135543 2033145 2304231 3
0668 46982 751712 1268514 3
0669 51612 1238688 2219316 4
0670 65748 262992 3221652 4
0671 56107 673284 2749243 2
0672 105471 421884 2531304 1
0673 56419 451352 1466894 2
0674 138827 2082405 7774312 1
0675 4272 42720 226416 3
0676 21432 85728 792984 5
0677 57509 690108 1610252 2
0678 20296 487104 527696 4
0679 159029 318058 6997276 1
0680 22768 182144 774112 1
0681 152833 0 4126491 1
0682 76051 3650448 6236182 2
0683 154122 770610 2620074 5
0684 147336 2652048 6335448 4
0685 96416 1735488 6459872 4
0686 157774 946644 1577740 4
0687 156580 3288180 4071080 3
0688 96323 385292 1830137 3
0689 125197 2003152 6510244 3
0690 119011 0 6426594 2
0691 18192 272880 491184 3
0692 110383 1103830 5408767 4
0693 152487 8539272 9911655 3
0694 50415 1008300 1915770 4
0695 150795 2412720 3015900 5
0696 81802 1636040 2290456 2
0697 136429 545716 955003 5
0698 75625 1512500 5066875 3
0699 106727 1067270 2027813 3
0700 50888 356216 2798840 1
0701 113102 4750284 7351630 5
0702 26499 105996 556479 4
0703 15424 123392 539840 5
0704 140193 140193 1401930 2
0705 124796 998368 4118268 5
0706 6230 174440 336420 1
0707 43724 349792 1049376 4
0708 19362 464688 793842 1
0709 33105 165525 1489725 1
0710 132250 1058000 2777250 1
0711 23325 699750 1609425 3
0712 143561 1435610 4163269 2
0713 21511 516264 1613325 3
0714 136925 821550 5066225 5
0715 112115 896920 6054210 1
0716 122256 978048 4767984 5
0717 140051 280102 1960714 1
0718 154476 154476 5870088 2
0719 78739 314956 2913343 3
0720 137661 4129830 5781762 2
0721 56444 677328 3499528 3
0722 81266 1137724 5201024 3
0723 149602 1496020 8228110 2
0724 75522 1208352 1888050 4
0725 140931 704655 2536758 1
0726 107040 1605600 5352000 4
0727 156350 938100 2032550 1
0728 73083 1315494 2630988 4
0729 79325 158650 555275 2
0730 71456 357280 2500960 1
0731 87385 699080 2534165 2
0732 122525 857675 5881200 4
0733 94829 1517264 2939699 3
0734 68590 274360 1303210 4
0735 87919 703352 1142947 1
0736 19016 57048 893752 2
0737 68235 0 2592930 2
0738 82376 2306528 3871672 3
0739 103562 3313984 6420844 1
0740 22265 44530 445300 5
0741 149717 1197736 8983020 5
0742 4041 0 125271 5
0743 112288 3930080 5614400 3
0744 28013 112052 1428663 1
0745 119094 5835606 8336580 2
0746 155967 311934 2027571 4
0747 60151 180453 2586493 2
0748 101164 404656 1112804 3
0749 27633 165798 1547448 1
0750 23592 424656 920088 1
0751 38190 1069320 1183890 2
0752 90722 1905162 2086606 4
0753 38308 612928 1340780 5
0754 151794 910764 4402026 1
0755 137090 2467620 9322120 1
0756 125928 755568 6296400 4
0757 4321 77778 125309 3
0758 89295 714360 3214620 3
0759 63273 1138914 3986199 5
0760 4587 22935 45870 3
0761 15403 123224 554508 1
0762 91942 367768 3034086 1
0763 16345 196140 621110 2
0764 70648 847776 4097584 4
0765 10923 174768 764610 3
0766 27558 330696 1212552 1
0767 154319 1388871 6327079 2
0768 55183 110366 1765856 5
0769 52941 423528 1270584 4
0770 44436 399924 844284 1
0771 58266 58266 233064 5
0772 19669 196690 1121133 1
0773 68303 273212 1024545 5
0774 91458 731664 3292488 2
0775 52236 417888 2455092 3
0776 96610 0 2801690 3
0777 103 1442 1751 4
0778 49783 497830 1792188 1
0779 65606 1049696 1968180 5
0780 78807 472842 1576140 3
0781 125624 2009984 6029952 3
0782 30078 1203120 1654290 2
0783 20301 243612 1238361 4
0784 89595 2508660 4838130 4
0785 146927 1175416 4848591 1
0786 64268 771216 1156824 1
0787 91310 1460960 5935150 4
0788 2063 18567 76331 2
0789 114076 798532 6616408 4
0790 35810 0 1324970 3
0791 127642 1531704 3701618 3
0792 88814 3108490 3730188 3
0793 53922 647064 3558852 1
0794 153031 0 8110643 1
0795 143360 8028160 8314880 3
0796 103734 1659744 3215754 4
0797 86744 2428832 4163712 1
0798 156769 627076 2508304 5
0799 24452 733560 904724 2
0800 126570 1139130 4303380 1
0801 58657 1055826 2639565 3
0802 126098 630490 3656842 5
0803 2975 44625 101150 3
0804 118569 474276 711414 2
0805 116174 464696 6621918 5
0806 142177 1137416 3980956 5
0807 83419 417095 834190 2
0808 8235 222345 576450 1
0809 124790 2994960 8111350 1
0810 7709 30836 38545 3
0811 67881 2715240 6245052 3
0812 152156 5477616 9585828 4
0813 39197 352773 1842259 3
0814 159020 0 1908240 5
0815 68515 411090 1301785 1
0816 48561 291366 2622294 4
0817 115837 1621718 3590947 1
0818 70182 2456370 2737098 4
0819 57696 1211616 2307840 2
0820 98110 588660 2158420 4
0821 130682 1045456 5619326 3
0822 18763 600416 825572 3
0823 13988 251784 363688 2
0824 59918 179754 539262 3
0825 47971 239855 1343188 4
0826 114839 2756136 3789687 2
0827 57358 516222 1147160 5
0828 125773 503092 6917515 5
0829 53220 638640 1490160 2
0830 139381 1951334 5157097 1
0831 75695 756950 4390310 1
0832 118315 946520 3904395 4
0833 133881 3213144 9505551 5
0834 50464 605568 2069024 3
0835 66638 1599312 3398538 5
0836 151848 0 1822176 1
0837 51726 1034520 3775998 4
0838 159146 3819504 8116446 1
0839 90325 180650 3161375 5
0840 113705 795935 6481185 2
0841 151600 2425600 3335200 4
0842 115870 4634800 5098280 1
0843 33928 712488 1730328 3
0844 113760 2047680 2388960 5
0845 84486 1013832 5407104 5
0846 139068 7509672 8900352 4
0847 158414 1425726 5861318 3
0848 59910 239640 1198200 1
0849 158064 1896768 6322560 4
0850 38166 457992 1641138 3
0851 7702 92424 231060 4
0852 79001 632008 2370030 3
0853 108814 761698 4134932 2
0854 16478 461384 543774 2
0855 100903 1412642 6558695 5
0856 49438 791008 1631454 3
0857 128050 5378100 11140350 4
0858 44161 1324830 1368991 1
0859 135543 542172 4879548 4
0860 159650 1277200 4789500 4
0861 148520 1485200 3267440 1
0862 123811 495244 1857165 5
0863 81286 1219290 4145586 2
0864 152616 610464 6867720 2
0865 85113 2383164 4510989 1
0866 125773 0 4276282 1
0867 14780 147800 295600 2
0868 125175 1877625 7385325 5
0869 122797 245594 368391 1
0870 16498 329960 412450 4
0871 16648 33296 366256 4
0872 121993 4269755 5367692 3
0873 118870 237740 1783050 3
0874 124618 872326 3863158 1
0875 88884 1333260 2133216 5
0876 161822 1941864 5340126 2
0877 38981 935544 2767651 1
0878 55073 1927555 2808723 2
0879 132671 5306840 8756286 5
0880 6332 18996 196292 5
0881 33263 199578 1563361 5
0882 131342 1050736 4990996 2
0883 95172 2284128 5805492 3
0884 55153 3088568 4191628 2
0885 25728 102912 334464 1
0886 113363 0 4534520 1
0887 4115 164600 172830 5
0888 97746 2932380 4300824 1
0889 118962 4996404 9397998 2
0890 16393 245895 836043 1
0891 32332 905296 1551936 3
0892 136847 2463246 3147481 1
0893 129622 518488 5962612 4
0894 96877 968770 1065647 5
0895 134064 670320 6569136 3
0896 88363 530178 2032349 1
0897 5896 29480 300696 3
0898 71304 1497384 4563456 2
0899 93195 0 2423070 1
0900 5861 93776 275467 3
0901 152088 1825056 5170992 3
0902 42134 0 926948 1
0903 94912 1993152 4460864 1
0904 146784 1174272 5137440 2
0905 49606 248030 446454 1
0906 158381 633524 9027717 5
0907 77902 155804 1791746 5
0908 101830 4887840 9164700 5
0909 152532 1525320 3355704 1
0910 118986 3331608 5592342 5
0911 110174 3084872 4957830 4
0912 148118 0 7109664 4
0913 98753 1382542 2567578 4
0914 145329 4069212 5958489 2
0915 48330 289980 2319840 1
0916 156153 1405377 5777661 2
0917 135563 1084504 1491193 1
0918 98556 1971120 2661012 2
0919 34586 69172 242102 4
0920 60145 1443480 2465945 1
0921 133297 1066376 5998365 1
0922 53098 2123920 4141644 2
0923 49554 1189296 2081268 2
0924 144531 4624992 7804674 1
0925 98161 0 4613567 1
0926 105977 0 3815172 3
0927 120942 0 3507318 1
0928 73083 1753992 3507984 5
0929 15386 46158 276948 4
0930 21256 510144 1339128 2
0931 52807 0 1056140 2
0932 47542 998382 2995146 1
0933 45602 410418 1140050 5
0934 60140 902100 2165040 4
0935 140166 840996 3644316 2
0936 29028 1015980 1915848 4
0937 120524 964192 3374672 5
0938 53975 431800 647700 2
0939 109273 5354377 6556380 3
0940 34490 620820 2448790 1
0941 36411 655398 1237974 4
0942 88766 1775320 1864086 1
0943 119907 959256 5995350 3
0944 162 486 2268 5
0945 726 15246 31218 2
0946 152504 610016 8387720 2
0947 110261 2646264 3197569 2
0948 44219 221095 663285 3
0949 159583 2393745 6064154 3
0950 79379 952548 2381370 5
0951 130511 261022 5611973 2
0952 76097 1598037 2435104 2
0953 71177 142354 2135310 5
0954 135059 0 1485649 4
0955 104390 1670240 5010720 3
0956 112626 901008 4955544 5
0957 1899 7596 79758 2
0958 116130 580650 1509690 2
0959 30837 185022 246696 3
0960 64431 1159758 3157119 3
0961 92564 740512 1851280 5
0962 53993 107986 1187846 4
0963 51886 1089606 1504694 1
0964 48709 146127 2289323 4
0965 6138 24552 92070 2
0966 130394 0 1434334 4
0967 143794 4313820 7621082 5
0968 83375 416875 1500750 2
0969 108527 1627905 4666661 5
0970 54779 438232 2793729 2
0971 107300 429200 1716800 3
0972 116623 1749345 6181019 4
0973 69853 488971 2165443 5
0974 110872 1552208 3104416 3
0975 29913 89739 1645215 4
0976 152279 1827348 9898135 3
0977 59290 889350 1363670 1
0978 144460 433380 6067320 2
0979 135424 1354240 3656448 3
0980 50448 201792 2673744 2
0981 58815 352890 2823120 5
0982 19156 191560 555524 5
0983 7663 153260 383150 3
0984 6811 102165 190708 2
0985 101884 1630144 3260288 1
0986 25594 460692 639850 2
0987 62670 752040 1942770 2
0988 99935 599610 5196620 4
0989 55460 499140 1275580 3
0990 45852 412668 733632 1
0991 42812 0 941864 1
0992 109656 2193120 4276584 4
0993 120 600 5640 4
0994 35024 1120768 2311584 4
0995 116362 1396344 4770842 3
0996 55403 443224 2493135 1
0997 55362 332172 719706 4
0998 146403 2049642 2928060 1
0999 1703 20436 39169 4
1000 50356 604272 1158188 3
1001 24901 871535 2041882 5
1002 1289 36092 104409 1
1003 48909 733635 2592177 2
1004 41929 335432 922438 5
1005 48742 194968 1413518 5
1006 118930 475720 4162550 3
1007 98735 1184820 4245605 1
1008 51500 103000 1751000 4
1009 93885 2253240 5914755 2
1010 1685 26960 55605 1
1011 92653 1389795 3613467 3
1012 39162 352458 1918938 1
1013 129915 259830 2468385 3
1014 30957 742968 2012205 2
1015 11348 90784 624140 2
1016 632 9480 14536 4
1017 9576 95760 450072 5
1018 40648 325184 1625920 4
1019 112814 1579396 3045978 2
1020 17903 71612 895150 4
1021 68534 1096544 2741360 1
1022 93652 561912 1404780 5
1023 107193 1607895 4502106 2
1024 153743 3228603 4458547 3
1025 131053 0 4586855 2
1026 146456 1757472 2489752 2
1027 148567 1485670 1931371 4
1028 52215 2088600 3185115 1
1029 4360 52320 270320 4
1030 53011 318066 477099 2
1031 73023 292092 1387437 3
1032 73282 146564 2638152 1
1033 124920 499680 6995520 3
1034 57369 344214 3270033 4
1035 116723 2801352 7120103 4
1036 50444 453996 1765540 5
1037 5667 68004 170010 4
1038 47813 191252 2295024 5
1039 25601 512020 1587262 3
1040 40154 843234 1365236 3
1041 33805 202830 878930 1
1042 44697 89394 759849 3
1043 5530 99540 171430 1
1044 91357 274071 1918497 5
1045 146620 2345920 3812120 2
1046 39988 599820 1119664 2
1047 122829 2210922 6878424 2
1048 31106 622120 995392 2
1049 94846 94846 4837146 4
1050 130125 5205000 8588250 4
1051 134042 3217008 4021260 4
1052 11579 92632 393686 4
1053 114756 573780 1836096 4
1054 14160 127440 807120 3
1055 141478 1697736 8771636 5
1056 82702 744318 3969696 2
1057 86031 602217 4473612 4
1058 129958 779748 4288614 5
1059 31737 253896 1872483 1
1060 45631 730096 1414561 3
1061 77100 385500 1696200 3
1062 21134 211340 528350 2
1063 160493 2888874 4012325 1
1064 80485 3380370 6599770 5
1065 105581 211162 2217201 3
1066 117015 1404180 4095525 4
1067 153592 2764656 3686208 1
1068 142237 0 5689480 4
1069 80678 1290848 2420340 2
1070 63183 1516392 1579575 2
1071 109417 875336 2954259 1
1072 61626 1294146 3327804 4
1073 158848 1270784 5877376 2
1074 9666 48330 183654 4
1075 78501 2512032 5259567 2
1076 109477 437908 547385 5
1077 14060 70300 393680 3
1078 108104 1297248 2702600 2
1079 57469 229876 2930919 1
1080 146771 587084 6311153 3
1081 55410 554100 3269190 3
1082 156391 938346 3753384 3
1083 62070 434490 3786270 3
1084 75099 901188 2478267 2
1085 40743 244458 1222290 5
1086 137943 2896803 4690062 1
1087 144272 3029712 10387584 3
1088 83523 1336368 2839782 5
1089 119248 2146464 3219696 5
1090 66844 601596 1203192 4
1091 120497 843479 4217395 1
1092 79433 1668093 1826959 4
1093 138216 138216 7601880 2
1094 62399 124798 1809571 3
1095 55395 2326590 4653180 5
1096 14082 98574 281640 1
1097 9196 45980 367840 1
1098 129752 1946280 8823136 1
1099 1383 8298 35958 4
1100 53856 323136 1669536 1
1101 41027 574378 2174431 5
1102 17075 102450 443950 5
1103 7180 114880 172320 1
1104 50756 1015120 3603676 1
1105 160163 5765868 12492714 2
1106 127590 382770 765540 1
1107 30394 121576 364728 1
1108 19475 701100 1051650 1
1109 27723 83169 582183 2
1110 57309 573090 2521596 4
1111 70746 707460 3395808 2
1112 111888 2685312 7160832 5
1113 138792 416376 6523224 3
1114 27693 387702 1689273 3
1115 153962 2463392 2925278 5
1116 74358 1338444 5056344 3
1117 111512 5464088 6913744 1
1118 10978 164670 680636 3
1119 32455 292095 324550 2
1120 39640 1902720 3488320 1
1121 149167 4176676 6414181 2
1122 88107 792963 1762140 5
1123 501 2004 21042 4
1124 5995 29975 167860 1
1125 93828 1125936 2533356 2
1126 2034 10170 69156 1
1127 37053 778113 1037484 2
1128 72746 436476 4292014 2
1129 114549 1145490 5612901 5
1130 151677 758385 5157018 3
1131 146528 1025696 3663200 3
1132 31511 787775 2237281 1
1133 135437 3250488 4469421 4
1134 125433 1505196 5268186 5
1135 86421 1555578 5358102 2
1136 125508 502032 6777432 5
1137 142855 2999955 6285620 5
1138 86320 1208480 4316000 5
1139 154881 4336668 5420835 5
1140 159642 2554272 5268186 5
1141 92175 829575 2120025 2
1142 77314 231942 3015246 3
1143 141437 565748 8061909 3
1144 53181 319086 1063620 5
1145 97801 1369214 3716438 2
1146 86758 1301370 2342466 4
1147 18413 441912 1252084 3
1148 1565 12520 23475 2
1149 100596 5633376 10361388 2
1150 47735 477350 2052605 5
1151 53674 858784 1019806 1
1152 88437 353748 3891228 3
1153 17034 613224 1073142 1
1154 84208 1768368 3536736 2
1155 153029 3672696 7651450 5
1156 154311 462933 4937952 3
1157 44088 617232 1014024 5
1158 30239 544302 1905057 2
1159 53477 641724 748678 1
1160 159099 2227386 6363960 3
1161 117356 469424 1056204 1
1162 122001 732006 1220010 3
1163 79619 557333 2945903 3
1164 45582 1823280 2598174 1
1165 95061 1140732 5323416 2
1166 27294 81882 900702 2
1167 118323 2839752 8164287 1
1168 50851 305106 864467 4
1169 46228 462280 1941576 4
1170 33768 67536 979272 4
1171 159603 957618 4309281 1
1172 118669 0 5340105 3
1173 57041 1368984 1768271 4
1174 154842 3251682 5883996 1
1175 33015 165075 1419645 1
1176 148896 3573504 8635968 3
1177 106557 3196710 7139319 1
1178 155770 311540 623080 3
1179 86113 1205582 1463921 2
1180 149700 598800 3293400 5
1181 147462 1474620 8552796 1
1182 36330 108990 1235220 2
1183 27642 193494 995112 5
1184 53897 1077940 1509116 2
1185 128941 1934115 5931286 4
1186 24508 784256 1053844 5
1187 103262 413048 2168502 2
1188 29545 354540 1240890 4
1189 2420 96800 135520 3
1190 27534 413010 963690 5
1191 37834 681012 1702530 1
1192 77856 0 1323552 5
1193 150011 600044 7950583 1
1194 160513 481539 7383598 5
1195 73013 1314234 4745845 2
1196 51018 408144 2550900 1
1197 113287 113287 906296 3
1198 69691 2230112 3554241 2
1199 139686 2793720 9358962 3
1200 149966 9597824 12147246 1
1201 23914 573936 1745722 5
1202 11998 83986 299950 2
1203 1482 2964 51870 3
1204 14483 217245 926912 4
1205 149253 2985060 8507421 3
1206 68797 825564 2614286 2
1207 35571 142284 284568 4
1208 6925 13850 117725 4
1209 96599 1352386 4443554 4
1210 39913 239478 1835998 2
1211 6145 98320 356410 2
1212 49657 893826 1440053 2
1213 20285 243420 365130 2
1214 21319 511656 1492330 2
1215 23728 284736 1352496 4
1216 41481 248886 2405898 1
1217 22503 270036 855114 3
1218 157372 2360580 5822764 3
1219 91084 1457344 2277100 4
1220 42169 1012056 1771098 3
1221 56324 1013832 2759876 3
1222 27569 413535 1130329 1
1223 139272 5570880 10584672 1
1224 89077 1336155 4008465 5
1225 77032 2696120 6855848 5
1226 35338 565408 1272168 2
1227 156219 2187066 9216921 3
1228 146578 2345248 7035744 3
1229 140993 1691916 8318587 3
1230 107821 4312840 6037976 5
1231 22184 133104 377128 1
1232 15316 490112 842380 5
1233 99933 1998660 2598258 5
1234 96610 96610 193220 3
1235 110457 662742 773199 3
1236 83065 0 747585 1
1237 137868 3860304 8409948 5
1238 53400 213600 2403000 4
1239 49357 296142 2566564 5
1240 13583 162996 719899 5
1241 28330 339960 1813120 2
1242 101109 909981 5459886 4
1243 113798 1820768 2389758 5
1244 139042 139042 5561680 1
1245 5420 81300 124660 4
1246 46194 739104 2910222 2
1247 45807 183228 2061315 5
1248 80361 723249 4741299 1
1249 91208 3192280 4560400 5
1250 121068 242136 1816020 2
1251 2607 13035 80817 3
1252 89637 2868384 6364227 4
1253 94204 0 471020 4
1254 29035 0 145175 3
1255 47504 665056 760064 3
1256 92183 2949856 3687320 2
1257 137193 2195088 3841404 2
1258 91583 91583 2472741 1
1259 147313 883878 3977451 4
1260 65946 1187028 1384866 3
1261 17679 88395 335901 4
1262 148604 1188832 7727408 3
1263 160819 1286552 5628665 5
1264 9952 208992 248800 2
1265 84102 168204 2775366 1
1266 147020 4116560 9997360 3
1267 40585 730530 1785740 3
1268 57676 922816 1903308 2
1269 155173 2482768 7448304 5
1270 101144 303432 1921736 5
1271 63572 1017152 3687176 3
1272 59307 1660596 3024657 1
1273 129775 778650 1038200 4
1274 59642 1789260 2982100 5
1275 134055 536220 3217320 1
1276 155478 3731472 4508862 4
1277 129764 519056 3244100 5
1278 41418 124254 414180 2
1279 43103 387927 2025841 5
1280 24570 737100 1965600 4
1281 18585 18585 576135 3
1282 45133 1083192 2392049 5
1283 86684 3033940 5894512 1
1284 126674 0 126674 1
1285 63055 441385 2143870 2
1286 125131 1876965 7007336 1
1287 59352 712224 3739176 4
1288 18033 216396 631155 3
1289 79449 2542368 3972450 1
1290 24497 391952 587928 3
1291 38507 808647 2733997 4
1292 147505 3097605 10030340 1
1293 55082 110164 330492 5
1294 125133 5255586 10636305 1
1295 42686 256116 2518474 2
1296 98814 988140 5533584 3
1297 84951 679608 5097060 3
1298 115608 2427768 8323776 2
1299 57524 345144 2933724 5
1300 50355 352485 805680 2
1301 30751 92253 584269 4
1302 18005 90025 306085 5
1303 33234 0 764382 5
1304 73511 588088 4484171 1
1305 27267 654408 790743 4
1306 17070 256050 341400 4
1307 17148 17148 205776 5
1308 52088 1823080 4531656 5
1309 10288 216048 586416 3
1310 72476 434856 1159616 4
1311 45583 0 957243 2
1312 82694 2646208 5788580 1
1313 12389 49556 74334 3
1314 30544 977408 1466112 1
1315 38829 1242528 1902621 4
1316 14122 282440 296562 4
1317 3481 27848 31329 5
1318 62331 62331 997296 1
1319 91437 1280118 2925984 2
1320 132830 1992450 6641500 1
1321 41225 206125 1772675 4
1322 48200 0 1205000 2
1323 158475 1584750 8082225 3
1324 32278 161390 1872124 4
1325 77675 310700 1941875 3
1326 155931 3742344 9511791 2
1327 81810 572670 4744980 4
1328 4154 8308 178622 3
1329 639 12780 40257 4
1330 143693 1436930 5316641 1
1331 39655 79310 515515 5
1332 93147 1304058 4657350 3
1333 143072 429216 7868960 4
1334 14241 170892 868701 3
1335 112487 1012383 4836941 5
1336 160447 1283576 9466373 5
1337 17140 68560 394220 4
1338 139242 6683616 14202684 4
1339 80474 724266 4345596 5
1340 119059 0 5595773 2
1341 112276 1571864 5613800 2
1342 91563 640941 4303461 1
1343 66591 199773 2264094 2
1344 87633 788697 4381650 4
1345 53809 484281 3228540 3
1346 95194 190388 3902954 1
1347 25343 228087 1064406 1
1348 102283 3273056 4602735 3
1349 58664 821296 2287896 2
1350 68776 1925728 3438800 5
1351 109414 3501248 5689528 1
1352 130738 784428 4706568 2
1353 52471 157413 1574130 3
1354 25422 228798 838926 1
1355 110013 1760208 5390637 3
1356 105029 1680464 2205609 4
1357 79491 953892 4689969 3
1358 75100 1126500 4355800 2
1359 75559 453354 2946801 3
1360 148132 5184620 6962204 4
1361 10970 21940 274250 4
1362 79137 1187055 3719439 4
1363 112772 1014948 7104636 1
1364 128654 385962 771924 5
1365 61300 858200 3432800 3
1366 39415 472980 1694845 2
1367 124271 248542 6089279 2
1368 78266 1095724 1565320 1
1369 142512 427536 5130432 2
1370 48722 1559104 3118208 1
1371 22603 226030 384251 5
1372 133097 1064776 8118917 4
1373 30145 361740 904350 5
1374 106812 961308 3631608 4
1375 132757 3186168 6903364 5
1376 101865 0 4889520 4
1377 101431 304293 405724 4
1378 5972 35832 280684 2
1379 80223 240669 1283568 2
1380 44351 177404 1818391 2
1381 82688 2315264 2646016 5
1382 157891 157891 7105095 4
1383 154090 4314520 10169940 2
1384 28285 226280 622270 3
1385 69502 139004 2710578 4
1386 54659 765226 2732950 2
1387 87864 2196600 6941256 2
1388 125618 376854 3768540 1
1389 52587 631044 2997459 3
1390 47413 711195 806021 1
1391 6662 26648 286466 3
1392 56076 336456 841140 3
1393 12951 64755 608697 3
1394 74239 148478 816629 4
1395 155684 155684 6850096 2
1396 148811 446433 5803629 2
1397 98759 395036 4345396 3
1398 151784 0 455352 1
1399 140000 3360000 4200000 3
1400 77445 309780 2555685 5
1401 92501 2312525 2775030 5
1402 98128 1766304 4808272 4
1403 121044 1815660 7746816 4
1404 30911 123644 463665 4
1405 106351 1914318 2020669 5
1406 36249 1087470 2791173 1
1407 33433 534928 735526 4
1408 133903 267806 7230762 1
1409 145552 873312 7132048 3
1410 24761 693308 1807553 5
1411 46380 1947960 2643660 4
1412 49854 1595328 2492700 1
1413 32904 789696 1414872 3
1414 116919 5612112 9704277 4
1415 112623 337869 2365083 2
1416 68221 682210 3274608 3
1417 48432 96864 1259232 5
1418 159630 2554080 8300760 2
1419 97822 1760796 5282388 5
1420 89258 1606644 3034772 4
1421 139716 5588640 9500688 1
1422 89736 1076832 3320232 3
1423 161506 969036 2907108 2
1424 147801 1182408 4581831 1
1425 135334 0 1759342 4
1426 121567 729402 5470515 2
1427 129103 1807442 6842459 1
1428 12802 51208 614496 2
1429 53075 955350 2441450 4
1430 60339 724068 905085 1
1431 151735 1213880 6979810 5
1432 85824 1716480 6093504 5
1433 87949 1231286 5804634 5
1434 81707 3268280 7026802 4
1435 76191 914292 3733359 4
1436 7160 42960 150360 3
1437 158022 2528352 7269012 4
1438 118101 944808 2952525 4
1439 75238 1805712 3084758 5
1440 116412 1629768 2910300 5
1441 50414 1411592 3276910 5
1442 5838 52542 216006 4
1443 62008 372048 1488192 3
1444 24966 299592 748980 2
1445 17845 17845 642420 1
1446 155778 3738672 6542676 5
1447 42659 597226 2090291 5
1448 129222 516888 6719544 5
1449 8309 66472 432068 1
1450 99561 597366 1891659 4
1451 145709 3642725 10928175 2
1452 122998 1475976 5903904 2
1453 26076 78228 417216 4
1454 16070 96420 144630 4
1455 25706 77118 1336712 4
1456 74374 1041236 1338732 3
1457 58116 1162320 3370728 1
1458 124897 749382 3996704 5
1459 62328 1558200 4362960 4
1460 2376 21384 66528 3
1461 91779 734232 4864287 4
1462 112025 0 1232275 1
1463 3988 0 131604 3
1464 42439 509268 933658 1
1465 59653 238612 1312366 5
1466 131338 1576056 6829576 2
1467 82206 1644120 5754420 5
1468 19607 176463 941136 2
1469 78844 1892256 2601852 3
1470 72388 0 2099252 2
1471 137240 137240 3568240 3
1472 30222 362664 1722654 2
1473 138805 2498490 3053710 5
1474 80407 1608140 3377094 4
1475 110961 1109610 6657660 3
1476 103264 722848 1342432 5
1477 42090 673440 2567490 3
1478 145311 290622 1162488 1
1479 49675 248375 1639275 1
1480 6171 61710 357918 5
1481 84422 422110 844220 3
1482 128191 1538292 3589348 2
1483 101342 810736 2837576 5
1484 53869 861904 3286009 1
1485 70572 2117160 5645760 5
1486 129111 1807554 2453109 1
1487 137783 2755660 3031226 5
1488 104435 2924180 4699575 1
1489 36581 292648 1134011 2
1490 132378 397134 5030364 1
1491 38140 800940 2631660 4
1492 82025 164050 738225 2
1493 91537 274611 2196888 4
1494 106394 106394 5745276 2
1495 68271 1365420 4505886 4
1496 852 20448 33228 1
1497 94202 565212 4992706 2
1498 60811 851354 4135148 1
1499 129948 3248700 4678128 2
1500 20740 82960 103700 5
1501 62984 1133712 3905008 1
1502 66621 599589 2864703 3
1503 25858 77574 181006 3
1504 97485 1559760 3022035 1
1505 30921 185526 1113156 1
1506 16488 65952 577080 2
1507 94870 2276880 6166550 4
1508 140777 563108 4504864 2
1509 132110 3699080 10304580 4
1510 62472 2623824 4935288 2
1511 145710 0 7576920 2
1512 29713 1455937 1782780 1
1513 3461 41532 131518 1
1514 161703 3395763 5012793 1
1515 154780 2476480 10060700 1
1516 2180 21800 67580 1
1517 124211 1863165 7825293 1
1518 159111 1909332 7637328 1
1519 32200 386400 1191400 5
1520 112534 1350408 2138146 2
1521 34568 553088 2004944 1
1522 127953 3070872 6909462 3
1523 122199 0 5498955 4
1524 93108 1955268 3072564 1
1525 53869 1885415 3501485 4
1526 8064 24192 451584 1
1527 153927 769635 3540321 3
1528 54194 433552 2276148 4
1529 141992 0 6531632 2
1530 50443 1412404 2320378 3
1531 116324 4652960 7444736 2
1532 117781 353343 1060029 3
1533 91613 549678 4305811 4
1534 77150 2777400 4166100 1
1535 79716 558012 2311764 5
1536 113828 455312 3642496 4
1537 14089 70445 774895 4
1538 106705 533525 2027395 2
1539 129900 1948500 7664100 3
1540 17806 213672 641016 3
1541 124078 496312 1613014 5
1542 11105 177680 366465 4
1543 4395 17580 101085 5
1544 43038 1377216 3055698 1
1545 119265 238530 954120 5
1546 122466 367398 3306582 3
1547 72888 2040864 2478192 5
1548 84682 1524276 2879188 5
1549 130186 390558 1692418 3
1550 114059 1596826 6273245 3
1551 118962 3330936 7851492 5
1552 86028 1376448 4645512 2
1553 23297 69891 908583 5
1554 7971 95652 478260 3
1555 52352 209408 261760 3
1556 148477 1187816 4008879 5
1557 121175 363525 1575275 4
1558 155513 1088591 5753981 5
1559 71638 1146208 4871384 5
1560 27341 410115 1230345 3
1561 111713 446852 3127964 5
1562 52958 264790 794370 2
1563 45381 453810 1134525 3
1564 155440 6528480 7461120 3
1565 118184 709104 3545520 3
1566 39454 236724 2248878 2
1567 45181 271086 587353 1
1568 121281 1212810 7761984 1
1569 31137 1120932 1619124 1
1570 22474 809064 1213596 4
1571 128317 5132680 8982190 2
1572 35093 350930 1508999 1
1573 112514 2250280 3037878 3
1574 112529 0 5513921 4
1575 113542 681252 2270840 3
1576 65527 786324 3079769 5
1577 110529 994761 1768464 2
1578 29124 145620 232992 5
1579 87485 1049820 3849340 3
1580 29841 0 566979 4
1581 130879 3141096 6282192 2
1582 112108 784756 4820644 1
1583 20594 185346 411880 5
1584 154057 924342 4005482 1
1585 18253 273795 894397 3
1586 1796 35920 100576 3
1587 142140 4264200 5827740 1
1588 140303 0 5471817 4
1589 152797 1222376 7792647 1
1590 116123 464492 3367567 3
1591 7823 140814 226867 2
1592 143071 715355 7439692 4
1593 146529 879174 7912566 1
1594 128549 2056784 8869881 4
1595 111911 3357330 7386126 1
1596 80767 1211505 2423010 4
1597 63123 1578075 2019936 4
1598 152363 1218904 3809075 1
1599 58974 412818 1769220 3
1600 8275 33100 422025 1
1601 44935 179740 1707530 3
1602 73489 587912 3086538 2
1603 160105 5603675 12007875 2
1604 121980 1463760 4757220 2
1605 66874 200622 1337480 3
1606 47044 1411320 3434212 4
1607 76434 0 382170 3
1608 110241 440964 1984338 4
1609 96855 193710 2324520 2
1610 155105 1240840 1861260 1
1611 37916 303328 1554556 5
1612 33605 100815 537680 5
1613 83810 1340960 3352400 3
1614 83572 1002864 4345744 1
1615 53166 159498 2870964 3
1616 88535 2124840 5135030 5
1617 10942 382970 393912 4
1618 156757 1881084 8464878 5
1619 27899 278990 557980 3
1620 65974 2111168 4948050 2
1621 38355 1879395 3490305 4
1622 37227 372270 893448 3
1623 5607 269136 308385 2
1624 158171 1581710 2056223 2
1625 104023 832184 1040230 2
1626 89073 1781460 2583117 2
1627 33364 300276 633916 1
1628 52082 208328 1874952 2
1629 107357 2576568 6656134 5
1630 159775 1917300 7509425 5
1631 7343 51401 257005 5
1632 112834 451336 2482348 4
1633 106331 531655 2764606 1
1634 39996 839916 2519748 3
1635 57612 2304480 4493736 2
1636 79857 2874852 5589990 3
1637 20451 490824 1083903 4
1638 42332 338656 2455256 2
1639 93290 186580 4851080 2
1640 35620 534300 2244060 3
1641 32209 64418 611971 4
1642 126788 4057216 10016252 4
1643 129570 0 6996780 4
1644 122976 737856 6517728 2
1645 95975 191950 5182650 1
1646 13342 160104 440286 5
1647 4090 57260 220860 2
1648 62048 620480 2233728 5
1649 115684 694104 3701888 4
1650 160628 3373188 4336956 4
1651 85997 1031964 5331814 2
1652 115303 922424 3228484 4
1653 53277 213108 319662 3
1654 149510 2242650 5830890 3
1655 75558 1888950 2644530 4
1656 45743 548916 1052089 5
1657 37207 744140 1079003 4
1658 60082 1441968 2223034 3
1659 59009 118018 3304504 5
1660 141465 2546370 2829300 1
1661 87003 522018 4002138 1
1662 115378 1615292 4038230 5
1663 62006 744072 2976288 1
1664 67999 407994 3195953 4
1665 124887 3496836 8492316 3
1666 88871 710968 3377098 2
1667 2780 44480 97300 3
1668 70193 421158 3720229 5
1669 11081 221620 288106 3
1670 122157 855099 7085106 1
1671 161696 1293568 5335968 3
1672 63057 2017824 3720363 1
1673 136165 2178640 3404125 1
1674 71772 215316 3229740 1
1675 60148 0 1924736 3
1676 110759 664554 3101252 3
1677 80791 1131074 3716386 3
1678 22754 364064 728128 1
1679 133748 2006220 3611196 5
1680 154306 1851672 3857650 3
1681 143031 572124 1430310 3
1682 54796 0 767144 4
1683 88438 1415008 6190660 1
1684 15702 879312 1146246 1
1685 84414 337656 844140 2
1686 36437 1275295 2004035 4
1687 139676 5587040 8659912 5
1688 114578 2062404 2406138 1
1689 26119 548499 1227593 2
1690 12158 145896 778112 2
1691 52423 1677536 3722033 1
1692 152001 912006 5624037 1
1693 31876 127504 1625676 3
1694 118379 3788128 4380023 4
1695 134164 536656 1207476 3
1696 22378 469938 1007010 3
1697 7986 95832 447216 2
1698 14015 28030 210225 4
1699 1844 44256 138300 1
1700 154707 2475312 7890057 5
1701 20010 160080 800400 5
1702 94783 2843490 5876546 1
1703 77172 926064 1466268 1
1704 60271 602710 2410840 3
1705 50202 50202 1757070 3
1706 127383 1528596 5222703 1
1707 127242 636210 4198986 5
1708 60206 301030 2709270 1
1709 123976 4463136 10537960 5
1710 25043 25043 325559 3
1711 96452 2314848 2797108 4
1712 79025 790250 3635150 3
1713 27602 828060 2125354 1
1714 37452 74904 112356 3
1715 161988 2429820 7937412 2
1716 58661 469288 3578321 5
1717 35014 280112 1785714 2
1718 56635 792890 3681275 2
1719 132961 664805 3589947 3
1720 9257 37028 342509 2
1721 45270 724320 1177020 5
1722 4837 87066 246687 4
1723 65028 260112 2471064 3
1724 148584 891504 7577784 5
1725 44220 442200 751740 2
1726 76326 1221216 2595084 5
1727 114460 5494080 8355580 2
1728 79491 2225748 2543712 3
1729 51090 919620 1788150 5
1730 147669 4725408 4873077 3
1731 63169 379014 3221619 3
1732 47064 282384 753024 5
1733 114407 3661024 5491536 1
1734 125168 3004032 7510080 1
1735 35048 420576 2032784 5
1736 95299 762392 1048289 3
1737 128506 1542072 6168288 1
1738 11070 88560 653130 4
1739 46340 1621900 3799880 4
1740 161083 161083 8537399 1
1741 114001 456004 1368012 1
1742 156969 941814 5336946 4
1743 43483 260898 1739320 3
1744 150570 3764250 6323940 4
1745 151294 1815528 5295290 5
1746 18655 74620 1081990 4
1747 144917 2608506 4202593 4
1748 103032 824256 1751544 4
1749 141969 851814 4259070 3
1750 77451 1858824 2246079 5
1751 92230 1291220 2766900 1
1752 113238 1358856 1472094 2
1753 8515 0 195845 5
1754 151285 453855 5748830 4
1755 62249 124498 2054217 5
1756 118552 1422624 4030768 2
1757 153218 1225744 9193080 4
1758 119379 0 1910064 1
1759 69025 69025 966350 4
1760 100762 0 1914478 2
1761 138073 1656876 5522920 3
1762 33781 135124 1182335 2
1763 88525 708200 5488550 2
1764 151311 605244 6203751 1
1765 115446 1616244 5310516 1
1766 86642 519852 2772544 4
1767 48405 968100 2081415 5
1768 93851 1126212 5349507 2
1769 100921 403684 4743287 2
1770 31545 1009440 1829610 2
1771 32521 195126 1463445 5
1772 124593 2616453 5232906 2
1773 123254 1848810 3697620 2
1774 29064 348768 1714776 1
1775 85450 1281750 1623550 3
1776 73082 1169312 3361772 2
1777 149482 1494820 7474100 2
1778 138245 691225 7188740 4
1779 9165 54990 284115 5
1780 118608 2490768 6997872 2
1781 133095 4658325 4924515 1
1782 71324 285296 2425016 2
1783 6454 116172 174258 1
1784 124583 1121247 7101231 5
1785 107670 430680 4091460 3
1786 9535 114420 495820 4
1787 106884 427536 3099636 3
1788 153540 4299120 8598240 1
1789 90542 1629756 5160894 1
1790 140034 2520612 5181258 1
1791 109873 878984 4175174 4
1792 111797 3353910 7490399 4
1793 144102 576408 6772794 3
1794 108099 2161980 6485940 4
1795 81281 406405 2113306 4
1796 154041 308082 1078287 3
1797 88086 440430 3259182 4
1798 124086 1116774 4218924 3
1799 147722 295444 5613436 4
1800 30474 182844 944694 1
1801 31366 250928 1442836 4
1802 100013 1800234 2900377 4
1803 57233 1373592 2117621 4
1804 36692 293536 513688 5
1805 18352 73408 752432 1
1806 85032 510192 1700640 3
1807 92114 1934394 2579192 4
1808 103042 1236504 6491646 5
1809 792 16632 54648 1
1810 95222 1713996 5237210 4
1811 119631 957048 2990775 4
1812 100299 2808372 4011960 4
1813 89051 1335765 2849632 1
1814 24004 0 648108 4
1815 128684 4117888 6176832 4
1816 54058 2594784 4108408 5
1817 69759 1953252 2790360 5
1818 157513 1260104 9135754 4
1819 107200 536000 5896000 1
1820 12751 102008 535542 4
1821 90860 1453760 2998380 2
1822 7738 54166 317258 5
1823 82889 331556 1077557 1
1824 82463 2308964 5937336 1
1825 67285 605565 2893255 2
1826 110222 881776 3416882 5
1827 83604 2508120 4096596 2
1828 66859 1203462 3075514 5
1829 3242 19452 155616 5
1830 76522 306088 3060880 3
1831 81694 490164 4738252 4
1832 84780 1017360 5341140 3
1833 155086 310172 5272924 3
1834 105219 315657 3787884 4
1835 160119 2882142 6404760 4
1836 54854 383978 2687846 2
1837 50129 601548 1102838 1
1838 23066 138396 1061036 1
1839 109056 3926016 6979584 2
1840 95521 955210 1241773 2
1841 29290 468640 1054440 3
1842 54735 985230 2025195 5
1843 147782 9458048 13891508 4
1844 60112 240448 2825264 1
1845 47634 571608 1905360 3
1846 27803 333636 528257 3
1847 154345 617380 771725 1
1848 117288 1407456 7271856 1
1849 153888 307776 8002176 5
1850 94179 753432 3484623 4
1851 50554 1213296 3488226 5
1852 9237 9237 489561 5
1853 87971 2111304 6685796 4
1854 127296 2036736 7383168 5
1855 55241 662892 2817291 2
1856 147118 735590 2206770 5
1857 44545 712720 2360885 3
1858 158038 3160760 7269748 2
1859 11756 188096 740628 1
1860 148265 1779180 6375395 2
1861 68309 3278832 6216119 1
1862 68179 613611 3340771 4
1863 159706 7665888 13415304 2
1864 56742 226968 2893842 3
1865 25639 128195 179473 2
1866 108746 1304952 6742252 4
1867 79408 476448 3493952 3
1868 142565 1710780 3421560 4
1869 47345 1136280 3361495 1
1870 144282 144282 6348408 4
1871 126369 379107 6444819 5
1872 23564 659792 1154636 2
1873 27983 335796 951422 3
1874 65717 657170 3285850 1
1875 74159 2224770 4227063 4
1876 45884 367072 2110664 5
1877 126692 1520304 5447756 4
1878 152018 2280270 9273098 3
1879 136921 821526 2053815 5
1880 7288 102032 342536 1
1881 90234 180468 4872636 1
1882 22831 273972 547944 3
1883 58585 117170 3046420 2
1884 153233 3677592 6129320 5
1885 160644 321288 4658676 2
1886 144523 1445230 3179506 4
1887 46101 737616 2305050 1
1888 88521 531126 973731 3
1889 17036 545152 1243628 3
1890 62001 2480040 3286053 4
1891 41706 83412 875826 5
1892 69914 419484 1258452 5
1893 49421 741315 2026261 5
1894 2588 10352 62112 3
1895 135275 2705500 10010350 1
1896 152542 1830504 5796596 4
1897 16754 83770 670160 2
1898 70305 1124880 1617015 2
1899 35692 214152 856608 5
1900 10984 0 296568 5
1901 118023 236046 3540690 4
1902 98464 1772352 4529344 1
1903 136390 0 4091700 2
1904 63512 508096 3175600 2
1905 21471 772956 1052079 4
1906 55138 827070 3253142 4
1907 146661 3666525 10412931 4
1908 42142 337136 1306402 5
1909 20538 205380 390222 5
1910 130815 784890 3008745 5
1911 1827 12789 107793 4
1912 145882 2334112 2771758 1
1913 25622 461196 999258 4
1914 122018 2196324 8297224 4
1915 33101 463414 1357141 3
1916 46962 0 328734 2
1917 113899 1366788 3189172 5
1918 4374 139968 223074 1
1919 91501 2196024 4026044 4
1920 144087 432261 8068872 4
1921 64334 1544016 4760716 4
1922 46518 1488576 3302778 5
1923 41036 123108 1395224 5
1924 9301 111612 362739 2
1925 22230 466830 555750 5
1926 1010 14140 38380 3
1927 146452 3514848 9519380 4
1928 137122 5759124 7815954 3
1929 53032 0 2545536 5
1930 68279 2731160 4506414 5
1931 21387 513288 1390155 2
1932 14471 173652 260478 1
1933 82869 2651808 5220747 2
1934 77693 1864632 4506194 4
1935 3473 125028 263948 1
1936 48819 390552 1513389 1
1937 139160 1948240 7375480 2
1938 85862 1202068 5666892 5
1939 111700 3127600 6143500 5
1940 137531 5776302 9214577 5
1941 18500 518000 1443000 5
1942 32776 1573248 2392648 5
1943 38223 458676 1758258 2
1944 19603 0 196030 5
1945 2310 55440 69300 4
1946 154013 3696312 5390455 5
1947 124829 3120725 3994528 5
1948 100300 1805400 4914700 5
1949 141255 2825100 7345260 5
1950 140333 701665 7297316 5
1951 91587 274761 1648566 5
1952 47776 477760 2866560 3
1953 36095 866280 2201795 5
1954 5962 107316 399454 3
1955 96646 1449690 5122238 5
1956 132527 2783067 3975810 5
1957 2348 14088 86876 2
1958 79753 478518 4625674 5
1959 82260 1316160 2961360 3
1960 109752 2195040 7792392 1
1961 157982 1895784 3475604 5
1962 35066 0 806518 5
1963 43069 258414 1938105 4
1964 128189 128189 5768505 1
1965 141429 565716 3535725 4
1966 94644 0 4258980 4
1967 56360 676320 3099800 5
1968 152747 4276916 5040651 1
1969 68666 1647984 2677974 2
1970 42873 600222 2186523 4
1971 120155 841085 3364340 3
1972 20885 334160 1399295 5
1973 79583 636664 4217899 2
1974 45653 1095672 1369590 5
1975 122556 857892 980448 4
1976 151781 910686 6678364 3
1977 35238 704760 739998 1
1978 83930 419650 4867940 4
1979 85935 1031220 5327970 3
1980 66185 1191330 4235840 5
1981 17682 88410 123774 1
1982 75863 227589 3793150 2
1983 122681 122681 5643326 4
1984 157398 4407144 9601278 1
1985 98071 1961420 4118982 5
1986 98657 295971 493285 5
1987 153413 1380717 3835325 1
1988 16123 96738 838396 5
1989 107372 0 4724368 3
1990 83780 502680 1172920 3
1991 55097 55097 826455 5
1992 93214 745712 3542132 1
1993 95027 1520432 4371242 4
1994 3589 229696 333777 4
1995 151120 906720 4684720 2
1996 75107 3680243 7210272 5
1997 135266 1217394 5545906 3
1998 66187 1853236 3772659 2
1999 90283 2166792 4875282 4
2000 5647 16941 67764 2
2001 138649 3327576 3743523 5
2002 90120 180240 720960 1
2003 31044 372528 1490112 5
2004 12942 51768 129420 5
2005 30800 184800 1817200 1
2006 36125 216750 1228250 1
2007 101790 3664440 5903820 1
2008 72674 218022 3561026 2
2009 156023 1248184 3744552 1
2010 96629 4058418 6377514 5
2011 11351 317828 794570 2
2012 153599 2457584 5683163 4
2013 87863 1317945 1493671 4
2014 16759 670360 1525069 2
2015 102218 817744 4497592 3
2016 9999 249975 759924 4
2017 66575 998625 2929300 4
2018 142905 1429050 6430725 4
2019 94657 189314 4259565 4
2020 143167 572668 715835 3
2021 109450 875600 1422850 1
2022 36065 288520 1983575 2
2023 121027 968216 7261620 1
2024 47897 143691 2538541 4
2025 111847 1677705 7270055 1
2026 126198 252396 2271564 3
2027 40608 1421280 3614112 2
2028 110033 3300990 5281584 3
2029 53947 1942092 3074979 2
2030 129301 4137632 8792468 5
2031 42450 297150 721650 2
2032 104872 2936416 5033856 2
2033 21054 42108 505296 1
2034 28927 173562 1243861 1
2035 123320 246640 863240 2
2036 76735 537145 2915930 4
2037 109964 3078992 8247300 3
2038 20089 80356 160712 3
2039 47810 143430 2342690 2
2040 126151 4036832 10092080 5
2041 159474 1435266 3030006 4
2042 11833 23666 47332 4
2043 103651 207302 1140161 3
2044 43294 519528 1861642 4
2045 68885 826620 2893170 1
2046 150163 2402608 8108802 4
2047 42962 515544 1933290 4
2048 137454 274908 6872700 5
2049 64181 898534 3529955 1
2050 69515 1112240 1251270 2
2051 39691 238146 1706713 3
2052 64190 962850 2439220 4
2053 121756 121756 6696580 2
2054 70681 1484301 2544516 3
2055 6274 250960 445454 3
2056 2139 25668 32085 4
2057 106059 636354 5833245 1
2058 158348 3800352 5542180 2
2059 133812 267624 5352480 2
2060 102924 308772 4837428 2
2061 75485 1132275 5057495 2
2062 137699 826194 6471853 4
2063 96633 676431 3575421 4
2064 89738 1435808 4486900 5
2065 12212 244240 879264 2
2066 80771 807710 2665443 4
2067 1123 3369 39305 5
2068 137517 1100136 4538061 1
2069 152797 6111880 9320617 3
2070 50741 1014820 3247424 4
2071 120347 3610410 7942902 1
2072 138074 1380740 3589924 5
2073 152973 0 7648650 3
2074 61747 617470 1667169 4
2075 155150 1861800 8067800 5
2076 43146 431460 1596402 4
2077 38390 575850 2073060 2
2078 13781 330744 1006013 2
2079 119118 1429416 5955900 5
2080 29147 816116 1603085 4
2081 12919 155028 503841 2
2082 141340 2261440 5936280 4
2083 148725 2230875 2677050 3
2084 126879 3806370 6597708 3
2085 56843 170529 1307389 5
2086 120144 360432 3003600 1
2087 119068 1428816 3572040 3
2088 120473 1445676 5541758 4
2089 5137 82192 359590 5
2090 125980 0 4409300 4
2091 27086 541720 1543902 1
2092 20910 0 1024590 1
2093 120194 240388 3485626 3
2094 51819 414552 2383674 2
2095 2080 24960 70720 5
2096 130428 912996 3521556 1
2097 101586 609516 3860268 4
2098 132461 1589532 3841369 3
2099 53459 641508 1069180 5
2100 30646 612920 1041964 1
2101 65973 1055568 3826434 1
2102 23601 0 660828 5
2103 72352 0 3328192 3
2104 91489 914890 2195736 3
2105 105303 1684848 3474999 2
2106 72032 864384 1152512 2
2107 17777 0 942181 2
2108 61905 1300005 1857150 1
2109 121336 0 6552144 4
2110 55192 827880 1269416 3
2111 44621 267726 580073 4
2112 33855 1625040 2809965 1
2113 95583 477915 669081 2
2114 104720 1675520 3769920 4
2115 62980 755760 1133640 4
2116 81322 975864 4147422 2
2117 88832 710656 1687808 1
2118 115179 4031265 9905394 4
2119 1772 99232 194920 2
2120 11057 132684 420166 1
2121 10229 358015 460305 2
2122 77554 1551080 4730794 4
2123 92837 464185 3342132 5
2124 138836 1666032 5414604 4
2125 143747 431241 3306181 1
2126 90897 1090764 4544850 5
2127 31803 95409 1399332 2
2128 62069 186207 558621 3
2129 151966 2279490 6230606 3
2130 5116 0 133016 2
2131 17254 155286 1035240 5
2132 18231 638085 1330863 2
2133 140830 1126640 5351540 3
2134 60163 0 1925216 4
2135 127429 127429 3695441 4
2136 66793 0 3606822 3
2137 85277 2728864 6736883 4
2138 51013 510130 2091533 3
2139 1654 13232 31426 5
2140 134525 1614300 6457200 3
2141 41801 1170428 1922846 5
2142 13132 39396 288904 4
2143 124963 1749482 2374297 2
2144 102294 613764 5012406 1
2145 95480 2864400 6015240 5
2146 109217 0 3822595 2
2147 161861 9064216 13596324 2
2148 48571 437139 1165704 3
2149 116733 1400796 5836650 3
2150 27709 443344 1025233 4
2151 104692 209384 3350144 5
2152 24379 511959 1267708 3
2153 102419 1843542 6247559 3
2154 16799 134392 739156 3
2155 79571 1591420 3978550 1
2156 15189 531615 1017663 2
2157 159868 959208 3037492 3
2158 59399 890985 1306778 3
2159 106795 747565 4485390 2
2160 1081 5405 22701 2
2161 46270 1943340 3701600 5
2162 53721 0 2095119 2
2163 73823 369115 516761 2
2164 56127 1796064 2245080 1
2165 125080 375240 625400 1
2166 99310 1787580 2879990 2
2167 50021 1600672 4251785 4
2168 126962 1523544 6475062 5
2169 47420 758720 2133900 4
2170 50178 0 1103916 5
2171 58538 1053684 2634210 4
2172 123285 986280 1232850 4
2173 148304 2224560 3114384 4
2174 131492 788952 1577904 1
2175 39849 1394715 2430789 4
2176 64700 647000 3687900 3
2177 159700 8943200 15650600 1
2178 45795 320565 1602825 2
2179 86864 868640 5211840 4
2180 147807 443421 7833771 5
2181 145255 2905100 4067140 4
2182 86835 694680 5210100 1
2183 150230 1201840 6760350 5
2184 126645 759870 5319090 4
2185 106569 1065690 3729915 4
2186 158336 0 4275072 2
2187 135826 407478 814956 4
2188 91995 2575860 5703690 1
2189 76248 914976 2973672 5
2190 106842 1495788 3312102 1
2191 135946 1903244 4486218 2
2192 75097 450582 1201552 1
2193 19529 390580 1386559 2
2194 109644 2302524 5372556 1
2195 81829 327316 572803 2
2196 73149 1097235 4900983 4
2197 137288 2471184 7825416 2
2198 52976 370832 847616 3
2199 109201 436804 1201211 4
2200 22704 544896 998976 3
2201 58182 349092 2443644 4
2202 105078 1260936 6724992 2
2203 94092 376368 2070024 3
2204 89288 714304 2589352 3
2205 158166 1265328 9015462 5
2206 72065 432390 1369235 3
2207 68341 615069 1913548 4
2208 58274 699288 3671262 2
2209 66975 401850 3482700 4
2210 30942 123768 680724 1
2211 82140 0 4107000 2
2212 158234 6329360 10285210 4
2213 142897 3572425 8716717 2
2214 86926 608482 2781632 3
2215 25395 711060 1549095 2
2216 154575 2473200 8037900 5
2217 65964 527712 2374704 3
2218 125287 3508036 10148247 5
2219 31531 441434 2049515 2
2220 72109 144218 1297962 3
2221 86421 259263 4839576 3
2222 39413 591195 1655346 2
2223 150378 2406048 8721924 3
2224 31776 63552 1779456 5
2225 90847 1453552 5359973 4
2226 46210 1478720 3280910 3
2227 144933 1159464 3768258 4
2228 124727 1870905 7857801 4
2229 48063 0 2547339 2
2230 49359 740385 2961540 5
2231 151967 455901 3343274 2
2232 62071 434497 3289763 1
2233 105036 630216 5251800 5
2234 106141 1273692 5943896 4
2235 85771 343084 2573130 2
2236 64858 1297160 2659178 2
2237 103440 2068800 5068560 4
2238 65376 326880 3791808 3
2239 15193 212702 622913 5
2240 150888 0 7695288 2
2241 62320 1121760 2929040 1
2242 31921 127684 1276840 1
2243 83758 1758918 4271658 1
2244 85141 3405640 5108460 4
2245 48807 0 97614 4
2246 60237 421659 1686636 3
2247 86192 517152 4568176 4
2248 80475 3862800 7564650 5
2249 67930 543440 4143730 3
2250 6972 104580 223104 5
2251 23100 462000 1178100 4
2252 35993 1079790 3023412 1
2253 85293 682344 3752892 4
2254 35465 851160 1595925 3
2255 55028 1760896 3301680 2
2256 15131 105917 378275 4
2257 61854 989664 2721576 3
2258 145840 2333440 3208480 3
2259 77494 232482 2479808 2
2260 160351 160351 6414040 3
2261 37190 37190 1338840 4
2262 11417 34251 114170 5
2263 140489 1123912 5760049 3
2264 96725 773800 2031225 2
2265 132034 132034 3961020 1
2266 147628 1181024 6052748 5
2267 81003 1458054 4617171 3
2268 29083 261747 1512316 5
2269 104689 4396938 6176651 2
2270 18554 74216 408188 3
2271 137940 827640 7034940 3
2272 10190 101900 275130 2
2273 118973 594865 1784595 1
2274 148375 1038625 7418750 5
2275 129139 1937085 6456950 1
2276 146753 880518 3081813 5
2277 25818 77454 1110174 3
2278 122827 736962 6264177 2
2279 54914 219656 3020270 2
2280 113310 2832750 3625920 4
2281 17486 489608 594524 4
2282 96149 3076768 4038258 3
2283 39883 837543 1555437 5
2284 89640 537840 3854520 5
2285 74545 745450 3279980 5
2286 116738 1400856 5720162 3
2287 83908 1258620 4531032 5
2288 5215 36505 203385 1
2289 28415 681960 1420750 5
2290 85610 256830 4280500 2
2291 69159 1383180 3457950 1
2292 7185 129330 380805 1
2293 110149 220298 5617599 5
2294 69015 1035225 2208480 5
2295 42949 601286 2662838 4
2296 147944 2958880 4586264 4
2297 16169 161690 355718 3
2298 24015 288180 744465 4
2299 159813 479439 7671024 5
2300 135970 1359700 3399250 4
2301 2179 17432 95876 5
2302 140642 421926 5485038 1
2303 132913 531652 4784868 1
2304 7491 29964 299640 3
2305 108842 653052 979578 5
2306 15378 184536 261426 2
2307 62922 755064 4152852 4
2308 21976 439520 835088 3
2309 43986 175944 2023356 5
2310 141882 851292 5533398 3
2311 140180 5607200 13176920 3
2312 61927 990832 2600934 4
2313 72430 0 2752340 5
2314 110144 2753600 3965184 3
2315 16463 131704 1020706 3
2316 5088 15264 137376 2
2317 65040 650400 1365840 3
2318 156779 3135580 5016928 5
2319 65788 1315760 2697308 4
2320 130903 392709 785418 3
2321 63152 884128 1326192 4
2322 155392 1087744 1709312 3
2323 69714 2091420 3346272 4
2324 105173 6625899 7887975 3
2325 24590 0 565570 5
2326 151361 0 5146274 4
2327 68297 478079 2731880 5
2328 79673 956076 4382015 4
2329 2053 6159 53378 4
2330 104602 1255224 2719652 1
2331 33475 66950 1372475 3
2332 121433 4857320 7771712 1
2333 136336 6544128 10361536 4
2334 101201 404804 2327623 1
2335 16561 16561 380903 5
2336 94509 2268216 5765049 1
2337 97892 195784 489460 5
2338 122249 488996 4767711 3
2339 78244 625952 4068688 1
2340 87038 522228 2524102 2
2341 62694 1755432 4263192 4
2342 26227 183589 288497 3
2343 59535 1250235 2738610 3
2344 89300 3214800 4375700 3
2345 7881 63048 362526 3
2346 29664 622944 711936 2
2347 134677 134677 808062 1
2348 139830 1398300 3775410 3
2349 142410 569640 2848200 3
2350 94785 947850 2085270 5
2351 138175 1658100 3730725 1
2352 45992 459920 2437576 3
2353 57177 686124 743301 5
2354 106658 2133160 3519714 4
2355 157425 3778200 11649450 1
2356 65899 1383879 2042869 4
2357 68495 273980 2602810 3
2358 92694 1483104 2039268 1
2359 116426 2910650 4307762 3
2360 30093 361116 1354185 3
2361 56044 560440 1345056 1
2362 151443 908658 8783694 3
2363 70461 1056915 3311667 1
2364 25543 153258 1200521 2
2365 148680 5352480 11894400 1
2366 72640 1307520 4285760 3
2367 64361 901054 3861660 5
2368 54104 216416 1082080 4
2369 9984 79872 279552 1
2370 29315 351780 1436435 4
2371 126459 6070032 6955245 3
2372 143175 2863500 8590500 5
2373 47612 476120 666568 4
2374 61365 368190 2209140 3
2375 148017 1776204 9325071 3
2376 86353 1727060 4144944 4
2377 35851 1003828 2939782 2
2378 72244 1517124 2022832 1
2379 18350 73400 862450 2
2380 121104 2906496 4117536 1
2381 88128 352512 4053888 1
2382 47586 571032 1427580 5
2383 14381 402668 589621 2
2384 99037 792296 2475925 2
2385 93101 0 1489616 2
2386 149230 1343070 3283060 1
2387 49226 689164 1476780 3
2388 39222 156888 549108 2
2389 149062 1788744 4173736 2
2390 53587 964566 3108046 3
2391 46321 1296988 3149828 2
2392 155356 2485696 7767800 2
2393 74536 894432 1490720 5
2394 87620 0 262860 2
2395 109558 547790 5368342 4
2396 25274 50548 783494 2
2397 111470 3344100 5350560 3
2398 124193 496772 7079001 2
2399 66316 1591584 4111592 3
2400 12906 154872 580770 3
2401 99662 697634 5481410 3
2402 152996 917976 5966844 5
2403 123149 2586129 4802811 1
2404 107244 2573856 5040468 2
2405 156358 625432 7817900 5
2406 91599 1831980 4030356 2
2407 77910 3272220 3739680 1
2408 31942 319420 1149912 1
2409 81867 2046675 4666419 2
2410 120962 2903088 6048100 5
2411 125982 629910 4913298 2
2412 68746 3849776 4812220 4
2413 95524 2674672 5158296 5
2414 120716 1448592 4104344 4
2415 158575 2378625 5232975 2
2416 107808 1724928 3557664 5
2417 79518 715662 874698 2
2418 51816 829056 1606296 3
2419 20493 430353 717255 5
2420 25780 103120 1056980 2
2421 159776 958656 7669248 1
2422 90230 1263220 5955180 2
2423 23548 470960 989016 1
2424 161472 1291776 9042432 1
2425 81200 649600 1867600 1
2426 64440 773280 3415320 3
2427 6124 97984 110232 3
2428 12910 103280 296930 3
2429 64727 1035632 3559985 3
2430 55695 779730 1893630 1
2431 18954 454896 947700 4
2432 71256 712560 1710144 3
2433 154167 925002 9250020 2
2434 93974 1879480 6954076 5
2435 62358 1746024 1808382 5
2436 131570 1315700 3289250 3
2437 60307 723684 1507675 5
2438 63246 885444 2276856 5
2439 85346 597422 3243148 4
2440 35757 715140 1501794 2
2441 31302 751248 2347650 5
2442 78181 1250896 3205421 2
2443 33209 265672 1228733 5
2444 109668 2193360 6470412 1
2445 78569 1257104 4399864 5
2446 120053 1440636 6722968 2
2447 152330 1827960 6550190 3
2448 46309 277854 1620815 3
2449 99354 397416 695478 4
2450 20425 490200 776150 2
2451 8492 271744 619916 3
2452 24965 599160 998600 2
2453 26198 838336 1807662 2
2454 116067 1624938 4990881 5
2455 100492 401968 5024600 5
2456 4283 12849 145622 1
2457 138347 2766940 4565451 3
2458 112430 1574020 3148040 2
2459 4922 24610 68908 5
2460 145743 2186145 3352089 3
2461 92931 557586 2880861 2
2462 150230 901380 1502300 5
2463 110494 1104940 1546916 3
2464 101345 608070 5776665 5
2465 100171 2103591 4207182 4
2466 76220 1219520 1371960 4
2467 98989 2375736 6533274 1
2468 80995 971940 1376915 4
2469 137950 2069250 5793900 2
2470 77126 925512 2236654 1
2471 17769 248766 1066140 5
2472 42017 882357 1890765 5
2473 151104 2417664 4986432 4
2474 145336 581344 3488064 5
2475 145047 2900940 7832538 1
2476 24685 0 172795 5
2477 87791 351164 4301759 5
2478 30687 61374 429618 2
2479 28263 84789 1243572 2
2480 78046 78046 2887702 3
2481 96980 969800 5527860 2
2482 5389 97002 328729 3
2483 48415 677810 1549280 4
2484 117408 2348160 7983744 1
2485 109777 0 1756432 5
2486 7898 63184 181654 1
2487 7346 58768 220380 1
2488 49171 295026 1278446 2
2489 42168 1012032 3120432 3
2490 7816 164136 547120 1
2491 71248 641232 1496208 3
2492 102384 1023840 4095360 2
2493 7319 182975 248846 1
2494 71443 5143896 7215743 5
2495 159401 1434609 8767055 3
2496 72860 218580 3424420 4
2497 31010 496160 1302420 5
2498 90148 270444 1081776 3
2499 160459 641836 4332393 1
2500 74604 74604 3431784 2
2501 126289 757734 4925271 2
2502 64440 257760 1417680 4
2503 98399 787192 885591 3
2504 9195 18390 376995 1
2505 113614 795298 1249754 3
2506 78231 469386 1173465 1
2507 35126 632268 1545544 1
2508 42967 300769 2406152 4
2509 25796 309552 1212412 1
2510 123004 615020 1476048 4
2511 111562 2008116 2900612 1
2512 47417 663838 1138008 5
2513 94392 1321488 4247640 3
2514 145236 1307124 8133216 3
2515 149397 0 6424071 5
2516 63526 508208 2731618 4
2517 160623 1124361 4336821 1
2518 56708 226832 3118940 2
2519 110982 665892 2552586 1
2520 120779 1932464 4468823 4
2521 47282 1702152 1985844 5
2522 121589 1702246 7173751 2
2523 53735 967230 3331570 5
2524 98448 2756544 7678944 1
2525 15176 273168 713272 1
2526 40489 323912 1336137 3
2527 160962 2897316 8691948 1
2528 84842 424210 3987574 3
2529 127174 0 6613048 4
2530 14121 141210 324783 2
2531 140175 981225 1261575 2
2532 131556 789336 4999128 4
2533 115669 4626760 8675175 1
2534 98967 3463845 6432855 2
2535 51095 408760 2094895 1
2536 121246 1212460 6062300 3
2537 57137 0 171411 3
2538 93566 374264 935660 3
2539 137245 2470410 2744900 2
2540 102046 612276 1632736 1
2541 108874 2721850 6423566 2
2542 76236 1219776 2134608 2
2543 9276 0 204072 4
2544 26103 78309 1122429 1
2545 145916 2626488 9192708 4
2546 59923 1078614 3775149 1
2547 30654 245232 1134198 2
2548 128866 1159794 3479382 4
2549 107863 0 3343753 5
2550 90024 2520672 6481728 3
2551 29990 359880 809730 5
2552 62420 1747760 3932460 5
2553 110312 3529984 4522792 1
2554 76110 1369980 2892180 2
2555 139590 2512620 4466880 2
2556 115184 1382208 1727760 2
2557 157644 1891728 5675184 4
2558 7490 299600 471870 3
2559 46853 187412 1265031 5
2560 7006 70060 252216 2
2561 150930 1811160 5433480 2
2562 65390 392340 3792620 2
2563 91896 1102752 5513760 2
2564 7513 150260 510884 3
2565 86985 2435580 5827995 4
2566 48827 1025367 2734312 3
2567 34448 0 1240128 1
2568 76264 1601544 4347048 3
2569 91372 1096464 1918812 4
2570 50733 811728 1268325 5
2571 110772 664632 2326212 5
2572 133002 2394036 5586084 2
2573 116923 1753845 2338460 5
2574 17765 852720 1421200 2
2575 86179 344716 4998382 3
2576 144734 1736808 4776222 1
2577 57584 1036512 2533696 4
2578 85420 854200 3075120 1
2579 43800 876000 2628000 5
2580 128959 5158360 7350663 2
2581 158636 1427724 9359524 5
2582 119382 1790730 7043538 5
2583 130533 1174797 7179315 3
2584 82159 657272 3286360 4
2585 68825 275300 3854200 5
2586 69641 0 139282 2
2587 40797 815940 1264707 4
2588 111428 334284 4011408 5
2589 159241 3184820 7006604 3
2590 127206 1272060 1526472 2
2591 15347 122776 184164 4
2592 136820 0 5335980 5
2593 57438 1378512 2642148 5
2594 137138 4388416 5211244 5
2595 66033 1188594 4028013 2
2596 30694 245552 859432 1
2597 137658 550632 1376580 4
2598 43749 87498 1531215 1
2599 12616 100928 189240 4
2600 68296 273184 2322064 1
2601 2893 52074 173580 5
2602 128182 2563640 4999098 1
2603 155518 4976576 5598648 2
2604 161575 2423625 7270875 4
2605 44458 622412 1422656 2
2606 25761 154566 1519899 5
2607 36600 585600 732000 1
2608 98949 1385286 3364266 2
2609 22723 1136150 1363380 4
2610 124248 1490976 3354696 4
2611 107804 2587296 2695100 4
2612 39170 1096760 2428540 2
2613 137692 3855376 8674596 3
2614 156323 7659827 10160995 4
2615 61040 854560 2746800 3
2616 160245 2403675 4326615 3
2617 132320 529280 4366560 3
2618 105397 2213337 3583498 2
2619 121769 1461228 2922456 4
2620 626 6260 26918 3
2621 48562 874116 2428100 2
2622 138209 138209 2902389 5
2623 2823 28230 138327 4
2624 136643 1093144 3416075 2
2625 133533 1068264 7077249 5
2626 62743 2196005 3513608 2
2627 107457 1719312 7414533 3
2628 100884 403536 5649504 2
2629 19998 0 139986 5
2630 44203 176812 884060 4
2631 13915 27830 41745 3
2632 138927 3751029 8613474 2
2633 89600 2688000 3225600 2
2634 144907 869442 6810629 5
2635 45044 270264 1486452 5
2636 52023 416184 624276 3
2637 35911 0 502754 2
2638 45560 1093440 2232440 1
2639 99420 298260 4374480 3
2640 59680 895200 1671040 5
2641 16982 424550 832118 3
2642 60730 728760 3279420 2
2643 58958 943328 3596438 2
2644 125921 3525788 5162761 5
2645 107928 431712 2914056 3
2646 45981 1471392 3356613 5
2647 52967 847472 1165274 1
2648 41156 164624 1440460 1
2649 100601 704207 4728247 3
2650 106323 0 5103504 1
2651 88373 883730 3269801 2
2652 3629 108870 243143 1
2653 92211 1475376 5256027 5
2654 76125 456750 2283750 5
2655 155390 5594040 9323400 2
2656 71669 1433380 1791725 2
2657 102107 1837926 2348461 1
2658 94403 377612 755224 5
2659 11532 23064 219108 4
2660 10542 42168 305718 2
2661 43829 306803 1753160 5
2662 57396 459168 1894068 4
2663 1631 57085 120694 3
2664 96709 1353926 5512413 1
2665 70888 1488648 3331736 5
2666 97420 974200 1558720 4
2667 68411 478877 1436631 3
2668 25910 310920 1269590 2
2669 13973 335352 712623 5
2670 149852 2097928 8391712 3
2671 40196 643136 2451956 4
2672 101845 1222140 5601475 1
2673 39648 1387680 2933952 1
2674 101519 1015190 5075950 5
2675 63750 765000 3442500 5
2676 40274 805480 2255344 3
2677 23731 284772 1352667 2
2678 93129 372516 3911418 4
2679 71991 431946 3167604 5
2680 138369 1660428 7195188 5
2681 70725 424350 919425 2
2682 4 8 192 4
2683 33395 1068640 1870120 4
2684 62935 755220 2706205 3
2685 27193 217544 1604387 1
2686 157317 3303657 4247559 5
2687 113934 455736 2392614 5
2688 135019 270038 1350190 1
2689 5340 21360 96120 4
2690 58277 0 1456925 4
2691 12410 694960 1303050 5
2692 55825 111650 2344650 5
2693 107638 753466 4628434 4
2694 39100 391000 2385100 4
2695 84885 1697700 2207010 2
2696 46326 555912 2872212 1
2697 126745 1520940 2788390 2
2698 73999 591992 4587938 2
2699 145425 0 3490200 3
2700 38926 700668 2335560 3
2701 104448 417792 2193408 1
2702 68448 0 410688 2
2703 160553 1605530 2568848 4
2704 96157 576942 5000164 5
2705 50752 152256 2892864 3
2706 36426 109278 1712022 1
2707 138586 554344 7899402 3
2708 99652 298956 5381208 1
2709 136212 817272 6946812 5
2710 93068 744544 5211808 2
2711 87974 703792 2287324 5
2712 67936 951104 1222848 4
2713 95959 1535344 3454524 5
2714 3852 96300 184896 5
2715 53135 956430 3666315 5
2716 135751 950257 8280811 1
2717 115420 3231760 6117260 3
2718 84829 678632 4920082 5
2719 137505 962535 7012755 3
2720 127128 1144152 6864912 3
2721 31719 761256 1681107 4
2722 33321 99963 1865976 3
2723 41397 620955 2525217 1
2724 157676 2207464 6780068 1
2725 82251 1233765 2549781 5
2726 11353 136236 715239 1
2727 129707 129707 4150624 3
2728 79550 79550 3897950 2
2729 80319 1927656 5782968 4
2730 31854 254832 891912 4
2731 99612 5578272 6275556 5
2732 135551 4066530 11250733 4
2733 43889 263334 1097225 2
2734 38964 116892 2181984 5
2735 134527 538108 7264458 4
2736 27378 328536 1587924 2
2737 34948 104844 768856 5
2738 75089 3003560 4505340 4
2739 49732 497320 1243300 3
2740 106189 1486646 5628017 4
2741 26114 1253472 1619068 5
2742 94697 1515152 4261365 5
2743 153027 1836324 2601459 2
2744 22681 204129 997964 1
2745 161113 5155616 8700102 2
2746 125317 751902 6516484 2
2747 112103 2690472 4932532 1
2748 152640 2442240 4273920 1
2749 42240 675840 2956800 5
2750 2081 37458 72835 3
2751 73670 0 2504780 1
2752 61202 0 2019666 1
2753 54137 1732384 3139946 3
2754 64949 519592 2468062 2
2755 22593 542232 564825 2
2756 156147 1249176 6402027 2
2757 136124 2177984 6125580 2
2758 88823 177646 1509991 2
2759 91180 5106080 9847440 5
2760 15199 75995 653557 1
2761 6468 155232 394548 2
2762 21665 173320 801605 4
2763 46929 657006 2252592 1
2764 33870 711270 1253190 3
2765 27058 108232 351754 1
2766 60388 120776 301940 4
2767 115260 3457800 3573060 4
2768 159251 1911012 3822024 1
2769 157771 1893252 9466260 2
2770 64538 3097824 4969426 3
2771 13538 54152 622748 4
2772 40723 733014 2443380 5
2773 21319 255828 1151226 1
2774 114642 0 4241754 2
2775 17232 206784 1137312 1
2776 72821 436926 2767198 5
2777 94971 4558608 8452419 2
2778 143409 286818 3298407 2
2779 12532 187980 789516 5
2780 98153 3140896 7361475 3
2781 42816 0 2012352 2
2782 18123 326214 616182 4
2783 65434 1308680 3860606 5
2784 134096 2413728 5900224 2
2785 52006 104012 1664192 3
2786 27553 0 192871 2
2787 14291 0 228656 3
2788 49869 698166 2293974 4
2789 6275 100400 163150 2
2790 20909 167272 961814 3
2791 53813 645756 2044894 5
2792 96494 2315856 5596652 5
2793 150256 1202048 6010240 3
2794 130525 261050 6004150 2
2795 98394 295182 1672698 2
2796 55582 277910 1889788 2
2797 95560 3057920 7835920 4
2798 104376 1670016 5323176 2
2799 9565 229560 612160 2
2800 146158 1461580 8184848 1
2801 126313 1515756 6568276 5
2802 11686 23372 409010 1
2803 70080 1261440 4344960 2
2804 158067 474201 6006546 2
2805 60574 1817220 2665256 1
2806 90473 814257 4704596 5
2807 60290 361740 1627830 1
2808 137278 1372780 7413012 3
2809 15054 210756 346242 2
2810 27723 665352 942582 4
2811 84906 3566052 7811352 2
2812 103612 2901136 3315584 4
2813 109946 2198920 2528758 1
2814 60399 241596 2717955 2
2815 23439 234390 656292 1
2816 39568 1384880 2215808 3
2817 122072 976576 2929728 5
2818 31589 94767 315890 3
2819 113888 1708320 3530528 5
2820 127179 381537 2543580 5
2821 47502 285012 2660112 4
2822 118481 3554430 4146835 5
2823 150126 1201008 7956678 5
2824 121852 974816 3533708 3
2825 34915 837960 1606090 3
2826 147986 1183888 7843258 2
2827 41513 830260 3071962 2
2828 141156 2117340 7622424 4
2829 107419 0 3759665 2
2830 158014 632056 3634322 5
2831 88570 885700 3808510 4
2832 94883 0 3510671 2
2833 148283 3113943 7710716 4
2834 18063 90315 162567 2
2835 43503 261018 2001138 4
2836 14673 264114 337479 3
2837 137255 2196080 2333335 1
2838 138244 552976 1935416 5
2839 44083 1542905 2512731 1
2840 63813 574317 3254463 2
2841 126818 2029088 4058176 5
2842 39914 0 1277248 3
2843 90126 540756 2433402 4
2844 135838 2037570 4075140 4
2845 104511 836088 3657885 1
2846 118082 1062738 5786018 3
2847 51330 1539900 3285120 3
2848 44152 706432 2914032 1
2849 63335 0 1203365 2
2850 56931 1024758 1480206 4
2851 96421 5399576 7231575 3
2852 91990 367960 5151440 1
2853 67849 135698 2035470 2
2854 121855 1462260 5849040 2
2855 43985 1583460 3386845 4
2856 53441 641292 2191081 3
2857 58036 464288 3133944 2
2858 46093 2212464 2350743 5
2859 101488 710416 4161008 2
2860 160429 962574 6898447 1
2861 44392 177568 2219600 3
2862 19870 317920 1371030 2
2863 26513 106052 477234 1
2864 143279 4298370 5587881 3
2865 1789 14312 25046 4
2866 3615 28920 224130 2
2867 148069 2221035 6959243 4
2868 6306 0 315300 3
2869 59126 354756 2956300 1
2870 19523 1249472 1620409 3
2871 144044 576176 5905804 2
2872 147906 2662308 8578548 5
2873 67533 1350660 2363655 4
2874 2487 19896 126837 4
2875 81566 1957584 2202282 3
2876 19364 484100 852016 2
2877 47017 188068 2256816 1
2878 145180 290360 2758420 3
2879 23379 70137 397443 2
2880 90288 722304 2166912 5
2881 63253 632530 948795 5
2882 39360 0 1889280 5
2883 8299 199176 390053 1
2884 6327 50616 341658 4
2885 44554 712864 2450470 5
2886 97227 194454 4083534 2
2887 12780 191700 268380 4
2888 25267 606408 1516020 5
2889 56951 284755 2505844 4
2890 154311 2314665 7252617 1
2891 123553 1853295 7166074 3
2892 82367 494202 906037 2
2893 133357 800142 7734706 2
2894 31537 756888 1198406 1
2895 78369 1567380 1645749 4
2896 117291 1759365 7741206 1
2897 77666 0 3494970 4
2898 63610 0 3244110 3
2899 116463 1863408 3144501 5
2900 83425 417125 1751925 3
2901 25792 154752 361088 5
2902 109330 655980 3607890 3
2903 98880 2768640 4350720 1
2904 134700 4310400 9024900 2
2905 43168 1036032 3323936 3
2906 117491 587455 5874550 5
2907 81002 1458036 1944048 4
2908 152929 764645 4587870 3
2909 158340 3958500 8392020 4
2910 64904 2271640 4673088 3
2911 68683 1098928 4670444 4
2912 89967 4318416 7107393 2
2913 101461 608766 3855518 5
2914 126739 1520868 5829994 2
2915 8914 106968 365474 1
2916 78160 937920 2657440 2
2917 55952 167856 1230944 1
2918 160602 481806 7548294 2
2919 106295 1594425 4889570 3
2920 91316 730528 1278424 5
2921 95355 1430325 3909555 1
2922 138731 2219696 4994316 2
2923 102930 1543950 3911340 1
2924 60264 602640 1265544 2
2925 49577 148731 1289002 1
2926 50317 1408876 2163631 5
2927 141618 849708 6514428 4
2928 120673 1448076 7964418 3
2929 100216 2004320 2806048 4
2930 156163 3747912 12180714 3
2931 86126 344504 2411528 5
2932 128792 643960 6697184 2
2933 74122 2075416 6003882 3
2934 154809 0 8204877 5
2935 93573 748584 4397931 1
2936 8289 0 240381 5
2937 135451 4334432 6908001 3
2938 107086 1285032 4497612 5
2939 126109 3026616 4035488 3
2940 126676 3040224 3673604 3
2941 8684 26052 60788 1
2942 127207 763242 4579452 2
2943 122099 976792 5616554 3
2944 117583 1058247 2469243 2
2945 12878 309072 991606 2
2946 81630 1306080 1877490 4
2947 136946 2738920 3697542 3
2948 31597 189582 600343 3
2949 14337 43011 143370 1
2950 108012 1296144 5292588 5
2951 97457 584742 3898280 5
2952 143276 859656 8596560 3
2953 103836 1038360 5503308 2
2954 148611 1783332 4012497 3
2955 72557 580456 2176710 4
2956 57413 861195 1952042 1
2957 84546 2705472 3804570 3
2958 102711 308133 2875908 3
2959 31871 127484 828646 2
2960 141312 3956736 8196096 3
2961 89184 1605312 1962048 5
2962 64861 259444 3567355 3
2963 122381 4895240 7587622 1
2964 9418 113016 452064 4
2965 80656 4516736 7823632 5
2966 52653 0 2053467 3
2967 32106 128424 1444770 3
2968 15528 124224 201864 4
2969 85077 340308 4253850 1
2970 68623 1097968 2676297 1
2971 19112 764480 1051160 3
2972 74129 444774 3409934 2
2973 133700 0 7219800 5
2974 81731 490386 3024047 1
2975 70262 562096 702620 5
2976 45794 366352 1282232 2
2977 33826 405912 1522170 2
2978 31589 442246 1074026 2
2979 141053 2256848 6770544 4
2980 126131 2270358 4540716 1
2981 117332 1407984 4106620 5
2982 79771 159542 2233588 2
2983 3619 0 115808 1
2984 86028 1806588 4129344 5
2985 47769 668766 1146456 1
2986 1365 34125 101010 5
2987 88019 2112456 3608779 3
2988 12418 74508 211106 4
2989 90418 1446688 2802958 5
2990 80022 320088 4641276 5
2991 30102 602040 903060 4
2992 90473 1085676 4704596 1
2993 97967 1469505 3820713 2
2994 106058 0 5408958 5
2995 54970 274850 2803470 3
2996 67811 610299 3797416 2
2997 113686 0 5456928 3
2998 81970 1229550 4672290 2
2999 127237 2544740 6234613 4
3000 144757 3618925 7527364 1
