0001 30686 276174 1012638 2
0002 23989 191912 887593 4
0003 16040 64160 208520 1
0004 16405 65620 164050 5
0005 16752 134016 251280 4
0006 24213 145278 484260 5
0007 8465 152370 313205 5
0008 7211 14422 122587 2
0009 15973 319460 383352 4
0010 668 3340 23380 4
0011 22261 178088 712352 1
0012 24485 220365 954915 2
0013 13046 52184 456610 2
0014 129 1548 2322 3
0015 14060 281200 604580 5
0016 3379 121644 138539 4
0017 10970 10970 32910 3
0018 29508 118032 236064 1
0019 24601 98404 442818 2
0020 7770 23310 202020 4
0021 21548 129288 280124 3
0022 21705 0 21705 2
0023 6647 53176 59823 4
0024 21245 254940 339920 3
0025 4054 101350 170268 3
0026 1809 7236 52461 5
0027 26758 214064 749224 4
0028 11299 271176 406764 2
0029 7266 108990 159852 2
0030 5285 42280 195545 2
0031 67 804 2546 2
0032 19489 350802 409269 3
0033 19542 97710 390840 2
0034 8444 84440 227988 3
0035 12955 466380 829120 2
0036 23942 359130 383072 5
0037 5975 107550 131450 3
0038 339 678 7458 2
0039 13857 69285 290997 4
0040 18987 56961 550623 3
0041 16453 98718 460684 4
0042 27450 0 631350 2
0043 18065 108390 162585 3
0044 19277 462648 674695 5
0045 2742 32904 35646 5
0046 16641 33282 499230 1
0047 26296 420736 1157024 2
0048 12285 61425 147420 1
0049 29327 29327 322597 3
0050 10660 63960 309140 2
0051 26221 262210 288431 5
0052 19372 174348 639276 3
0053 6946 125028 326462 2
0054 12837 51348 346599 3
0055 24913 99652 672651 5
0056 22226 444520 577876 3
0057 15768 473040 567648 4
0058 30254 60508 605080 3
0059 19940 239280 518440 4
0060 22728 227280 931848 3
0061 24499 293988 979960 3
0062 4857 19428 155424 1
0063 29875 597500 746875 4
0064 22054 176432 551350 4
0065 16444 82220 476876 1
0066 12030 72180 421050 4
0067 5868 46944 176040 3
0068 19899 198990 537273 2
0069 1641 39384 47589 4
0070 12199 48796 109791 3
0071 16778 201336 268448 5
0072 20384 122304 509600 4
0073 8735 157230 340665 4
0074 27784 500112 722384 1
0075 16562 82810 447174 4
0076 18483 517524 757803 4
0077 24614 344596 639964 1
0078 12567 125670 414711 3
0079 29037 174222 667851 1
0080 18664 466600 541256 5
0081 23473 469460 1126704 3
0082 19048 342864 838112 5
0083 30110 541980 1294730 3
0084 18284 292544 804496 2
0085 29585 147925 650870 1
0086 30971 278739 898159 4
0087 11857 94856 142284 1
0088 23853 0 238530 5
0089 17133 85665 582522 1
0090 6547 19641 72017 5
0091 5207 78105 223901 3
0092 27815 27815 111260 2
0093 141 564 1833 3
0094 633 3165 6963 2
0095 15395 46185 215530 1
0096 5977 0 83678 1
0097 14218 213270 526066 1
0098 27579 772212 1461687 3
0099 7456 29824 134208 4
0100 13163 157956 368564 1
0101 9553 143295 324802 5
0102 4752 85536 128304 2
0103 8625 69000 103500 4
0104 17860 53580 375060 5
0105 11014 66084 363462 4
0106 21058 126348 400102 1
0107 23098 346470 461960 2
0108 13134 197010 407154 2
0109 669 1338 2676 1
0110 20705 517625 1035250 2
0111 7201 43206 180025 5
0112 1055 10550 41145 2
0113 199 796 2786 2
0114 6683 160392 327467 2
0115 7322 146440 336812 3
0116 27748 221984 860188 5
0117 14924 179088 417872 5
0118 1350 0 31050 5
0119 17434 261510 784530 3
0120 27569 110276 799501 5
0121 20949 251388 293286 1
0122 3041 30410 94271 1
0123 18744 149952 599808 1
0124 12842 25684 346734 3
0125 2084 12504 16672 2
0126 30396 60792 638316 2
0127 7200 28800 122400 3
0128 8600 25800 111800 2
0129 8617 68936 224042 4
0130 1495 8970 49335 1
0131 13874 332976 735322 4
0132 17006 255090 340120 5
0133 15447 0 200811 3
0134 28479 113916 911328 4
0135 5283 26415 105660 5
0136 30911 618220 1360084 3
0137 19831 475944 1051043 3
0138 13588 40764 258172 3
0139 2664 53280 55944 1
0140 17439 34878 174390 3
0141 5817 34902 215229 4
0142 23585 353775 400945 3
0143 4648 55776 60424 2
0144 10112 424704 525824 3
0145 4475 26850 120825 3
0146 19842 238104 634944 3
0147 8667 43335 121338 3
0148 19964 299460 359352 1
0149 25129 50258 653354 1
0150 21532 172256 301448 2
0151 29503 708072 973599 3
0152 4614 138420 189174 5
0153 5024 100480 256224 4
0154 18928 397488 643552 1
0155 18833 56499 112998 2
0156 4273 17092 106825 4
0157 2721 108840 144213 4
0158 23260 93040 441940 3
0159 12357 444852 827919 4
0160 22908 91632 801780 3
0161 10487 41948 283149 3
0162 22371 0 22371 4
0163 16245 97470 162450 2
0164 24645 147870 690060 3
0165 8966 80694 260014 3
0166 24477 73431 220293 5
0167 13609 163308 462706 5
0168 12033 96264 192528 4
0169 13121 26242 249299 4
0170 21539 323085 689248 5
0171 4899 58788 73485 1
0172 20274 81096 587946 4
0173 25146 100584 502920 5
0174 20840 83360 416800 1
0175 2462 19696 32006 4
0176 19066 228792 552914 5
0177 15619 140571 624760 4
0178 15883 857682 1175342 1
0179 7563 151260 355461 2
0180 9620 144300 404040 2
0181 3033 12132 30330 4
0182 25071 300852 1027911 5
0183 1748 5244 8740 2
0184 26695 961020 1388140 3
0185 14589 175068 612738 3
0186 22039 264468 749326 4
0187 15965 239475 590705 4
0188 16520 99120 313880 2
0189 6668 133360 166700 4
0190 27373 164238 383222 2
0191 30981 278829 681582 5
0192 11510 230200 529460 2
0193 14643 439290 585720 3
0194 29223 350676 818244 2
0195 27786 500148 583506 3
0196 27119 135595 976284 1
0197 2829 16974 99015 1
0198 9331 18662 149296 5
0199 10509 126108 262725 4
0200 5078 45702 142184 5
0201 14429 115432 346296 3
0202 16964 152676 610704 4
0203 28377 851310 1163457 4
0204 16798 201576 369556 1
0205 24794 297528 966966 2
0206 4144 33152 99456 5
0207 6137 184110 227069 2
0208 28956 57912 492252 4
0209 22038 198342 771330 2
0210 28712 143560 947496 5
0211 7907 94884 229303 2
0212 26964 728028 1267308 1
0213 5374 10748 107480 4
0214 11758 94064 446804 5
0215 12478 199648 286994 4
0216 12596 62980 100768 4
0217 3330 99900 199800 5
0218 29632 88896 414848 2
0219 8841 44205 229866 3
0220 17677 159093 265155 3
0221 22704 340560 522192 4
0222 5368 134200 139568 1
0223 29272 234176 526896 4
0224 24089 578136 819026 5
0225 13033 39099 78198 3
0226 26428 158568 792840 3
0227 11889 71334 261558 3
0228 22197 266364 577122 5
0229 4043 48516 101075 4
0230 9866 59196 108526 3
0231 27212 163272 299332 1
0232 26576 318912 345488 4
0233 204 612 4692 5
0234 30025 420350 930775 2
0235 15318 122544 566766 2
0236 19581 58743 450363 1
0237 6817 20451 129523 3
0238 25999 181993 779970 4
0239 5924 17772 82936 3
0240 11240 269760 303480 1
0241 6154 24616 153850 3
0242 12654 126540 493506 1
0243 525 1050 6825 5
0244 21376 64128 684032 1
0245 22688 45376 499136 5
0246 16780 134240 553740 4
0247 25418 101672 737122 1
0248 27409 328908 959315 1
0249 24271 0 121355 1
0250 3980 23880 139300 5
0251 18339 55017 238407 3
0252 30570 305700 855960 4
0253 10066 0 201320 2
0254 20373 183357 713055 4
0255 29954 898620 1767286 3
0256 19240 577200 750360 4
0257 5518 16554 104842 3
0258 3158 56844 116846 2
0259 28151 168906 1041587 1
0260 6305 18915 201760 2
0261 328 656 10168 2
0262 6148 49184 55332 2
0263 2770 22160 83100 2
0264 2171 4342 21710 4
0265 7843 47058 164703 4
0266 10735 161025 214700 4
0267 22308 133848 401544 2
0268 27438 82314 466446 3
0269 7406 66654 214774 5
0270 25850 620400 982300 2
0271 29265 526770 1433985 2
0272 16812 84060 184932 5
0273 12784 191760 536928 1
0274 30946 371352 1052164 2
0275 20421 122526 571788 3
0276 14936 149360 582504 5
0277 3072 36864 46080 2
0278 6735 101025 249195 1
0279 24255 194040 291060 4
0280 28898 260082 491266 2
0281 9699 48495 145485 1
0282 692 0 11072 5
0283 4323 51876 168597 5
0284 5867 46936 117340 1
0285 1762 35240 79290 5
0286 15134 0 45402 3
0287 9029 27087 99319 1
0288 232 2320 5568 2
0289 18514 111084 610962 2
0290 13173 105384 500574 4
0291 1571 0 7855 3
0292 20633 123798 618990 3
0293 30197 452955 664334 2
0294 24637 739110 1207213 4
0295 24806 248060 396896 3
0296 13769 165228 399301 4
0297 2008 32128 68272 3
0298 27825 333900 473025 1
0299 15201 45603 60804 3
0300 22773 136638 660417 3
0301 20786 187074 207860 5
0302 7526 90312 255884 1
0303 29233 175398 993922 5
0304 29456 706944 1590624 5
0305 4857 77712 194280 5
0306 11361 170415 397635 2
0307 15250 15250 427000 1
0308 29836 238688 775736 3
0309 11723 23446 257906 5
0310 25236 0 151416 4
0311 18429 110574 534441 5
0312 22041 88164 154287 3
0313 18837 282555 301392 1
0314 4041 24246 101025 3
0315 30566 764150 978112 2
0316 18259 219108 584288 3
0317 19732 0 473568 5
0318 3692 55380 107068 2
0319 25862 258620 594826 3
0320 25468 611232 764040 5
0321 6855 54840 164520 5
0322 17121 154089 359541 1
0323 1962 3924 23544 2
0324 8110 64880 186530 2
0325 22458 134748 224580 2
0326 9190 183800 321650 5
0327 6556 0 52448 2
0328 28428 85284 227424 4
0329 19981 119886 619411 3
0330 30230 90690 513910 3
0331 18057 270855 577824 4
0332 22982 413676 597532 3
0333 9848 78784 108328 1
0334 23276 69828 279312 2
0335 1870 22440 44880 3
0336 8391 302076 318858 5
0337 16929 50787 423225 1
0338 21453 107265 278889 3
0339 16902 253530 473256 4
0340 12308 221544 578476 1
0341 6827 136540 307215 5
0342 12714 305136 648414 1
0343 16594 165940 613978 1
0344 22695 90780 476595 5
0345 380 3040 6460 2
0346 26814 375396 563094 2
0347 19684 78736 295260 1
0348 22609 135654 497398 2
0349 10861 390996 412718 1
0350 7125 106875 263625 5
0351 21556 86224 732904 2
0352 30049 150245 420686 1
0353 1847 29552 70186 4
0354 29907 358884 1226187 5
0355 15419 15419 123352 1
0356 6108 0 24432 1
0357 26479 158874 847328 2
0358 1707 25605 29019 1
0359 21658 86632 519792 2
0360 25477 0 585971 4
0361 29783 119132 714792 2
0362 22118 88472 420242 2
0363 2842 0 71050 5
0364 12517 312925 563265 2
0365 15705 62820 219870 3
0366 18533 111198 648655 1
0367 12850 154200 411200 3
0368 23896 95584 764672 1
0369 14685 264330 704880 3
0370 17220 206640 619920 2
0371 4122 4122 37098 4
0372 19952 79808 618512 3
0373 17176 515280 841624 2
0374 29164 0 379132 5
0375 14127 84762 98889 2
0376 1731 8655 55392 4
0377 4098 0 90156 1
0378 1825 9125 51100 4
0379 25067 802144 827211 3
0380 7218 86616 238194 3
0381 9648 0 125424 3
0382 10322 144508 175474 2
0383 8133 0 211458 3
0384 30831 123324 184986 5
0385 24498 122490 269478 4
0386 14285 285700 599970 2
0387 16195 64780 502045 3
0388 6333 37998 139326 1
0389 18652 111912 484952 2
0390 21376 85504 235136 1
0391 16367 294606 621946 2
0392 21359 256308 854360 1
0393 3508 17540 115764 4
0394 26725 641400 1416425 2
0395 25116 301392 351624 2
0396 26032 390480 442544 2
0397 28568 685632 1428400 3
0398 15788 189456 521004 1
0399 7067 28268 84804 2
0400 17692 353840 884600 4
0401 14683 220245 396441 1
0402 4758 85644 137982 3
0403 8284 132544 165680 5
0404 27530 0 330360 5
0405 4850 72750 184300 1
0406 22117 265404 575042 2
0407 348 1740 5220 5
0408 18406 92030 460150 4
0409 29204 584080 963732 5
0410 4616 69240 152328 1
0411 2248 0 6744 5
0412 19016 190160 589496 2
0413 12884 154608 463824 1
0414 11561 115610 474001 3
0415 10911 87288 403707 2
0416 11037 220740 562887 2
0417 7108 85296 248780 1
0418 1372 16464 17836 1
0419 22595 45190 316330 3
0420 17029 0 374638 4
0421 216 1296 4536 4
0422 8023 48138 136391 1
0423 27109 216872 1003033 2
0424 9673 145095 406266 1
0425 28675 688200 802900 4
0426 24834 248340 273174 5
0427 2816 2816 33792 2
0428 10761 215220 516528 4
0429 24232 436176 775424 1
0430 23317 186536 559608 3
0431 8298 248940 356814 5
0432 23021 414378 759693 4
0433 4706 18824 42354 3
0434 12061 36183 373891 1
0435 22547 338205 450940 3
0436 22385 111925 604395 1
0437 13984 223744 643264 5
0438 2203 26436 94729 3
0439 2315 69450 127325 3
0440 4024 16096 120720 4
0441 27895 418425 1283170 5
0442 30402 152010 790452 2
0443 25335 304020 608040 1
0444 28723 459568 574460 4
0445 1153 13836 25366 5
0446 15658 375792 735926 5
0447 17780 320040 497840 4
0448 17994 71976 215928 2
0449 25012 50024 675324 1
0450 11326 135912 215194 4
0451 13185 39555 448290 4
0452 9063 0 217512 5
0453 21030 42060 105150 4
0454 2807 22456 67368 5
0455 42 252 1092 5
0456 28980 260820 463680 1
0457 12423 0 360267 5
0458 2844 17064 36972 1
0459 29694 89082 386022 2
0460 8502 25506 280566 5
0461 6378 153072 299766 3
0462 11010 99090 220200 5
0463 20837 104185 125022 1
0464 19467 292005 447741 2
0465 25487 305844 560714 3
0466 27464 274640 384496 4
0467 27605 496890 1159410 1
0468 20556 246672 657792 3
0469 2358 4716 44802 2
0470 18778 338004 826232 3
0471 19214 230568 557206 4
0472 25989 233901 623736 4
0473 10054 0 20108 2
0474 15340 92040 398840 2
0475 11361 204498 499884 1
0476 3063 73512 85764 2
0477 28853 173118 201971 2
0478 17192 412608 464184 2
0479 6575 26300 151225 2
0480 14269 142690 413801 1
0481 3150 3150 78750 2
0482 26519 212152 742532 5
0483 1448 5792 28960 5
0484 29334 352008 792018 1
0485 3704 14816 122232 4
0486 5502 55020 137550 2
0487 24264 727920 1455840 2
0488 4685 56220 140550 2
0489 23331 699930 1119888 5
0490 21104 126624 379872 1
0491 25572 204576 460296 4
0492 17321 207852 381062 5
0493 7168 215040 372736 2
0494 26367 316404 1028313 5
0495 22482 134892 449640 5
0496 3825 11475 91800 3
0497 16904 67616 169040 2
0498 3939 59085 161499 5
0499 14215 213225 412235 3
0500 25317 506340 1291167 3
0501 18909 75636 359271 5
0502 20367 244404 733212 1
0503 20910 376380 460020 1
0504 6614 26456 211648 1
0505 29130 291300 553470 2
0506 29013 464208 899403 3
0507 8676 104112 373068 5
0508 29844 149220 567036 4
0509 4183 125490 175686 2
0510 2051 10255 38969 1
0511 18308 219696 585856 2
0512 15589 62356 171479 4
0513 11236 179776 460676 5
0514 25076 150456 175532 5
0515 14607 131463 365175 4
0516 8317 16634 49902 1
0517 17515 175150 420360 1
0518 20328 325248 650496 3
0519 3359 10077 40308 2
0520 30502 732048 1555602 3
0521 2267 22670 36272 5
0522 7943 15886 79430 4
0523 28803 518454 1267332 4
0524 15748 94488 488188 1
0525 16687 100122 533984 5
0526 801 8010 32040 1
0527 17561 0 140488 2
0528 6920 83040 269880 5
0529 20993 314895 839720 5
0530 12577 251540 327002 1
0531 20263 405260 729468 2
0532 27221 544420 1333829 1
0533 18581 111486 408782 1
0534 2068 4136 47564 5
0535 2503 22527 75090 2
0536 26267 788010 1050680 5
0537 14591 350184 554458 1
0538 27148 407220 1004476 4
0539 22685 544440 952770 4
0540 24342 121710 657234 4
0541 20932 83728 313980 4
0542 1240 4960 31000 3
0543 7388 59104 88656 5
0544 1243 9944 12430 3
0545 11880 71280 190080 2
0546 18933 283995 359727 3
0547 4322 25932 77796 3
0548 10614 127368 233508 5
0549 7256 43536 137864 3
0550 12082 0 72492 4
0551 11394 68364 273456 3
0552 16933 304794 338660 5
0553 17798 106788 658526 2
0554 16834 33668 488186 5
0555 7608 22824 30432 2
0556 18001 36002 234013 2
0557 28844 115376 346128 4
0558 21039 504936 1094028 3
0559 9119 9119 36476 5
0560 14131 113048 438061 2
0561 1818 18180 56358 2
0562 6112 48896 67232 4
0563 22092 132552 618576 4
0564 23430 281160 820050 4
0565 25280 455040 1188160 3
0566 16813 201756 487577 3
0567 27675 553500 885600 5
0568 10052 30156 130676 4
0569 24044 120220 601100 4
0570 11992 47968 395736 1
0571 8988 89880 296604 4
0572 16526 165260 264416 4
0573 5335 32010 186725 4
0574 29633 266697 1007522 2
0575 21552 344832 431040 2
0576 30157 60314 180942 1
0577 1489 8934 47648 5
0578 1158 2316 19686 2
0579 22621 45242 271452 2
0580 14721 176652 500514 4
0581 13188 158256 316512 5
0582 19327 173943 773080 2
0583 29295 468720 1376865 5
0584 12245 183675 367350 5
0585 7772 186528 233160 2
0586 12735 50940 63675 5
0587 26237 734636 813347 5
0588 17726 177260 443150 4
0589 19368 58104 174312 1
0590 24753 866355 1534686 4
0591 914 5484 14624 2
0592 30729 153645 307290 3
0593 8155 163100 195720 2
0594 8121 0 105573 3
0595 27115 244035 271150 4
0596 15962 191544 223468 4
0597 10595 127140 402610 1
0598 10031 60186 100310 3
0599 12928 103424 245632 2
0600 30015 120060 570285 5
0601 20466 409320 654912 4
0602 2419 84665 133045 2
0603 6848 61632 68480 1
0604 26204 209632 812324 3
0605 12643 75858 101144 4
0606 23425 702750 1335225 1
0607 16759 83795 134072 2
0608 29794 119176 923614 5
0609 18324 164916 531396 1
0610 14011 280220 588462 5
0611 23649 47298 709470 2
0612 15702 188424 533868 5
0613 165 1650 2640 4
0614 2864 0 74464 3
0615 12108 145296 326916 5
0616 16565 66260 331300 3
0617 21077 442617 1096004 5
0618 27676 553520 1273096 5
0619 24273 194184 218457 1
0620 20082 361476 461886 1
0621 9340 18680 93400 3
0622 29835 59670 775710 4
0623 29185 116740 554515 4
0624 8988 26964 215712 5
0625 11374 68244 227480 3
0626 87 1044 2610 2
0627 25188 0 100752 1
0628 19332 115992 193320 4
0629 6842 41052 61578 1
0630 16258 0 146322 1
0631 15776 567936 851904 5
0632 6181 61810 234878 1
0633 28548 1199016 1827072 2
0634 3706 44472 55590 5
0635 233 1398 1864 5
0636 24732 197856 272052 4
0637 28108 112432 899456 3
0638 18699 448776 654465 5
0639 9284 18568 194964 3
0640 26697 160182 827607 3
0641 11992 359760 551632 2
0642 30413 456195 851564 3
0643 11231 0 303237 2
0644 3833 91992 153320 4
0645 16708 100248 317452 4
0646 16729 401496 501870 2
0647 24032 720960 1417888 2
0648 29554 354648 886620 1
0649 6700 241200 422100 2
0650 27232 0 190624 3
0651 12017 36051 168238 1
0652 6465 232740 368505 1
0653 7 28 238 5
0654 27379 958265 1615361 5
0655 1106 11060 37604 3
0656 11828 141936 248388 2
0657 66 0 1782 2
0658 1597 1597 35134 2
0659 13901 83406 472634 1
0660 20079 120474 562212 5
0661 26675 80025 160050 2
0662 1883 22596 75320 4
0663 19167 172503 690012 4
0664 2296 2296 50512 4
0665 19764 237168 454572 5
0666 1585 9510 26945 2
0667 511 3066 14308 3
0668 5572 66864 172732 5
0669 8375 83750 108875 5
0670 30346 364152 546228 1
0671 24336 608400 1168128 2
0672 11168 55840 67008 2
0673 18335 220020 605055 4
0674 4008 80160 136272 4
0675 24976 749280 774256 4
0676 18690 0 523320 1
0677 1317 3951 40827 5
0678 13605 54420 353730 5
0679 28519 142595 228152 2
0680 2688 43008 64512 4
0681 2747 16482 57687 2
0682 13197 79182 356319 2
0683 18821 376420 564630 4
0684 407 4070 7326 4
0685 24849 248490 1018809 1
0686 4484 80712 139004 5
0687 24782 99128 322166 1
0688 26136 313632 757944 4
0689 23826 142956 190608 3
0690 14668 117344 513380 5
0691 8800 176000 202400 3
0692 18328 54984 329904 5
0693 23130 46260 138780 4
0694 23386 23386 678194 2
0695 14319 171828 601398 1
0696 29531 295310 590620 3
0697 15358 61432 184296 4
0698 22910 91640 274920 2
0699 4810 48100 57720 2
0700 29147 1165880 2011143 3
0701 5801 58010 203035 5
0702 25088 1053696 1630720 2
0703 21508 129048 516192 2
0704 27609 165654 662616 5
0705 7170 64530 250950 4
0706 17661 52983 600474 2
0707 8737 209688 349480 1
0708 23382 140292 818370 1
0709 9720 48600 330480 2
0710 16452 49356 213876 1
0711 5614 56140 134736 1
0712 27020 81060 891660 2
0713 25680 128400 590640 2
0714 26187 157122 523740 3
0715 19553 117318 625696 1
0716 29912 897360 1405864 2
0717 26021 520420 624504 1
0718 23040 368640 599040 3
0719 17099 273584 683960 3
0720 14107 169284 282140 4
0721 27943 978005 1089777 4
0722 22651 362416 770134 1
0723 7726 46356 193150 4
0724 28746 344952 574920 1
0725 14941 448230 866578 3
0726 3208 57744 99448 4
0727 13109 52436 419488 5
0728 28940 405160 781380 1
0729 19761 237132 731157 4
0730 13261 159132 411091 2
0731 29554 236432 857066 1
0732 25093 150558 878255 4
0733 20383 163064 652256 3
0734 3671 11013 18355 4
0735 22382 268584 514786 5
0736 1683 1683 38709 5
0737 6119 36714 220284 4
0738 23936 119680 622336 4
0739 5106 102120 219558 3
0740 30925 0 834975 3
0741 28192 169152 958528 5
0742 10297 82376 360395 1
0743 6411 0 192330 3
0744 13973 83838 237541 3
0745 4882 58584 165988 1
0746 27790 222320 500220 4
0747 29310 351720 527580 3
0748 20988 524700 1175328 4
0749 29342 176052 1056312 4
0750 19174 38348 594394 3
0751 15864 126912 285552 5
0752 12659 151908 493701 5
0753 23123 462460 763059 1
0754 24069 433242 818346 1
0755 28896 28896 895776 1
0756 6516 78192 280188 3
0757 12036 24072 397188 5
0758 6277 31385 100432 5
0759 13697 410910 465698 1
0760 5551 27755 127673 1
0761 3200 57600 147200 2
0762 26783 80349 910622 1
0763 3169 57042 142605 1
0764 26657 239913 906338 1
0765 29101 291010 1047636 5
0766 25414 76242 737006 5
0767 12632 50528 126320 1
0768 7500 90000 322500 5
0769 19242 230904 346356 4
0770 12294 221292 331938 5
0771 7284 21852 58272 5
0772 20889 208890 626670 5
0773 471 2826 14130 1
0774 11313 135756 181008 2
0775 6052 60520 211820 5
0776 20153 302295 866579 4
0777 18443 110658 147544 5
0778 15185 60740 273330 1
0779 25066 200528 325858 5
0780 26775 535500 1285200 3
0781 21637 129822 692384 4
0782 11885 47540 320895 2
0783 13320 119880 506160 4
0784 30800 616000 1016400 1
0785 28482 227856 484194 5
0786 11391 205038 467031 2
0787 24805 297660 868175 5
0788 6911 55288 96754 4
0789 4005 80100 100125 3
0790 457 0 5941 4
0791 9222 92220 267438 1
0792 29680 1187200 1988560 2
0793 11813 47252 177195 5
0794 9916 59496 237984 3
0795 16913 50739 67652 1
0796 17994 143952 197934 3
0797 21838 262056 327570 5
0798 2415 4830 62790 4
0799 4597 82746 96537 3
0800 12100 48400 121000 3
0801 7167 43002 150507 5
0802 24143 289716 386288 1
0803 5603 33618 112060 4
0804 20012 40024 640384 3
0805 18296 365920 823320 4
0806 19075 171675 763000 2
0807 10303 185454 298787 5
0808 2771 38794 74817 3
0809 2130 4260 61770 1
0810 24051 72153 505071 1
0811 28554 142770 828066 2
0812 10308 41232 185544 1
0813 23004 184032 345060 5
0814 21425 85700 471350 5
0815 18621 167589 502767 3
0816 30970 61940 619400 2
0817 4510 72160 112750 5
0818 23046 92184 483966 4
0819 21341 106705 640230 5
0820 9211 276330 506605 3
0821 28618 0 572360 5
0822 20639 371502 990672 5
0823 12703 50812 139733 5
0824 22906 274872 664274 3
0825 23978 23978 47956 2
0826 2694 32328 105066 1
0827 1290 25800 37410 1
0828 18706 224472 448944 5
0829 13927 167124 445664 5
0830 30992 557856 1146704 5
0831 10069 0 70483 3
0832 13180 329500 619460 1
0833 2400 4800 45600 4
0834 17404 34808 139232 3
0835 9004 18008 243108 4
0836 14174 425220 765396 5
0837 24861 372915 770691 5
0838 11620 232400 592620 5
0839 9839 118068 373882 2
0840 828 9936 14076 2
0841 14756 118048 501704 3
0842 18504 74016 129528 3
0843 28665 85995 487305 4
0844 20564 246768 431844 1
0845 24339 194712 486780 5
0846 18469 332442 868043 2
0847 1710 61560 78660 3
0848 30494 182964 1067290 2
0849 22408 44816 179264 1
0850 3235 25880 106755 3
0851 15686 78430 533324 5
0852 12676 253520 278872 1
0853 16429 147861 492870 4
0854 7322 0 36610 5
0855 11765 141180 270595 2
0856 8504 170080 399688 2
0857 123 246 2706 3
0858 15819 31638 379656 1
0859 9945 99450 109395 4
0860 5186 77790 191882 2
0861 23701 213309 829535 3
0862 5836 17508 122556 2
0863 29291 702984 937312 4
0864 6172 12344 67892 2
0865 6733 20199 228922 1
0866 8939 107268 160902 4
0867 13120 236160 485440 4
0868 4188 125640 196836 4
0869 26552 531040 1301048 2
0870 17536 315648 666368 2
0871 13449 161388 268980 2
0872 13647 409410 805173 2
0873 24742 742260 791744 2
0874 27695 553900 609290 1
0875 26433 528660 1136619 5
0876 9792 39168 117504 1
0877 630 7560 23940 2
0878 13630 272600 313490 1
0879 14036 56144 449152 3
0880 19230 384600 403830 3
0881 14098 253764 549822 5
0882 22881 457620 961002 2
0883 10759 258216 344288 4
0884 12562 314050 565290 1
0885 18350 73400 110100 1
0886 16041 240615 625599 2
0887 8066 48396 193584 1
0888 1179 4716 33012 2
0889 29910 448650 837480 5
0890 8489 127335 373516 1
0891 6340 76080 133140 4
0892 26012 156072 780360 2
0893 24846 149076 447228 1
0894 3206 76944 134652 1
0895 2743 0 2743 5
0896 24324 437832 948636 5
0897 2239 26868 89560 5
0898 16852 84260 151668 1
0899 25123 502460 1256150 1
0900 4529 54348 131341 3
0901 19095 229140 362805 4
0902 14025 126225 392700 5
0903 27662 165972 885184 3
0904 10975 263400 548750 5
0905 23343 93372 303459 2
0906 26086 313032 521720 1
0907 13794 331056 413820 5
0908 27439 82317 823170 1
0909 6259 12518 200288 1
0910 29494 117976 678362 3
0911 23875 286500 811750 5
0912 1460 17520 37960 2
0913 1787 3574 7148 4
0914 15683 235245 313660 4
0915 18588 111528 260232 2
0916 27922 251298 614284 4
0917 16542 33084 264672 5
0918 15177 303540 333894 2
0919 11229 44916 359328 5
0920 27464 659136 1345736 5
0921 11677 350310 618881 3
0922 23231 557544 1115088 1
0923 28090 505620 1264050 3
0924 24669 148014 789408 1
0925 11564 138768 323792 2
0926 21528 86112 688896 5
0927 15303 229545 566211 1
0928 22819 273828 342285 4
0929 20631 371358 618930 5
0930 1949 19490 37031 4
0931 24993 749790 1399608 5
0932 3431 6862 102930 4
0933 28060 0 533140 2
0934 20906 20906 501744 5
0935 3500 147000 189000 3
0936 25282 151692 606768 2
0937 1436 28720 63184 4
0938 14468 86808 217020 2
0939 19525 78100 390500 5
0940 20353 488472 1038003 2
0941 11306 271344 486158 4
0942 6622 13244 132440 3
0943 11761 47044 411635 3
0944 5335 10670 69355 4
0945 3760 22560 127840 1
0946 6374 114732 197594 2
0947 2833 5666 73658 4
0948 28296 282960 452736 2
0949 25452 203616 407232 1
0950 24571 0 614275 5
0951 2117 4234 16936 2
0952 10052 0 10052 1
0953 21945 263340 855855 1
0954 11631 0 151203 1
0955 28780 345360 1179980 3
0956 11560 34680 242760 2
0957 20524 328384 841484 2
0958 23501 94004 775533 3
0959 10453 62718 198607 1
0960 13383 120447 347958 1
0961 19413 174717 621216 2
0962 11615 92920 325220 5
0963 7374 14748 191724 5
0964 21292 212920 404548 5
0965 25823 0 697221 3
0966 374 3740 13464 2
0967 22258 534192 1046126 4
0968 19395 77580 213345 5
0969 8681 130215 225706 5
0970 12547 188205 338769 3
0971 14343 215145 516348 4
0972 8294 298584 481052 1
0973 14335 114680 258030 2
0974 21510 774360 817380 2
0975 19685 590550 1102360 1
0976 10127 151905 425334 1
0977 6134 6134 79742 3
0978 7305 14610 116880 5
0979 22160 66480 332400 4
0980 21887 218870 503401 2
0981 27247 27247 190729 2
0982 4239 25434 59346 3
0983 7396 29584 192296 1
0984 28088 112352 561760 3
0985 15327 15327 383175 5
0986 18859 113154 245167 5
0987 414 1656 4140 5
0988 24436 146616 195488 3
0989 29322 527796 996948 2
0990 20020 300300 820820 2
0991 29688 267192 682824 4
0992 15287 122296 535045 1
0993 20641 61923 516025 1
0994 27934 167604 977690 3
0995 10837 379295 422643 4
0996 14390 201460 374140 4
0997 1484 8904 22260 3
0998 10876 32628 195768 3
0999 8562 102744 299670 5
1000 1451 5804 24667 4
