0001 112127 672762 897016 2
0002 36013 504182 576208 5
0003 72860 72860 2768680 4
0004 72022 1080330 4177276 2
0005 61536 369216 1353792 5
0006 54526 218104 1635780 5
0007 66947 401682 1539781 5
0008 41125 205625 987000 4
0009 42852 642780 1842636 2
0010 104645 1674320 1988255 4
0011 101714 2135994 3254848 3
0012 53455 1282920 3848760 5
0013 20304 568512 588816 5
0014 101589 914301 5587395 3
0015 112024 1008216 3808816 5
0016 105637 1267644 6338220 5
0017 71967 1007538 2734746 3
0018 123906 1239060 6319206 3
0019 124418 497672 2737196 4
0020 39175 822675 1449475 3
0021 61776 370656 864864 4
0022 64388 1158984 1480924 3
0023 96279 4717671 5295345 1
0024 3646 7292 178654 3
0025 9947 19894 417774 2
0026 87315 785835 4627695 5
0027 29761 178566 1428528 3
0028 88035 1320525 5194065 4
0029 63003 1134054 2772132 1
0030 98158 785264 2944740 5
0031 83738 1004856 3182044 2
0032 12735 178290 738630 5
0033 55579 1111580 1222738 2
0034 1349 56658 105222 1
0035 73009 2190270 3285405 4
0036 48452 290712 823684 5
0037 86603 519618 4763165 1
0038 92773 2226552 2690417 4
0039 74485 1489700 4469100 1
0040 11155 312340 602370 2
0041 24733 494660 890388 5
0042 119936 359808 3957888 4
0043 38223 458676 2216934 4
0044 70217 0 3440633 5
0045 35542 568672 2168062 4
0046 21299 1043651 1064950 2
0047 97075 2329800 4271300 5
0048 50730 253650 2536500 2
0049 91439 548634 4389072 1
0050 92051 552306 3497938 3
0051 115906 347718 4752146 5
0052 112933 3952655 8357042 2
0053 84905 849050 1528290 5
0054 107973 1295676 5182704 1
0055 45888 458880 1789632 2
0056 29706 415884 594120 5
0057 29040 232320 1161600 5
0058 11224 33672 246928 2
0059 84922 1273830 5519930 2
0060 112088 2353848 5156048 5
0061 89835 1078020 1886535 2
0062 110672 3873520 6640320 4
0063 73104 584832 1462080 1
0064 74792 448752 822712 1
0065 40758 81516 163032 1
0066 11973 215514 814164 3
0067 116240 2092320 6858160 5
0068 116627 233254 349881 2
0069 28917 607257 809676 5
0070 30953 0 1207167 2
0071 105664 4437888 7819136 4
0072 106982 1604730 2353604 1
0073 66511 1596264 4522748 1
0074 15365 368760 921900 3
0075 49567 495670 1833979 3
0076 75540 1133100 3021600 2
0077 24227 242270 1162896 4
0078 81448 0 1466064 1
0079 121734 1460808 6451902 5
0080 110399 883192 5961546 5
0081 25940 466920 1686100 3
0082 64277 578493 3470958 1
0083 94788 379152 2748852 1
0084 41923 503076 1634997 4
0085 9900 99000 574200 4
0086 77389 928668 1779947 1
0087 65898 197694 329490 5
0088 91121 546726 4556050 2
0089 67485 1417185 1619640 3
0090 102441 1024410 2253702 5
0091 115993 231986 1739895 5
0092 85525 2394700 5901225 2
0093 80748 726732 4037400 5
0094 99546 2090466 2986380 4
0095 45093 1082232 2029185 1
0096 17643 211716 264645 3
0097 57789 866835 1907037 4
0098 117813 4123455 9896292 2
0099 46284 555408 1018248 3
0100 107437 107437 2793362 3
0101 43230 86460 1210440 5
0102 68505 822060 3493755 1
0103 108874 1306488 4681582 2
0104 3606 3606 46878 1
0105 112835 902680 5077575 1
0106 17908 626780 662596 4
0107 24815 74445 769265 4
0108 31196 935880 1154252 5
0109 76070 608560 3651360 1
0110 54869 329214 1042511 4
0111 21860 349760 371620 4
0112 104375 2087500 2400625 2
0113 4222 42220 75996 4
0114 117283 1407396 4456754 2
0115 66973 803676 2478001 3
0116 75800 909600 3486800 3
0117 110315 1323780 5184805 1
0118 113170 905360 5205820 1
0119 15296 321216 963648 4
0120 41826 41826 920172 4
0121 112491 0 5512059 1
0122 40508 40508 2025400 5
0123 58218 349308 2561592 3
0124 28326 793128 878106 3
0125 77877 233631 934524 3
0126 10410 249840 312300 1
0127 124718 1995488 3117950 2
0128 94870 0 3320450 5
0129 78981 1579620 3949050 3
0130 18774 93870 807282 3
0131 107978 3779230 4966988 4
0132 48001 576012 1824038 3
0133 67261 1008915 1614264 2
0134 91198 547188 2827138 4
0135 16108 386592 902048 5
0136 53927 754978 2426715 5
0137 81792 2944512 5316480 2
0138 84551 591857 4142999 1
0139 34654 69308 1316852 1
0140 9316 55896 195636 5
0141 95427 572562 1431405 3
0142 15044 225660 466364 2
0143 25650 102600 1154250 1
0144 3671 22026 84433 4
0145 60700 364200 1031900 3
0146 62336 249344 1870080 3
0147 60058 1801740 3423306 3
0148 101445 1521675 2130345 5
0149 18175 0 181750 4
0150 18683 224196 728637 2
0151 73240 292960 2416920 4
0152 65945 989175 3626975 3
0153 41808 334464 1546896 2
0154 91563 2289075 5585343 4
0155 85403 512418 4270150 5
0156 2886 17316 141414 4
0157 44613 535356 1784520 4
0158 73943 591544 1257031 5
0159 76942 692478 3616274 4
0160 123655 247310 4451580 5
0161 60463 241852 2841761 5
0162 96042 2881260 4033764 5
0163 105085 315255 5254250 2
0164 10613 10613 520037 5
0165 43446 347568 999258 3
0166 124591 1495092 6354141 3
0167 93111 744888 5400438 2
0168 39565 474780 1622165 3
0169 30200 453000 1600600 1
0170 6135 42945 92025 5
0171 5986 23944 113734 4
0172 6112 0 152800 5
0173 13028 312672 403868 1
0174 28093 589953 898976 4
0175 87985 2111640 2463580 5
0176 115652 1387824 5898252 4
0177 33259 199554 997770 5
0178 79436 1270976 3812928 1
0179 27404 246636 1534624 4
0180 123778 1485336 3342006 3
0181 4685 56220 229565 3
0182 123112 0 3324024 2
0183 15229 15229 624389 4
0184 109381 1312572 3172049 1
0185 83170 2495100 5905070 5
0186 58718 0 1350514 3
0187 91924 1378860 5607364 5
0188 16428 246420 344988 5
0189 46401 232005 1670436 4
0190 21160 423200 550160 3
0191 68965 206895 2275845 5
0192 23237 46474 720347 4
0193 81814 1227210 2781676 4
0194 34377 137508 756294 1
0195 24009 360135 648243 3
0196 120174 1442088 3004350 2
0197 1315 26300 80215 1
0198 121207 2908968 7514834 4
0199 33980 271840 951440 2
0200 9391 140865 431986 2
0201 3508 17540 119272 5
0202 111679 893432 2568617 5
0203 90253 1263542 1534301 2
0204 107800 1940400 2371600 1
0205 87912 3076920 5098896 4
0206 106279 850232 3082091 4
0207 19315 309040 965750 1
0208 112628 2815700 6645052 5
0209 93921 0 187842 5
0210 4651 195342 269758 3
0211 63897 766764 3067056 5
0212 120693 362079 5913957 2
0213 28774 258966 460384 2
0214 119162 1668268 4647318 4
0215 22389 537336 1097061 5
0216 57737 1039266 2540428 2
0217 36165 0 1012620 3
0218 35934 646812 1006152 5
0219 62027 2170945 2977296 4
0220 13130 26260 301990 4
0221 114147 228294 3766851 4
0222 58864 2943200 5886400 2
0223 108801 870408 3155229 1
0224 85840 85840 1373440 3
0225 77285 540995 2009410 1
0226 77649 465894 1397682 3
0227 30809 277281 1324787 2
0228 42752 769536 1539072 2
0229 100371 602226 5520405 2
0230 55712 557120 2339904 2
0231 89947 269841 1349205 4
0232 94988 1519808 3229592 2
0233 9528 47640 276312 2
0234 96513 1737234 3667494 2
0235 82867 1243005 4640552 3
0236 107521 322563 1182731 5
0237 124886 2247948 6743844 2
0238 77076 3853800 5395320 3
0239 21041 441861 1241419 2
0240 6747 188916 506025 5
0241 111738 335214 4916472 3
0242 56204 0 1461304 3
0243 99441 1392174 5568696 2
0244 69886 69886 2655668 2
0245 94892 569352 854028 1
0246 73317 1099755 3885801 2
0247 55725 780150 1448850 5
0248 109091 2618184 6218187 5
0249 90178 1352670 5410680 3
0250 87260 523560 3926700 2
0251 81987 0 2541597 4
0252 58782 117564 1881024 4
0253 115281 345843 5994612 1
0254 26655 106620 799650 5
0255 95098 380392 4659802 3
0256 120256 721536 3968448 4
0257 120506 964048 3253662 5
0258 8321 8321 232988 1
0259 115278 115278 5418066 1
0260 45711 685665 2239839 2
0261 29818 417452 1639990 3
0262 101221 1214652 5972039 2
0263 69143 829716 3111435 1
0264 117878 1060902 3300584 1
0265 64088 576792 2627608 1
0266 26149 130745 156894 5
0267 41591 623865 831820 2
0268 40548 405480 2311236 3
0269 87399 3058965 5069142 4
0270 86635 0 2339145 1
0271 26394 158364 1346094 4
0272 69236 830832 1938608 3
0273 53828 861248 2260776 3
0274 81649 0 1959576 1
0275 110995 1664925 6437710 2
0276 97886 195772 3132352 1
0277 111965 111965 1231615 2
0278 39105 586575 1368675 5
0279 92646 2594088 4724946 1
0280 116519 1398228 6874621 3
0281 15701 376824 518133 1
0282 44590 267540 1739010 3
0283 47021 235105 1551693 4
0284 46554 837972 2513916 4
0285 111130 777910 4445200 2
0286 36530 255710 986310 4
0287 12261 306525 686616 3
0288 37927 796467 2541109 5
0289 33121 298089 1291719 3
0290 64367 2317212 4248222 5
0291 36195 217170 615315 4
0292 1397 48895 83820 4
0293 83494 584458 1502892 3
0294 69403 347015 2567911 4
0295 82218 986616 2466540 2
0296 3864 7728 108192 1
0297 13225 52900 476100 1
0298 16749 251235 1004940 4
0299 81224 1705704 1786928 3
0300 21319 85276 426380 1
0301 71102 426612 2701876 5
0302 32307 96921 969210 3
0303 31563 1325646 2114721 3
0304 108235 541175 5519985 5
0305 53709 966762 3061413 2
0306 72354 0 2315328 3
0307 36899 368990 959374 3
0308 77650 621200 4426050 1
0309 7477 59816 127109 1
0310 26511 530220 1617171 3
0311 69822 349110 2583414 1
0312 55327 387289 2102426 5
0313 50679 405432 2939382 1
0314 61396 0 306980 4
0315 60556 1695568 1998348 5
0316 659 1977 23065 5
0317 39613 475356 2059876 5
0318 63732 382392 2613012 4
0319 119948 359844 2878752 5
0320 81076 972912 2999812 3
0321 101709 1627344 2034180 4
0322 45397 680955 953337 5
0323 52162 52162 1408374 5
0324 4052 72936 162080 5
0325 88551 354204 3453489 1
0326 34135 409620 1160590 5
0327 29175 291750 641850 1
0328 107420 644520 4511640 5
0329 98189 1178268 2061969 1
0330 26959 485262 754852 4
0331 118521 948168 6400134 3
0332 103243 929187 2064860 2
0333 11659 93272 512996 4
0334 114874 689244 3331346 5
0335 66710 600390 3335500 2
0336 4761 28566 180918 3
0337 11970 0 143640 5
0338 18773 375460 1220245 1
0339 54457 1524796 3158506 1
0340 64725 2265375 4466025 3
0341 115172 1842752 6219288 1
0342 88129 0 3348902 3
0343 89034 2136816 6410448 1
0344 82853 331412 3728385 5
0345 39783 159132 318264 2
0346 60901 243604 852614 2
0347 120098 1200980 1321078 2
0348 114770 2410170 4705570 3
0349 103808 311424 4048512 2
0350 77575 543025 3025425 1
0351 1278 25560 30672 2
0352 38004 228024 342036 5
0353 45677 319739 1324633 3
0354 23835 286020 1334760 5
0355 28935 260415 1302075 1
0356 8606 51636 180726 2
0357 84303 505818 4468059 5
0358 2173 32595 63017 1
0359 104027 104027 2184567 1
0360 5984 89760 179520 5
0361 5441 76174 233963 5
0362 104628 209256 4289748 5
0363 62491 749892 3374514 5
0364 61263 428841 1592838 2
0365 44421 266526 1732419 3
0366 76320 305280 2213280 2
0367 115184 2418864 4146624 1
0368 101997 1427958 2243934 1
0369 32360 0 1585640 2
0370 77962 623696 3196442 3
0371 65895 329475 3294750 3
0372 104930 3777480 4616920 1
0373 101578 1218936 1523670 1
0374 51815 1243560 1813525 2
0375 73763 221289 516341 3
0376 47189 471890 2123505 4
0377 23977 503517 1510551 1
0378 120865 725190 1571245 2
0379 90497 452485 3619880 1
0380 92839 557034 3713560 2
0381 95480 381920 2291520 1
0382 91876 735008 4501924 5
0383 119811 3594330 6829227 5
0384 4671 56052 270918 1
0385 113476 1021284 4652516 2
0386 36997 332973 1220901 3
0387 122184 4398624 9774720 2
0388 13874 485590 790818 2
0389 94432 2266368 5288192 4
0390 20439 510975 1451169 4
0391 41595 291165 540735 2
0392 112074 2801850 3025998 3
0393 15952 127616 446656 3
0394 8770 17540 105240 2
0395 69067 276268 1726675 2
0396 43763 393867 1137838 4
0397 24144 169008 241440 2
0398 100654 1207848 1912426 4
0399 100683 100683 4631418 1
0400 80169 962028 4890309 2
0401 42742 42742 1453228 4
0402 97188 194376 4179084 1
0403 51384 102768 1181832 2
0404 107073 1070730 2141460 1
0405 57646 518814 2421132 4
0406 966 0 4830 4
0407 50418 201672 1109196 1
0408 345 2415 7935 4
0409 63798 318990 1339758 4
0410 85525 513150 1282875 1
0411 50402 1209648 2368894 5
0412 61318 429226 490544 2
0413 114658 229316 917264 2
0414 124605 623025 4111965 1
0415 42426 1018224 2587986 1
0416 56777 454216 2895627 1
0417 101363 202726 608178 3
0418 109600 876800 5808800 5
0419 83393 1501074 3252327 4
0420 23137 69411 578425 5
0421 124360 1741040 2984640 3
0422 20741 165928 539266 3
0423 15775 15775 347050 4
0424 86295 1035540 1812195 4
0425 97328 389312 875952 5
0426 109203 2730075 3276090 5
0427 38538 578070 1926900 5
0428 27333 573993 1585314 4
0429 116587 699522 3614197 1
0430 88731 2129544 5767515 2
0431 40167 1124676 1566513 2
0432 49583 594996 2826231 5
0433 109989 1319868 2089791 2
0434 96164 288492 2788756 3
0435 76041 1520820 3573927 1
0436 57441 344646 1206261 3
0437 52110 937980 2032290 4
0438 72746 1163936 2327872 1
0439 14381 115048 618383 2
0440 88165 1057980 3438435 3
0441 101253 2126313 5163903 1
0442 23299 69897 745568 5
0443 85583 1198162 1711660 4
0444 30239 181434 544302 4
0445 78353 1096942 1332001 5
0446 94161 282483 4613889 5
0447 44288 797184 1638656 1
0448 10515 315450 599355 5
0449 48042 576504 1489302 1
0450 71522 2503270 5864804 2
0451 100503 603018 4120623 1
0452 3274 19644 163700 5
0453 116460 1630440 5357160 4
0454 11069 88552 287794 3
0455 44267 1328010 2744554 3
0456 73335 586680 3886755 2
0457 1751 17510 71791 5
0458 91294 0 3469172 5
0459 37781 0 1057868 5
0460 17445 209340 959475 1
0461 83440 2086000 3337600 1
0462 64736 64736 2006816 4
0463 75218 451308 3685682 4
0464 84333 1770993 3373320 5
0465 61362 2577204 4049892 5
0466 12498 99984 649896 4
0467 13842 110736 664416 5
0468 60244 542196 1867564 4
0469 69579 834948 4035582 1
0470 3896 3896 116880 2
0471 37956 75912 835032 2
0472 110159 1101590 5838427 3
0473 39698 158792 873356 1
0474 59860 478880 2035240 2
0475 65322 653220 1371762 5
0476 124734 1871010 8107710 3
0477 25078 0 652028 5
0478 107373 1073730 4831785 4
0479 82002 1230030 3936096 2
0480 26446 476028 1428084 5
0481 13887 277740 930429 4
0482 105856 0 4340096 4
0483 77162 2314860 2546346 4
0484 110817 443268 5540850 3
0485 17888 268320 894400 3
0486 97344 0 681408 5
0487 49148 147444 1425292 3
0488 62189 1492536 1803481 2
0489 112881 903048 4515240 1
0490 73804 2656944 3985416 3
0491 96723 1450845 3191859 1
0492 17656 635616 1165296 2
0493 91348 1644264 4202008 3
0494 83031 830310 1577589 4
0495 97408 292224 2240384 2
0496 115750 347250 5208750 3
0497 105417 210834 3057093 1
0498 104940 944460 2623500 3
0499 92451 1109412 2496177 2
0500 113089 791623 1243979 5
0501 34160 102480 1468880 5
0502 51577 412616 2269388 2
0503 86902 1738040 5301022 1
0504 5752 0 281848 2
0505 91548 823932 4028112 5
0506 72583 870996 1451660 4
0507 78407 0 627256 2
0508 84291 2528730 3793095 5
0509 88406 1414496 2386962 1
0510 123317 986536 7029069 1
0511 78643 943716 1258288 3
0512 86396 518376 4406196 1
0513 10975 384125 439000 3
0514 83959 1343344 3442319 1
0515 94196 3956232 4898192 3
0516 24701 1185648 2099585 1
0517 45406 181624 499466 1
0518 35592 0 249144 4
0519 4140 16560 194580 1
0520 97668 2344032 6446088 2
0521 20826 62478 124956 4
0522 22596 271152 677880 3
0523 83394 1250910 4920246 4
0524 56185 786590 1629365 4
0525 107437 644622 752059 2
0526 56686 453488 2494184 4
0527 39104 703872 1876992 1
0528 8778 26334 289674 1
0529 97497 1754946 4777353 1
0530 122419 2448380 4039827 5
0531 117335 234670 821345 3
0532 27387 328644 1177641 3
0533 94510 1134120 5387070 5
0534 91314 456570 4017816 2
0535 62279 249116 1307859 3
0536 108273 1299276 4006101 4
0537 3342 16710 120312 5
0538 52503 315018 472527 3
0539 91205 3192175 4833865 1
0540 94640 2839200 3974880 4
0541 1541 13869 41607 3
0542 102566 1230792 3076980 3
0543 34764 521460 1668672 3
0544 16608 298944 381984 4
0545 51256 1025120 3075360 1
0546 26463 740964 1164372 3
0547 91277 1095324 3742357 3
0548 66813 1002195 3541089 1
0549 3462 51930 117708 2
0550 5303 31818 169696 5
0551 75589 453534 3477094 1
0552 113893 3986255 7972510 5
0553 65719 525752 2957355 4
0554 40087 80174 761653 4
0555 64527 387162 3161823 1
0556 71827 718270 2513945 4
0557 6549 104784 373293 1
0558 43841 1052184 2718142 3
0559 68617 411702 960638 1
0560 69160 276640 1452360 1
0561 21177 84708 317655 5
0562 103853 1661648 6750445 2
0563 41799 250794 961377 3
0564 32988 131952 362868 5
0565 109226 3058328 3713684 5
0566 87598 1313970 2803136 5
0567 47711 954220 1669885 2
0568 17331 51993 190641 2
0569 120520 964160 6387560 1
0570 64134 128268 1154412 5
0571 426 1704 10224 5
0572 88304 2119296 6181280 2
0573 33971 135884 1121043 3
0574 1222 19552 50102 4
0575 13292 398760 544972 5
0576 34926 488964 1257336 4
0577 121294 1455528 6428582 1
0578 76000 152000 760000 1
0579 26928 107712 1373328 2
0580 120212 601060 2404240 5
0581 9268 46340 305844 1
0582 44545 445450 534540 3
0583 23651 47302 141906 4
0584 89573 627011 1612314 1
0585 122178 1221780 6841968 2
0586 121108 1695512 6176508 5
0587 78555 628440 2278095 5
0588 82925 165850 1990200 2
0589 117034 2808816 3276952 3
0590 25668 641700 1309068 2
0591 101284 2025680 2430816 1
0592 41698 416980 1793014 3
0593 74732 896784 2765084 3
0594 113351 3400530 7594517 4
0595 37967 455604 2202086 5
0596 11519 57595 264937 2
0597 66016 792192 2244544 1
0598 24858 149148 696024 5
0599 69895 2446325 5591600 1
0600 46447 92894 1625645 4
0601 90235 360940 1082820 3
0602 76984 307936 4003168 1
0603 4066 48792 182970 4
0604 99644 498220 4284692 2
0605 894 6258 39336 5
0606 30387 607740 911610 5
0607 82606 743454 2973816 4
0608 84949 3397960 4842093 5
0609 71152 0 3415296 5
0610 113377 0 4308326 3
0611 95181 380724 1046991 1
0612 58414 0 1927662 5
0613 98638 4142796 5227814 4
0614 44251 885020 1593036 1
0615 122833 2579493 5404652 3
0616 62744 1568600 3764640 5
0617 68820 481740 1445220 2
0618 28424 284240 1279080 5
0619 25945 25945 1089690 3
0620 73208 2635488 6222680 5
0621 44497 533964 1245916 4
0622 34331 617958 2059860 5
0623 33206 166030 365266 1
0624 80883 970596 1294128 5
0625 56457 677484 1354968 1
0626 120415 3371620 4696185 3
0627 70955 1490055 3334885 5
0628 49827 398616 1594464 1
0629 111526 446104 4572566 5
0630 119535 956280 5857215 5
0631 69890 1397800 4333180 5
0632 22163 177304 842194 1
0633 32422 194532 713284 2
0634 1730 3460 79580 5
0635 98074 196148 1667258 3
0636 34240 821760 1985920 3
0637 6383 44681 159575 1
0638 124812 3494736 9485712 3
0639 119660 1914560 7299260 1
0640 16069 32138 562415 4
0641 79145 712305 1582900 4
0642 105230 841840 1473220 5
0643 71892 1006488 3882168 4
0644 14816 148160 370400 2
0645 25613 717164 1408715 4
0646 63454 1522896 4314872 1
0647 121482 0 6074100 5
0648 39878 159512 1156462 5
0649 14611 409108 1051992 1
0650 51117 153351 1124574 3
0651 73085 0 1461700 5
0652 75798 1212768 1364364 1
0653 124878 749268 6743412 5
0654 95729 861561 5073637 1
0655 90678 1088136 2992374 3
0656 117665 235330 5412590 3
0657 1176 2352 29400 4
0658 34754 34754 1459668 1
0659 19331 0 251303 3
0660 107608 538040 1614120 5
0661 75341 150682 2862958 1
0662 118756 1900096 3681436 3
0663 87280 1571040 3316640 5
0664 26404 237636 1399412 4
0665 14642 234272 717458 1
0666 105734 2537616 7084178 3
0667 12171 194736 340788 2
0668 81114 1297824 3325674 3
0669 76415 382075 2980185 1
0670 113153 0 4299814 2
0671 65225 521800 2674225 1
0672 16606 49818 481574 5
0673 55829 223316 1954015 3
0674 46272 462720 2498688 5
0675 92261 738088 2306525 4
0676 13474 471590 902758 3
0677 50048 750720 2752640 3
0678 88997 355988 2758907 5
0679 19478 19478 564862 2
0680 46171 277026 2077695 4
0681 72956 1021384 3793712 5
0682 121486 1457832 6438758 3
0683 50422 0 2016880 1
0684 9742 146130 574778 3
0685 28961 579220 1505972 1
0686 17806 106836 587598 2
0687 56915 569150 2618090 2
0688 54398 543980 2719900 1
0689 86629 173258 259887 5
0690 123046 123046 5906208 5
0691 92291 1661238 4153095 1
0692 105125 1261500 6307500 3
0693 38545 192725 1156350 1
0694 28955 0 434325 1
0695 189 567 8883 2
0696 71123 640107 2489305 2
0697 56250 675000 1406250 3
0698 101830 1629280 4276860 3
0699 124348 994784 1243480 1
0700 19636 39272 235632 5
0701 106655 4266200 5866025 1
0702 97694 1953880 4103148 1
0703 51349 205396 410792 3
0704 15331 229965 321951 2
0705 16486 65944 511066 3
0706 1153 13836 58803 4
0707 74736 448416 2914704 5
0708 32394 583092 1457730 5
0709 74933 1348794 1573593 2
0710 16002 224028 400050 2
0711 20326 121956 162608 1
0712 123836 123836 5201112 5
0713 91136 637952 4101120 5
0714 124913 1124217 6745302 4
0715 13384 0 160608 4
0716 121120 1453440 1574560 5
0717 68611 1440831 4802770 4
0718 115177 0 4837434 5
0719 87224 610568 1570032 1
0720 41527 0 1578026 1
0721 18962 94810 549898 2
0722 47120 235600 2497360 3
0723 79388 476328 1190820 5
0724 89618 1075416 3584720 2
0725 113123 452492 2262460 1
0726 4881 39048 263574 5
0727 33842 203052 1590574 4
0728 53822 107644 2368168 1
0729 44363 1330890 2173787 4
0730 14889 89334 610449 3
0731 82493 2474790 3299720 3
0732 9233 184660 369320 5
0733 35376 636768 742896 5
0734 73057 292228 1095855 4
0735 116760 2335200 5254200 1
0736 37339 149356 672102 5
0737 40433 849093 2709011 2
0738 109978 0 4289142 3
0739 12291 258111 614550 4
0740 40942 614130 2661230 5
0741 57120 171360 2798880 2
0742 99309 1787562 5362686 1
0743 57491 1207311 3104514 1
0744 22896 137376 1144800 3
0745 35894 107682 251258 1
0746 6941 27764 187407 2
0747 65892 131784 593028 1
0748 11980 71880 95840 3
0749 40478 80956 526214 1
0750 62792 1004672 1130256 1
0751 76224 381120 4192320 3
0752 86220 1724400 2586600 3
0753 44001 0 1320030 3
0754 42316 380844 1819588 3
0755 74334 1486680 2155686 2
0756 48010 192040 1104230 5
0757 21038 0 589064 1
0758 86759 607313 4771745 4
0759 8133 48798 333453 3
0760 89902 0 1078824 5
0761 109353 437412 765471 3
0762 13012 273252 364336 4
0763 115556 3235568 6817804 4
0764 58123 232492 581230 4
0765 52407 1048140 2358315 2
0766 54886 439088 2689414 3
0767 48479 969580 3054177 3
0768 53107 743498 2389815 4
0769 9864 39456 355104 3
0770 47446 0 1613164 1
0771 105835 423340 529175 4
0772 86671 780039 1820091 1
0773 54708 547080 875328 3
0774 104431 731017 4386102 5
0775 68793 412758 2338962 3
0776 41056 164224 410560 2
0777 110349 2648376 3972564 5
0778 2379 9516 126087 3
0779 50480 454320 656240 5
0780 23525 352875 870425 1
0781 3439 123804 233852 3
0782 17933 53799 125531 5
0783 30567 611340 2139690 5
0784 17413 243782 1114432 2
0785 76586 306344 1914650 5
0786 46287 740592 2268063 3
0787 104229 1876122 4794534 1
0788 63720 764640 3759480 1
0789 72988 1094820 3357448 5
0790 10715 192870 225015 2
0791 108704 543520 869632 1
0792 61906 742872 1919086 4
0793 84644 169288 3131828 1
0794 71328 1283904 2567808 3
0795 42297 507564 888237 2
0796 27436 384104 1234620 2
0797 70259 843108 1124144 4
0798 95775 95775 3160575 3
0799 76452 305808 3746148 2
0800 22886 0 1098528 4
0801 46210 184840 2449130 2
0802 74320 1040480 2303920 4
0803 49054 588648 2648916 5
0804 52737 1054740 3269694 1
0805 108412 2601888 7914076 1
0806 50918 101836 967442 1
0807 102128 1021280 2859584 3
0808 111358 445432 5901974 5
0809 31535 630700 2207450 2
0810 113719 1705785 7278016 1
0811 46090 691350 2903670 3
0812 104377 2505048 5323227 3
0813 93308 746464 1399620 4
0814 48881 195524 1270906 3
0815 99552 1194624 2887008 4
0816 88025 1760500 3873100 3
0817 86155 172310 1895410 3
0818 89925 3776850 4406325 1
0819 84708 338832 1863576 1
0820 12361 148332 568606 3
0821 106240 1062400 1699840 4
0822 84666 423330 4402632 3
0823 36272 72544 1813600 5
0824 31976 639520 959280 5
0825 21613 129678 778068 1
0826 20237 283318 1092798 5
0827 59272 118544 355632 5
0828 85089 340356 3573738 5
0829 107599 215198 4626757 2
0830 73658 662922 1988766 3
0831 123057 2953368 5291451 4
0832 70529 211587 775819 5
0833 2660 0 82460 1
0834 32104 802600 1348368 5
0835 21838 131028 196542 2
0836 49581 0 1784916 4
0837 116434 465736 3376586 4
0838 67421 943894 2561998 1
0839 17724 283584 478548 1
0840 31606 189636 1232634 3
0841 19799 277186 871156 2
0842 54597 163791 1910895 2
0843 54230 867680 1138830 1
0844 103231 1445234 3819547 3
0845 3320 26560 102920 5
0846 9462 283860 510948 3
0847 108092 4539864 6917888 3
0848 104968 839744 4828528 3
0849 74714 2614990 4856410 1
0850 27562 137810 689050 5
0851 104046 3745656 4369932 2
0852 48612 486120 1993092 4
0853 112239 897912 3703887 1
0854 12056 108504 313456 2
0855 90754 2178096 3176390 1
0856 3838 0 80598 3
0857 57440 574400 3101760 3
0858 120798 362394 1207980 1
0859 86218 1034616 4914426 1
0860 50177 150531 2458673 5
0861 102882 308646 3189342 3
0862 58651 1231671 3225805 3
0863 121871 487484 1218710 3
0864 17915 0 161235 3
0865 50858 406864 2390326 1
0866 24372 73116 341208 2
0867 35822 143288 1074660 1
0868 7638 38190 328434 1
0869 123019 1722266 2952456 2
0870 55854 670248 2122452 1
0871 11317 67902 305559 1
0872 64322 1157796 1479406 3
0873 9506 114072 209132 5
0874 8466 101592 457164 3
0875 103373 310119 2997817 3
0876 74214 0 1335852 5
0877 119985 479940 1439820 5
0878 27273 272730 1581834 1
0879 118793 4989306 8909475 1
0880 93181 559086 1956801 4
0881 65689 985335 2299115 3
0882 109561 657366 5478050 4
0883 121912 365736 6339424 4
0884 16400 328000 623200 3
0885 2813 22504 146276 2
0886 82714 2315992 6120836 4
0887 56592 792288 2320272 5
0888 116625 2449125 5014875 5
0889 33523 67046 402276 1
0890 124567 2491340 2865041 5
0891 41049 820980 1683009 4
0892 28382 340584 681168 2
0893 52048 1249152 3799504 2
0894 95199 475995 5140746 1
0895 117938 471752 825566 5
0896 62235 746820 2613870 3
0897 44805 1254540 3494790 5
0898 47266 992586 1039852 3
0899 48592 971840 2769744 4
0900 28342 396788 425130 5
0901 15334 184008 429352 2
0902 123221 0 3696630 4
0903 9674 116088 503048 5
0904 55424 110848 277120 1
0905 115294 461176 1268234 3
0906 5108 30648 275832 4
0907 7916 166236 403716 5
0908 7902 71118 316080 1
0909 16650 166500 882450 5
0910 33729 404748 438477 4
0911 19273 115638 481825 3
0912 73259 1831475 2857101 2
0913 104623 3138690 7218987 5
0914 100977 1211724 3130287 2
0915 24971 49942 1273521 4
0916 117337 352011 3168099 4
0917 49954 0 1098988 3
0918 97083 1747494 5824980 1
0919 85763 1543734 4716965 2
0920 101234 1214808 1822212 2
0921 47323 0 2224181 2
0922 79880 1198200 2715920 3
0923 709 7090 11344 2
0924 25065 1052730 1278315 3
0925 16024 224336 240360 5
0926 51843 259215 2747679 2
0927 109731 2304351 4498971 3
0928 82511 495066 1155154 4
0929 9236 184720 230900 5
0930 68252 1092032 1842804 4
0931 93881 281643 4787931 4
0932 96749 580494 1354486 5
0933 17037 255555 545184 3
0934 111568 223136 5020560 1
0935 38280 76560 1454640 2
0936 40253 40253 1811385 3
0937 75144 901728 3306336 2
0938 20269 81076 831029 3
0939 100859 1512885 2924911 3
0940 50990 611880 2192570 2
0941 118793 237586 950344 4
0942 103659 2073180 2176839 4
0943 105548 633288 2955344 4
0944 87903 791127 2285478 4
0945 120998 0 3145948 4
0946 22100 88400 331500 2
0947 60057 720684 2041938 5
0948 48568 242840 1942720 4
0949 4080 36720 130560 3
0950 55054 660648 1156134 4
0951 97215 3402525 7485555 5
0952 12595 37785 466015 4
0953 108647 434588 1195117 5
0954 110719 885752 1771504 3
0955 2683 75124 185127 2
0956 59799 1195980 1853769 1
0957 124497 248994 3734910 2
0958 117499 352497 4347463 2
0959 25649 0 795119 1
0960 65777 2302195 4801721 2
0961 4317 129510 310824 2
0962 34134 409608 1467762 4
0963 73226 1537746 2123554 1
0964 117553 2468613 4584567 4
0965 63076 378456 1703052 3
0966 46889 984669 1828671 1
0967 20503 246036 389557 3
0968 100475 602850 1708075 5
0969 53346 106692 1280304 1
0970 123789 247578 1733046 5
0971 3384 67680 223344 2
0972 18695 448680 1233870 2
0973 80763 2422890 6137988 4
0974 37958 0 1670152 1
0975 43428 521136 998844 2
0976 51435 154305 874395 4
0977 29583 177498 798741 5
0978 41327 1239810 1570426 1
0979 98545 1379630 6011245 3
0980 42608 894768 2897344 2
0981 22950 206550 963900 4
0982 34637 415644 969836 3
0983 61610 924150 1047370 1
0984 108557 542785 1194127 4
0985 44154 441540 1280466 1
0986 66270 1192860 2915880 5
0987 8767 52602 166573 4
0988 39360 157440 314880 1
0989 99164 1586624 2974920 5
0990 39968 359712 1079136 2
0991 31348 156740 501568 5
0992 115132 230264 4144752 4
0993 53751 161253 2418795 3
0994 37139 779919 1708394 2
0995 45265 543180 2444310 1
0996 101258 2835224 7898124 3
0997 90512 362048 3167920 5
0998 41046 492552 615690 1
0999 118209 1773135 5201196 1
1000 38100 76200 1790700 4
1001 2792 83760 89344 5
1002 114534 229068 2061612 2
1003 106415 638490 3511695 4
1004 45923 0 551076 4
1005 49118 491180 1768248 4
1006 105205 1578075 4208200 5
1007 49577 694078 1784772 2
1008 47630 476300 1238380 2
1009 23943 430974 1125321 3
1010 6947 125046 277880 5
1011 31881 318810 1721574 1
1012 83042 249126 4069058 2
1013 30155 542790 874495 4
1014 46014 1380420 2576784 4
1015 37233 1563786 2196747 3
1016 16272 146448 683424 3
1017 112165 336495 3589280 1
1018 21064 105320 990008 1
1019 27474 0 879168 5
1020 60420 543780 3262680 2
1021 92749 370996 4544701 2
1022 56824 454592 2898024 1
1023 75426 678834 2790762 4
1024 100918 302754 2522950 4
1025 32533 520528 1529051 3
1026 112389 449556 674334 2
1027 72100 721000 4109700 4
1028 24075 866700 2022300 1
1029 69163 691630 1798238 3
1030 26770 187390 455090 4
1031 117389 0 5634672 2
1032 1930 46320 100360 3
1033 60823 1216460 2128805 2
1034 53295 213180 1705440 2
1035 96713 3481668 6673197 5
1036 26623 26623 505837 2
1037 84847 1696940 2121175 2
1038 28006 280060 1652354 4
1039 85580 2396240 2824140 4
1040 90707 2176968 3174745 4
1041 40692 854532 1871832 4
1042 12963 90741 168519 4
1043 34566 138264 622188 3
1044 102834 1542510 6170040 3
1045 34438 275504 1446396 2
1046 21652 129912 757820 1
1047 69670 1393400 3762180 5
1048 100009 600054 4400396 3
1049 113952 227904 3532512 3
1050 13112 13112 590040 3
1051 111721 1117210 2681304 4
1052 43015 1032360 1204420 4
1053 49567 198268 1437443 3
1054 9638 48190 530090 1
1055 103101 618606 3711636 2
1056 62695 1504680 3385530 4
1057 115791 1621074 4400058 4
1058 11324 45296 566200 3
1059 31097 1306074 2705439 1
1060 41397 496764 2318232 5
1061 106860 854880 3633240 1
1062 111110 2222200 2888860 3
1063 8548 0 264988 1
1064 58639 703668 3107867 5
1065 31490 787250 2361750 4
1066 70522 141044 2397748 4
1067 88552 619864 3453528 1
1068 52010 208040 572110 3
1069 53887 323322 1077740 3
1070 19506 487650 1345914 5
1071 100578 905202 3117918 2
1072 92320 1292480 5077600 5
1073 112324 561620 1123240 3
1074 81080 1621600 2675640 4
1075 106005 1484070 6784320 3
1076 110674 885392 5865722 3
1077 83827 3017772 5784063 2
1078 71260 285040 3705520 3
1079 109483 328449 2956041 2
1080 22271 445420 824027 3
1081 36981 0 443772 3
1082 88503 0 4071138 2
1083 85154 510924 1362464 4
1084 110692 221384 5423908 2
1085 90639 3625560 7432398 2
1086 5593 111860 223720 4
1087 23768 142608 974488 1
1088 55861 55861 614471 4
1089 94946 1709028 5127084 1
1090 7073 106095 452672 1
1091 1719 25785 80793 1
1092 90164 631148 2704920 5
1093 53862 323172 1077240 1
1094 119636 717816 3589080 5
1095 97512 292536 1365168 1
1096 86972 1739440 4696488 3
1097 49407 0 2075094 1
1098 25160 377400 1484440 5
1099 74849 1347282 3592752 2
1100 23818 381088 1500534 2
1101 378 0 378 5
1102 48849 1025829 2735544 1
1103 27810 389340 1752030 3
1104 72189 1443780 1876914 3
1105 37462 299696 1685790 5
1106 119794 5031348 10901254 2
1107 34939 104817 1083109 1
1108 103999 311997 4263959 2
1109 1907 5721 76280 1
1110 121210 4242350 8605910 4
1111 108870 653220 979830 2
1112 17091 85455 119637 5
1113 20190 242280 908550 4
1114 38316 1072848 1724220 5
1115 58210 1397040 3259760 2
1116 78121 234363 1874904 1
1117 54323 54323 2716150 5
1118 119014 1190140 2856336 5
1119 51288 718032 1948944 3
1120 47953 767248 1678355 4
1121 119474 2150532 2747902 5
1122 1827 25578 78561 1
1123 117547 3526410 6700179 1
1124 42849 1499715 2442393 2
1125 85802 1801842 5920338 2
1126 32952 263616 1285128 3
1127 14796 133164 384696 4
1128 91270 821430 5202390 2
1129 82296 2715768 3374136 2
1130 111515 557575 5241205 1
1131 46296 555552 1388880 1
1132 27186 815580 869952 4
1133 121265 1212650 6912105 3
1134 108303 1949454 3682302 3
1135 61956 123912 2416284 2
1136 22944 45888 688320 1
1137 107754 1293048 6357486 3
1138 6104 48832 207536 5
1139 35209 35209 1725241 3
1140 86711 433555 1300665 5
1141 108711 434844 2500353 1
1142 85534 513204 684272 1
1143 74957 599656 3223151 3
1144 102267 102267 2147607 3
1145 64984 1299680 1559616 1
1146 50591 151773 455319 4
1147 46021 1288588 3589638 5
1148 17984 17984 89920 5
1149 54648 54648 2787048 2
1150 87825 263475 1932150 3
1151 14190 255420 411510 4
1152 74722 74722 3661378 2
1153 31766 0 1334172 4
1154 33129 331290 1026999 2
1155 39107 234642 938568 4
1156 609 9744 21315 2
1157 3545 35450 173705 5
1158 40749 244494 2118948 5
1159 36262 0 906550 5
1160 117749 941992 1883984 3
1161 108456 433824 3687504 4
1162 19351 290265 967550 2
1163 124989 1999824 6249450 3
1164 107662 3014536 4414142 4
1165 112462 3148936 8434650 4
1166 76588 2144464 4442104 4
1167 9776 117312 391040 3
1168 42395 84790 1907775 5
1169 65329 261316 1371909 2
1170 20330 203300 426930 3
1171 23027 138162 1128323 3
1172 99378 198756 1192536 3
1173 20421 40842 714735 4
1174 60152 360912 1744408 3
1175 64005 1152090 4096320 3
1176 79652 955824 4062252 1
1177 106739 2668475 2775214 4
1178 102041 510205 1632656 2
1179 40470 1618800 3359010 4
1180 33600 134400 1545600 4
1181 93812 375248 3752480 2
1182 120913 2539173 7980258 1
1183 43820 438200 2629200 4
1184 49181 1475430 1819697 5
1185 101743 1831374 4781921 3
1186 35289 564624 1693872 4
1187 59969 179907 2878512 2
1188 97699 293097 4689552 2
1189 95172 856548 1713096 2
1190 106574 852592 5648422 3
1191 67641 1014615 2773281 4
1192 60533 484264 3510914 1
1193 20148 80592 261924 3
1194 12800 192000 320000 1
1195 4416 8832 26496 5
1196 69893 139786 3145185 5
1197 75738 151476 227214 4
1198 39942 479304 1397970 2
1199 23096 577400 1455048 3
1200 55612 222448 1501524 1
1201 37664 338976 979264 3
1202 99359 1589744 4173078 3
1203 98394 1475910 6100428 5
1204 122252 2934048 7824128 1
1205 77125 77125 2159500 2
1206 82918 1326688 5223834 5
1207 42991 257946 300937 1
1208 81970 2868950 6311690 5
1209 60999 487992 2134965 2
1210 71390 1427800 4069230 3
1211 60453 725436 2236761 2
1212 103748 622488 5602392 5
1213 73168 73168 1902368 4
1214 65719 788628 3877421 1
1215 117212 234424 6095024 5
1216 100545 1206540 3317985 2
1217 38586 463032 1466268 4
1218 68026 0 2789066 2
1219 95524 191048 668668 4
1220 114482 343446 3777906 1
1221 92785 742280 3804185 4
1222 108861 435444 1850637 1
1223 38376 805896 1650168 4
1224 79692 318768 956304 3
1225 88862 444310 2754722 5
1226 68688 1099008 2060640 2
1227 52470 419760 472230 5
1228 37055 666990 1889805 5
1229 72267 578136 2457078 1
1230 39261 1374135 2394921 2
1231 75637 0 2949843 1
1232 72486 434916 942318 3
1233 113249 1358988 5435952 3
1234 82119 328476 2135094 3
1235 57897 347382 521073 5
1236 114288 228576 685728 1
1237 60332 844648 1206640 2
1238 90723 1814460 3901089 4
1239 72607 435642 2396031 5
1240 111068 666408 2776700 4
1241 8567 51402 334113 5
1242 36934 147736 554010 3
1243 93684 374736 936840 4
1244 85941 515646 859410 4
1245 39672 1190160 1467864 5
1246 16403 196836 393672 3
1247 61911 0 1114398 1
1248 89827 89827 3682907 3
1249 61586 246344 1909166 4
1250 59094 354564 1418256 1
1251 6986 20958 55888 2
1252 90540 362160 3078360 3
1253 26900 0 1156700 1
1254 36619 146476 1537998 4
1255 30386 273474 364632 3
1256 39919 598785 1995950 2
1257 45281 1086744 1992364 3
1258 99922 699454 5395788 3
1259 13348 186872 253612 3
1260 72785 436710 1892410 1
1261 83680 669440 3347200 4
1262 7907 158140 363722 3
1263 2823 33876 50814 5
1264 22070 331050 507610 5
1265 95799 766392 5364744 1
1266 26429 422864 502151 2
1267 58333 874995 2566652 4
1268 31423 94269 879844 5
1269 110173 991557 2864498 5
1270 59235 710820 1658580 5
1271 31895 255160 956850 5
1272 123248 2218464 5176416 2
1273 104830 419320 3354560 3
1274 56046 784644 2522070 1
1275 47410 1137840 3223880 4
1276 108591 651546 5972505 2
1277 63051 252204 1765428 1
1278 68673 1236114 2884266 3
1279 13152 26304 381408 4
1280 87119 522714 2700689 1
1281 77011 462066 2541363 1
1282 117281 586405 1290091 4
1283 123785 1485420 6189250 3
1284 8620 362040 732700 3
1285 93877 938770 5632620 4
1286 32535 780840 1724355 1
1287 84760 169520 2373280 5
1288 60366 905490 965856 5
1289 37812 226872 1777164 2
1290 63387 380322 824031 5
1291 36846 1031688 1105380 5
1292 85058 850580 4678190 3
1293 84188 1515384 4967092 3
1294 82374 823740 4695318 4
1295 30117 0 783042 2
1296 92511 2775330 7308369 2
1297 52799 158397 1372774 5
1298 58812 705744 3469908 1
1299 118868 2852832 5705664 4
1300 112356 674136 6067224 3
1301 21808 130848 676048 3
1302 76128 228384 1218048 1
1303 58828 882420 3117884 5
1304 6835 136700 293905 2
1305 47195 0 943900 1
1306 75379 226137 2713644 1
1307 35496 1064880 2023272 5
1308 115347 346041 2537634 2
1309 74079 296316 1185264 3
1310 65539 655390 917546 2
1311 99756 1197072 4289508 5
1312 101061 707427 4143501 1
1313 86510 1730200 3114360 2
1314 69941 419646 979174 5
1315 58044 116088 174132 3
1316 119351 238702 954808 2
1317 117671 2118078 7295602 4
1318 61432 1228640 2580144 2
1319 88879 0 3110765 4
1320 71280 71280 2851200 4
1321 83525 1503450 3257475 3
1322 59026 118052 1652728 3
1323 21745 913290 1935305 3
1324 104029 624174 4057131 5
1325 30099 180594 240792 1
1326 21720 0 304080 2
1327 53699 322194 966582 4
1328 121722 973776 2434440 5
1329 28095 168570 365235 4
1330 38420 1383120 2420460 1
1331 115459 346377 5426573 4
1332 1301 3903 63749 4
1333 52066 0 2134706 3
1334 33867 0 135468 2
1335 40423 1778612 3557224 1
1336 35884 574144 968868 3
1337 9370 74960 252990 5
1338 120345 240690 4693455 1
1339 104078 1873404 5099822 5
1340 89335 1340025 5002760 3
1341 92915 1114980 4459920 3
1342 1067 5335 9603 1
1343 62114 1304394 2049762 3
1344 36047 144188 1766303 1
1345 40162 803240 1767128 3
1346 29968 179808 1588304 3
1347 8475 67800 449175 3
1348 5227 156810 277031 2
1349 98137 1570192 2355288 3
1350 106878 320634 2137560 4
1351 66247 993705 4041067 3
1352 117070 1404840 4331590 4
1353 17551 157959 403673 5
1354 33032 396384 1123088 3
1355 27245 163470 1062555 3
1356 110759 664554 6202504 3
1357 91906 1286684 5238642 1
1358 11251 45004 461291 2
1359 85413 2049912 4697715 3
1360 63885 255540 2874825 4
1361 38833 388330 2058149 4
1362 112242 673452 5612100 5
1363 22800 0 228000 5
1364 22530 270360 337950 1
1365 50470 353290 2523500 2
1366 52695 632340 1211985 5
1367 60753 486024 1761837 4
1368 65774 394644 855062 4
1369 118950 237900 832650 2
1370 25072 75216 1303744 5
1371 52586 105172 420688 2
1372 35019 525285 2171178 5
1373 23974 191792 671272 5
1374 120117 960936 1921872 3
1375 115669 1156690 3932746 4
1376 66302 596718 3381402 4
1377 79983 1919592 3119337 2
1378 94237 1413555 2638636 3
1379 123876 991008 1734264 2
1380 77955 311820 3819795 4
1381 51222 1536660 2612322 5
1382 113248 2378208 3057696 3
1383 98612 2761136 7001452 4
1384 102759 2466216 7398648 5
1385 82767 496602 1655340 4
1386 70317 843804 914121 4
1387 120592 723552 6511968 4
1388 101202 910818 2833656 5
1389 40964 819280 2703624 3
1390 80687 1452366 5244655 2
1391 5294 26470 169408 3
1392 101279 303837 5165229 1
1393 16887 506610 574158 3
1394 7842 54894 282312 5
1395 108417 2602008 4553514 1
1396 42584 255504 723928 1
1397 105729 2220309 6660927 4
1398 82695 1323120 2150070 2
1399 49400 1185600 1926600 4
1400 65415 981225 2747430 3
1401 93476 280428 3084708 5
1402 98371 688597 1967420 4
1403 61864 309320 2165240 1
1404 33978 67956 271824 1
1405 82473 1154622 3298920 5
1406 113620 2726880 4203940 1
1407 21665 129990 151655 1
1408 66892 1872976 2675680 5
1409 103452 620712 3931176 1
1410 10692 224532 277992 4
1411 37944 151776 1365984 1
1412 106205 212410 5097840 1
1413 115328 4036480 9687552 5
1414 65149 977235 1107533 3
1415 55253 0 2044361 4
1416 44537 534444 1380647 4
1417 95085 95085 1426275 5
1418 119814 1198140 1677396 2
1419 110641 1327692 5200127 5
1420 81511 163022 4238572 5
1421 115475 692850 4157100 4
1422 33772 844300 2060092 5
1423 87957 351828 1055484 1
1424 533 7995 9061 2
1425 111037 1554518 4774591 2
1426 67084 1341680 4561712 4
1427 55280 55280 165840 1
1428 24987 449766 1124415 4
1429 58215 0 640365 4
1430 75231 376155 1354158 2
1431 53706 805590 3222360 1
1432 103388 2584700 4445684 5
1433 35798 143192 1073940 4
1434 56561 226244 2149318 1
1435 6579 92106 375003 5
1436 96003 288009 2880090 2
1437 72079 1801975 4757214 1
1438 99371 1490565 4173582 2
1439 124142 1241420 2110414 5
1440 8611 137776 361662 5
1441 97992 1469880 3037752 1
1442 21550 344800 517200 5
1443 3134 43876 191174 1
1444 86370 0 4232130 1
1445 42356 1270680 1694240 2
1446 52714 368998 1001566 4
1447 14102 394856 1085854 3
1448 20181 242172 1251222 5
1449 82668 826680 1818696 2
1450 13044 104352 117396 4
1451 97583 390332 3415405 5
1452 79262 158524 2536384 5
1453 5715 68580 120015 4
1454 123510 370530 5434440 2
1455 74281 1485620 4605422 2
1456 81564 570948 2202228 2
1457 89425 715400 4113550 4
1458 105001 2205021 3675035 5
1459 108122 432488 4216758 1
1460 119169 4170915 10129365 5
1461 20015 120090 1060795 2
1462 90272 541632 2798432 2
1463 90493 1357395 2081339 2
1464 121329 5095818 8735688 2
1465 36904 369040 1217832 4
1466 11726 164164 175890 1
1467 49732 1392496 2834724 2
1468 12513 100104 337851 5
1469 97653 1367142 5663874 2
1470 113638 568190 5568262 2
1471 34533 414396 1968381 1
1472 25904 362656 777120 4
1473 35738 142952 750498 4
1474 113099 1696485 4297762 2
1475 112969 4066884 7117047 2
1476 65255 1044080 3980555 1
1477 60589 908835 3453573 3
1478 115316 922528 5535168 3
1479 57869 347214 1388856 1
1480 65679 525432 3546666 1
1481 110967 221934 2663208 1
1482 32893 197358 1085469 3
1483 116907 2805768 7949676 3
1484 123510 3087750 9139740 3
1485 27790 1667400 2000880 5
1486 57813 173439 1040634 3
1487 48516 776256 2959476 1
1488 124583 249166 3114575 3
1489 60033 240132 2821551 3
1490 124444 248888 1742216 4
1491 57459 114918 804426 2
1492 46488 697320 2184936 5
1493 115621 0 578105 1
1494 40548 162192 810960 5
1495 118445 118445 829115 3
1496 48228 675192 3086592 1
1497 82097 492582 903067 1
1498 73730 147460 442380 1
1499 34205 0 752510 4
1500 47522 380176 760352 4
1501 8173 98076 130768 1
1502 103433 827464 1241196 3
1503 82699 1323184 4134950 3
1504 32721 1177956 2323191 1
1505 92924 2230176 2323100 2
1506 49815 149445 697410 1
1507 109385 1093850 1531390 3
1508 74245 2078860 3563760 5
1509 63874 127748 2363338 4
1510 91113 637791 3188955 2
1511 103569 724983 3935622 2
1512 12762 89334 216954 3
1513 39028 585420 819588 4
1514 51635 1032700 2013765 3
1515 49796 99592 248980 2
1516 92403 924030 4435344 1
1517 43017 1548612 3140241 4
1518 113226 3623232 7359690 2
1519 35969 215814 863256 1
1520 70404 1408080 4787472 2
1521 41894 0 2052806 4
1522 30020 300200 990660 1
1523 22142 442840 929964 4
1524 99351 993510 1987020 2
1525 36382 218292 2001010 2
1526 108560 217120 3039680 2
1527 932 11184 50328 2
1528 123523 1852845 7658426 1
1529 92022 644154 2944704 3
1530 14421 0 57684 2
1531 113691 454764 3524421 2
1532 62216 933240 3546312 2
1533 16603 116221 232442 2
1534 45184 1129600 2394752 5
1535 113219 2717256 6227045 2
1536 4806 72090 259524 4
1537 51676 103352 2273744 4
1538 1159 40565 90402 1
1539 83560 501360 1587640 1
1540 53731 429848 2632819 1
1541 54654 327924 1694274 3
1542 2619 15714 133569 5
1543 117817 942536 1767255 3
1544 74348 1189568 2379136 2
1545 73372 1320696 2568020 1
1546 82787 82787 2400823 5
1547 23931 478620 1220481 1
1548 64908 1298160 2531412 1
1549 90073 540438 2612117 5
1550 11555 161770 623970 2
1551 117088 585440 1287968 5
1552 37851 0 378510 2
1553 40729 0 366561 3
1554 33369 200214 1034439 3
1555 44078 220390 2159822 4
1556 11758 176370 540868 1
1557 117062 1404744 7257844 2
1558 81340 1138760 4392360 3
1559 47769 191076 429921 5
1560 95134 761072 2473484 5
1561 67170 604530 3291330 1
1562 74191 222573 1928966 1
1563 21758 261096 1218448 4
1564 1341 12069 33525 4
1565 95461 286383 1813759 4
1566 15700 94200 722200 1
1567 90454 452270 2713620 1
1568 79270 158540 2695180 4
1569 117979 1061811 5309055 3
1570 90177 2164248 2254425 4
1571 5121 122904 225324 5
1572 73574 441444 588592 5
1573 17197 412728 670683 4
1574 38994 1637748 3197508 3
1575 35588 355880 1708224 3
1576 111930 1678950 3469830 4
1577 90288 180576 2528064 1
1578 113472 2723328 6694848 2
1579 3655 14620 32895 5
1580 123743 1237430 2846089 4
1581 6189 18567 297072 3
1582 47567 475670 1189175 2
1583 98577 394308 1872963 4
1584 109529 547645 4819276 5
1585 108921 762447 1415973 1
1586 1819 7276 54570 4
1587 121815 974520 4141710 2
1588 41586 873306 1746612 4
1589 123498 987984 6915888 4
1590 34234 205404 1335126 4
1591 65015 1560360 3900900 3
1592 26096 0 391440 4
1593 118018 5782882 8143242 5
1594 57152 342912 2171776 1
1595 69315 207945 1802190 2
1596 38195 1069460 2024335 3
1597 102072 408288 3980808 2
1598 61529 1538225 2399631 4
1599 43852 526224 964744 5
1600 677 9478 28434 2
1601 58122 523098 1685538 4
1602 106141 955269 1910538 3
1603 93826 0 2157998 3
1604 16917 84585 456759 5
1605 50657 1215768 2532850 2
1606 114155 456620 3082185 5
1607 44697 134091 1251516 1
1608 15002 225030 390052 5
1609 100543 1407602 5027150 2
1610 24313 145878 972520 1
1611 117030 234060 5617440 4
1612 7940 190560 444640 2
1613 72909 510363 2989269 4
1614 74125 1037750 1408375 1
1615 21340 106700 725560 1
1616 64168 1796704 2374216 1
1617 34958 314622 1573110 4
1618 16641 399384 1148229 1
1619 20531 492744 1355046 3
1620 51112 613344 2351152 2
1621 60566 1211320 2059244 4
1622 108923 1307076 1742768 2
1623 24692 493840 814836 3
1624 2923 35076 131535 2
1625 56663 566630 2379846 3
1626 34830 243810 801090 1
1627 103223 2167683 2993467 4
1628 25110 703080 1782810 5
1629 75532 302128 2039364 3
1630 95168 1142016 2569536 3
1631 22562 90248 315868 5
1632 105741 0 528705 4
1633 92812 0 4083728 5
1634 102550 307650 2358650 5
1635 86466 2593980 3977436 1
1636 43782 919422 1269678 4
1637 41014 246084 615210 2
1638 22529 360464 901160 3
1639 96158 288474 1538528 2
1640 75249 451494 1279233 4
1641 11022 198396 727452 3
1642 45429 954009 1044867 5
1643 30933 618660 1670382 4
1644 21857 393426 830566 1
1645 46214 1386420 2218272 5
1646 45613 364904 592969 3
1647 100038 200076 1900722 3
1648 57365 229460 2982980 2
1649 76054 1064756 2129512 5
1650 11142 89136 456822 5
1651 96354 1927080 4817700 3
1652 95649 1721682 5738940 1
1653 2858 17148 34296 2
1654 120236 721416 5891564 2
1655 23944 95776 1269032 5
1656 51863 363041 2385698 5
1657 22522 450440 1396364 2
1658 118224 1418688 4137840 5
1659 106101 2652525 4137939 5
1660 110575 4644150 9951750 1
1661 67955 271820 1698875 5
1662 92898 185796 3158532 5
1663 20933 313995 1025717 5
1664 24616 221544 1083104 4
1665 17073 478044 648774 3
1666 75369 1055166 2487177 5
1667 4441 13323 190963 1
1668 754 10556 39962 5
1669 16116 16116 805800 5
1670 81443 407215 1221645 3
1671 124490 4357150 4855110 4
1672 35688 0 1142016 5
1673 111509 111509 4906396 4
1674 103584 2071680 4350528 3
1675 112371 5506179 6180405 2
1676 29498 412972 1828876 3
1677 4509 54108 216432 3
1678 46914 140742 1735818 2
1679 112397 449588 5395056 1
1680 103608 828864 5491224 3
1681 42264 422640 1732824 4
1682 32727 523632 1669077 2
1683 62074 1862220 4096884 4
1684 118542 1896672 4860222 3
1685 83639 2927365 6523842 1
1686 100553 603318 4725991 4
1687 45838 733408 2200224 1
1688 738 11808 15498 2
1689 51274 1025480 1333124 2
1690 94006 658042 4982318 2
1691 76718 1380924 3222156 5
1692 110519 0 3868165 1
1693 114561 4009635 5613489 5
1694 59054 885810 1358242 3
1695 51503 618036 2935671 1
1696 54437 163311 870992 4
1697 11454 137448 572700 1
1698 39368 78736 984200 5
1699 59538 1250298 3512742 5
1700 106182 424728 4459644 5
1701 67552 0 1148384 5
1702 76925 384625 3538550 2
1703 99127 1784286 6740636 1
1704 50601 2732454 4503489 5
1705 85400 170800 1195600 4
1706 88633 265899 4165751 5
1707 51166 1023320 2353636 3
1708 96642 483210 3092544 3
1709 123543 3459204 8648010 4
1710 65239 0 2870516 1
1711 7345 176280 381940 5
1712 89305 357220 1875405 4
1713 31779 254232 1620729 1
1714 49430 0 1235750 3
1715 25175 604200 1560850 5
1716 27926 195482 1144966 1
1717 105281 1579215 4211240 4
1718 73691 1768584 2947640 4
1719 6813 102195 436032 4
1720 29335 117340 1466750 2
1721 51655 619860 1652960 5
1722 101932 407728 1019320 2
1723 95345 476725 3337075 5
1724 67127 402762 3087842 5
1725 34485 206910 655215 4
1726 69819 1047285 3281493 1
1727 21667 216670 823346 4
1728 31497 787425 2330778 1
1729 65481 1375101 1767987 3
1730 3041 9123 45615 3
1731 101737 406948 4069480 1
1732 92396 554376 1201148 3
1733 64943 389658 3052321 3
1734 99836 0 3194752 4
1735 12322 24644 579134 1
1736 27001 216008 621023 4
1737 36331 1017268 1235254 3
1738 10209 51045 530868 4
1739 90680 1088160 4352640 2
1740 10952 54760 328560 1
1741 113855 1821680 4326490 3
1742 88106 1409696 5374466 2
1743 103811 2491464 4775306 5
1744 49370 98740 1925430 2
1745 13260 39780 358020 1
1746 28279 424185 565580 1
1747 43539 1567404 3308964 5
1748 66118 1388478 3372018 1
1749 100507 703549 4321801 5
1750 113473 1361676 2496406 4
1751 65506 1048096 1310120 5
1752 77410 0 1780430 2
1753 89610 1075320 1344150 2
1754 42326 507912 1523736 4
1755 113445 680670 3743685 2
1756 19422 19422 621504 5
1757 18467 166203 387807 5
1758 3285 3285 151110 5
1759 52930 105860 1270320 1
1760 4651 37208 269758 2
1761 74016 222048 2146464 1
1762 59820 418740 1914240 4
1763 43255 259530 2379025 4
1764 38791 969775 1008566 4
1765 14775 354600 487575 4
1766 67933 135866 543464 4
1767 82370 658960 2965320 3
1768 3481 52215 73101 2
1769 84171 1010052 4545234 5
1770 11565 92520 439470 4
1771 4352 17408 156672 2
1772 29657 355884 830396 4
1773 73906 1478120 3399676 4
1774 89651 1434416 3496389 2
1775 91148 3828216 4921992 4
1776 11188 134256 223760 1
1777 100411 4217262 4317673 4
1778 117896 589480 6366384 4
1779 49830 249150 1096260 4
1780 510 3570 23970 3
1781 55565 2667120 4222940 2
1782 111390 556950 4455600 3
1783 81478 977736 4481290 5
1784 105975 105975 1483650 3
1785 12768 153216 536256 4
1786 72460 3043320 4782360 2
1787 31503 567054 1354629 4
1788 53780 322680 2957900 3
1789 10267 82136 277209 5
1790 35509 284072 639162 4
1791 102416 2867648 6452208 1
1792 29800 447000 1192000 3
1793 63780 637800 765360 1
1794 85462 85462 2307474 5
1795 36040 144160 901000 5
1796 16162 290916 371726 4
1797 2645 15870 145475 4
1798 33811 946708 980519 4
1799 86300 3020500 5695800 4
1800 47494 94988 949880 5
1801 13549 27098 81294 4
1802 50816 711424 1575296 3
1803 49540 693560 3021940 5
1804 47168 424512 1179200 2
1805 122710 245420 1472520 3
1806 31043 651903 2173010 1
1807 28298 452768 1499794 3
1808 87808 2458624 3073280 1
1809 32866 394392 624454 4
1810 104047 1248564 6242820 3
1811 28260 508680 932580 2
1812 101077 404308 4346311 3
1813 97787 391148 1564592 1
1814 52084 0 1041680 3
1815 74466 670194 2531844 4
1816 15268 30536 259556 4
1817 15661 375864 830033 1
1818 101343 3547005 7600725 5
1819 65467 392802 1243873 2
1820 73385 660465 3962790 1
1821 96738 773904 1160856 5
1822 13998 293958 363948 2
1823 65194 1825432 4367998 3
1824 57976 579760 1275472 3
1825 14202 127818 326646 1
1826 43336 1040064 1473424 3
1827 18031 144248 288496 3
1828 37297 74594 1305395 2
1829 52521 630252 997899 2
1830 5238 26190 240948 4
1831 80845 1455210 4203940 4
1832 81981 1229715 3607164 5
1833 120664 1447968 4464568 5
1834 37664 188320 1544224 3
1835 91489 1280846 1372335 2
1836 87104 1045248 3919680 1
1837 74300 297200 1114500 4
1838 83484 250452 3506328 4
1839 40530 607950 1459080 1
1840 56473 847095 1242406 3
1841 60320 120640 2412800 3
1842 27917 279170 1172514 3
1843 105334 1053340 5266700 3
1844 51915 519150 1868940 2
1845 70086 841032 1471806 2
1846 18895 151160 736905 4
1847 6452 38712 90328 3
1848 75847 1516940 4171585 1
1849 91515 183030 1281210 2
1850 82103 492618 1559957 4
1851 78937 947244 1973425 1
1852 116228 929824 4881576 3
1853 88957 711656 1156441 1
1854 787 11018 33841 4
1855 109803 2196060 4831332 3
1856 117573 823011 5055639 4
1857 3104 12416 31040 2
1858 23886 238860 1146528 5
1859 43242 518904 2118858 4
1860 101648 3049440 7725248 2
1861 69006 345030 1656144 1
1862 57895 1157900 2257905 1
1863 20296 324736 365328 4
1864 25777 0 489763 1
1865 74202 2226060 3042282 5
1866 11070 66420 287820 1
1867 92643 0 3057219 4
1868 47042 188168 2540268 4
1869 15351 537285 567987 1
1870 112602 6305712 9233364 1
1871 116374 4887708 8844424 2
1872 18886 37772 132202 1
1873 99541 0 2687607 1
1874 70090 630810 3504500 1
1875 94810 663670 2275440 2
1876 45779 274674 1190254 2
1877 60931 487448 2863757 3
1878 50280 201120 402240 2
1879 89047 0 3294739 5
1880 91092 728736 3188220 5
1881 30261 453915 756525 4
1882 21916 920472 1073884 1
1883 104263 3649205 4379046 4
1884 48876 1368528 3616824 3
1885 6741 26964 80892 5
1886 4116 74088 82320 1
1887 7157 107355 286280 4
1888 44057 0 308399 2
1889 19992 39984 479808 5
1890 117926 0 5896300 1
1891 110150 1652250 1982700 2
1892 23251 93004 302263 3
1893 107467 967203 4406147 4
1894 57101 685212 2169838 3
1895 13989 349725 713439 3
1896 10913 32739 305564 2
1897 95839 2300136 4408594 3
1898 103776 2905728 6330336 4
1899 33643 201858 1312077 4
1900 84 1260 4704 1
1901 118235 472940 2601170 4
1902 10277 246648 606343 1
1903 86327 0 86327 4
1904 90576 1086912 1449216 1
1905 108331 649986 2166620 2
1906 10476 157140 607608 3
1907 96480 385920 2508480 1
1908 13591 570822 829051 5
1909 79148 791480 4036548 5
1910 57820 1040760 3931760 1
1911 52637 157911 1000103 5
1912 20613 123678 1113102 3
1913 22420 44840 739860 5
1914 100263 701841 1604208 5
1915 122902 2580942 7988630 4
1916 122881 3440668 6758455 3
1917 49499 296994 890982 3
1918 101739 1017390 5799123 1
1919 27116 271160 677900 3
1920 77276 77276 2781936 2
1921 94815 1137780 3223710 4
1922 43915 658725 2547070 1
1923 74315 445890 1932190 3
1924 107015 642090 3531495 4
1925 29169 408366 700056 1
1926 95209 571254 1047299 3
1927 100293 3610548 7120803 1
1928 64673 194019 905422 2
1929 118253 4730120 8159457 2
1930 80801 161602 3474443 3
1931 80595 2256660 5158080 1
1932 49327 493270 2860966 4
1933 27081 758268 1949832 5
1934 20447 102235 429387 2
1935 34123 955444 2559225 2
1936 55819 223276 446552 5
1937 67852 271408 3596156 5
1938 30903 370836 1792374 1
1939 110568 3317040 8513736 2
1940 88703 1330545 4346447 1
1941 66249 132498 1258731 4
1942 13715 0 576030 5
1943 31195 93585 1154215 1
1944 62650 3069850 4886700 5
1945 14677 176124 264186 1
1946 28655 85965 1203510 5
1947 27107 650568 1409564 2
1948 53430 748020 1870050 1
1949 13799 27598 648553 1
1950 79268 792680 4359740 4
1951 4358 61012 165604 2
1952 70714 2121420 3252844 2
1953 94160 941600 3766400 5
1954 11464 171960 653448 4
1955 108800 1958400 4678400 1
1956 121456 2550576 2672032 4
1957 15572 155720 451588 4
1958 2359 14154 47180 4
1959 16330 342930 1077780 1
1960 4448 13344 200160 5
1961 59020 1239420 2773940 5
1962 953 0 8577 5
1963 61925 1114650 4025125 2
1964 10219 143066 582483 5
1965 81556 1223340 4077800 3
1966 76365 2672775 3894615 2
1967 105058 1680928 1996102 1
1968 76582 382910 3522772 3
1969 40540 486480 1743220 5
1970 38483 692694 1269939 1
1971 113471 113471 4311898 3
1972 19660 688100 1474500 2
1973 103587 1450218 2382501 3
1974 32819 525104 1476855 3
1975 79432 1906368 2303528 4
1976 42689 1067225 2219828 3
1977 105597 633582 739179 2
1978 106117 1273404 5093616 5
1979 70056 700560 3642912 3
1980 22707 22707 658503 1
1981 49161 884898 2064762 5
1982 83238 1165332 1331808 1
1983 39344 550816 2478672 3
1984 123386 3701580 5428984 2
1985 51855 414840 2540895 2
1986 78838 157676 3074682 2
1987 58991 117982 2300649 1
1988 83394 0 3168972 5
1989 38719 232314 2090826 2
1990 58353 1050354 2275767 3
1991 41739 250434 1627821 2
1992 51822 207288 1451016 5
1993 14774 59096 546638 5
1994 51783 207132 517830 2
1995 87716 1315740 4210368 2
1996 96736 2321664 3385760 1
1997 82338 1235070 4281576 4
1998 65830 1053280 4344780 4
1999 81949 81949 2130674 2
2000 102313 102313 2250886 4
2001 2215 4430 95245 4
2002 72264 144528 1951128 3
2003 15630 140670 375120 4
2004 71728 1721472 3299488 3
2005 3835 57525 80535 4
2006 60353 1086354 3017650 3
2007 48951 293706 1419579 1
2008 60386 0 1207720 1
2009 68190 1636560 3818640 5
2010 112346 2696304 8313604 4
2011 124826 374478 2371694 4
2012 104355 3130650 8348400 2
2013 100308 1404312 6319404 5
2014 17893 0 751506 5
2015 88743 1863603 5147094 2
2016 107987 1079870 1187857 3
2017 86459 1037508 2853147 1
2018 88982 3737244 6139758 5
2019 68056 340280 2586128 2
2020 25959 0 830688 3
2021 74175 519225 3263700 5
2022 40715 244290 732870 4
2023 75096 1051344 1276632 1
2024 41270 619050 825400 4
2025 32124 770976 1863192 3
2026 705 7050 9165 2
2027 21410 342560 1284600 2
2028 26978 539560 1753570 1
2029 93439 373756 467195 1
2030 29742 208194 1100454 5
2031 80033 160066 1680693 5
2032 57588 1151760 2476284 2
2033 84791 1271865 2374148 1
2034 41029 492348 1764247 5
2035 86805 1041660 2864565 2
2036 15171 121368 409617 2
2037 91036 0 2822116 1
2038 97138 1165656 4274072 5
2039 56055 224220 1233210 3
2040 43550 783900 1872650 5
2041 96923 872307 3779997 2
2042 94715 473575 4925180 4
2043 48580 874440 1360240 1
2044 117808 1649312 5183552 2
2045 24255 194040 1285515 3
2046 37231 1116930 1712626 3
2047 13181 52724 698593 1
2048 77728 155456 3186848 3
2049 22564 451280 1218456 3
2050 11354 476868 715302 1
2051 38963 467556 857186 3
2052 9618 19236 115416 4
2053 101935 1630960 2650310 4
2054 45207 1084968 2531592 1
2055 82132 1724772 3449544 5
2056 7913 94956 261129 2
2057 98251 393004 884259 5
2058 6954 0 159942 3
2059 64526 774312 838838 3
2060 29671 267039 1216511 2
2061 110654 1549156 4536814 2
2062 28063 785764 1066394 4
2063 39034 312272 1678462 1
2064 50126 1754410 2355922 1
2065 1727 8635 70807 2
2066 8303 199272 423453 5
2067 88418 884180 4067228 2
2068 66174 264696 661740 3
2069 123497 864479 1975952 3
2070 71036 213108 3480764 4
2071 83556 167112 3760020 5
2072 35288 141152 1446808 5
2073 84383 1012596 1856426 1
2074 68722 824664 3779710 4
2075 7631 45786 91572 5
2076 123902 4336570 4708276 2
2077 109864 1098640 2417008 1
2078 13483 121347 782014 4
2079 93327 1679886 4666350 2
2080 77732 621856 1321444 1
2081 12406 148872 161278 1
2082 10060 181080 623720 4
2083 39498 157992 434478 1
2084 1693 81264 152370 3
2085 59983 239932 299915 5
2086 25497 25497 892395 3
2087 37815 1852935 2042010 2
2088 107926 107926 863408 1
2089 32489 32489 357379 3
2090 88668 886680 2128032 4
2091 11539 46156 496177 2
2092 56952 113904 740376 4
2093 61947 247788 867258 5
2094 114804 344412 5280984 1
2095 98635 690445 3748130 3
2096 23807 857052 1095122 3
2097 41024 861504 1805056 1
2098 14886 89316 342378 2
2099 122650 981200 5519250 5
2100 16784 151056 402816 3
2101 20238 424998 1072614 3
2102 49093 589116 1325511 2
2103 110117 1982106 5615967 4
2104 116036 2900900 3829188 2
2105 108207 2272347 2921589 2
2106 33295 199770 1365095 3
2107 29020 522360 1741200 1
2108 1432 11456 45824 3
2109 81140 730260 1379380 1
2110 121007 726042 968056 5
2111 95502 1910040 3629076 5
2112 94872 758976 1233336 5
2113 22126 44252 1106300 4
2114 21238 297332 1359232 1
2115 34278 205668 1508232 4
2116 38979 350811 1715076 4
2117 44366 709856 2883790 2
2118 33146 66292 1690446 1
2119 52844 792660 2642200 2
2120 51108 306648 1942104 5
2121 120300 2165400 4932300 3
2122 124541 498164 3736230 1
2123 88227 617589 3705534 3
2124 120610 2170980 6512940 2
2125 15205 182460 440945 1
2126 70779 990906 3468171 4
2127 69574 139148 2087220 1
2128 20714 82856 476422 4
2129 26883 806490 1854927 2
2130 73454 881448 3672700 2
2131 57555 2417310 3683520 5
2132 47346 284076 1846494 3
2133 124701 2618721 3242226 3
2134 27461 219688 631603 3
2135 104071 2601775 5723905 5
2136 23994 479880 959760 1
2137 86066 1807386 4389366 5
2138 28800 288000 1065600 1
2139 57340 1032120 1318820 3
2140 53233 479097 638796 3
2141 56540 508860 2657380 1
2142 48898 293388 2591594 1
2143 34937 733677 2061283 4
2144 71626 1719024 2220406 3
2145 22554 180432 699174 5
2146 101185 708295 5160435 1
2147 69841 558728 1815866 5
2148 106505 1278060 4686220 1
2149 27979 1370971 1706719 4
2150 30259 30259 907770 4
2151 100881 2522025 3530835 2
2152 50139 300834 2607228 1
2153 114885 1148850 2757240 2
2154 118370 118370 5681760 4
2155 14037 224592 547443 2
2156 11809 177135 460551 4
2157 28387 113548 1390963 2
2158 94312 377248 1508992 5
2159 95303 381212 476515 3
2160 113180 1358160 4979920 5
2161 89888 1078656 1797760 1
2162 61178 61178 2018874 2
2163 26248 314976 577456 2
2164 53077 3343851 5838470 3
2165 105268 842144 947412 2
2166 63019 567171 1008304 1
2167 40466 161864 1861436 5
2168 95122 951220 5326832 1
2169 91149 1914129 5377791 2
2170 44111 352888 485221 4
2171 124743 1496916 1995888 1
2172 119849 719094 958792 1
2173 24184 290208 459496 5
2174 92740 741920 927400 3
2175 115854 347562 2896350 4
2176 36839 552585 1142009 5
2177 99339 2980170 7549764 3
2178 19787 118722 494675 4
2179 70808 1416160 2549088 3
2180 11523 230460 806610 2
2181 14328 0 200592 2
2182 79707 637656 717363 5
2183 109949 329847 4727807 5
2184 24232 218088 1260064 3
2185 123416 246832 5306888 3
2186 3889 136115 291675 3
2187 106681 1493534 2880387 2
2188 52195 208780 2244385 5
2189 12474 74844 124740 5
2190 120384 5778432 8426880 1
2191 41330 826600 1033250 4
2192 11120 200160 322480 1
2193 73235 1171760 2856165 3
2194 53611 2626939 3806381 1
2195 38357 191785 2071278 5
2196 108384 325152 4552128 1
2197 62042 248168 2481680 5
2198 78668 314672 3146720 5
2199 72215 2022020 4838405 1
2200 64427 901978 1803956 1
2201 121299 242598 1576887 3
2202 114387 686322 6291285 5
2203 122258 244516 2078386 5
2204 100948 100948 1817064 5
2205 69112 691120 1727800 3
2206 16673 200076 683593 4
2207 15868 158680 333228 5
2208 65317 326585 979755 3
2209 108256 216512 649536 3
2210 108251 3788785 4546542 5
2211 119439 2388780 5852511 5
2212 20251 20251 789789 4
2213 41497 1493892 1867365 3
2214 67607 405642 3245136 1
2215 71738 358690 1291284 2
2216 63448 634480 2537920 2
2217 113796 1137960 4665636 1
2218 55086 661032 2699214 2
2219 120162 600810 6608910 2
2220 46782 2292318 4584636 3
2221 22686 68058 907440 2
2222 121134 1453608 2786082 5
2223 99492 994920 2785776 1
2224 119894 0 239788 2
2225 1359 8154 23103 3
2226 40143 1003575 2368437 2
2227 60902 1096236 2253374 2
2228 23941 167587 550643 3
2229 20354 0 244248 3
2230 73855 886260 2658780 4
2231 1390 20850 23630 3
2232 93615 1310610 5710515 3
2233 112250 898000 2245000 3
2234 90748 1088976 3085432 2
2235 121684 1460208 4258940 5
2236 180 1080 7560 4
2237 59247 533223 1955151 4
2238 89259 267777 2409993 5
2239 24449 0 831266 3
2240 69146 691460 2350964 1
2241 88431 1591758 2564499 3
2242 65124 520992 781488 3
2243 3724 22344 193648 3
2244 59673 537057 2267574 5
2245 74187 148374 2225610 4
2246 61655 2219580 4809090 3
2247 91804 1101648 3947572 4
2248 24845 248450 621125 1
2249 118866 475464 3447114 5
2250 88601 1329015 5050257 1
2251 51659 0 1704747 3
2252 3604 32436 43248 1
2253 80632 1290112 2177064 1
2254 4119 82380 255378 4
2255 84651 338604 592557 5
2256 82705 165410 3390905 3
2257 14491 0 86946 5
2258 52400 366800 1624400 5
2259 68320 614880 2937760 5
2260 82432 247296 4286464 1
2261 20594 308910 514850 3
2262 124971 749826 4124043 4
2263 60675 0 1395525 5
2264 3767 45204 192117 4
2265 29208 817824 1051488 1
2266 46251 1942542 3376323 3
2267 71059 213177 2060711 4
2268 30602 153010 642642 4
2269 81519 570633 3423798 4
2270 67911 1697775 3191817 1
2271 46967 93934 2254416 3
2272 17112 171120 667368 1
2273 112011 224022 1120110 4
2274 109228 764596 5898312 3
2275 2729 5458 32748 1
2276 30092 60184 1444416 3
2277 70644 1978032 3037692 5
2278 95055 1140660 1425825 5
2279 107565 1075650 5055555 5
2280 122926 1106334 4794114 1
2281 123347 1233470 5057227 1
2282 102857 617142 2571425 4
2283 118155 472620 1654170 2
2284 96083 576498 4131569 1
2285 20295 202950 223245 3
2286 70005 630045 3430245 2
2287 4790 9580 229920 2
2288 47514 475140 997794 1
2289 5771 92336 294321 5
2290 31391 376692 1726505 3
2291 2518 30216 125900 4
2292 117643 941144 4941006 5
2293 108123 756861 2811198 5
2294 22891 412038 869858 5
2295 119496 597480 3345888 1
2296 105614 3696490 8449120 4
2297 41789 585046 2340184 1
2298 86310 258930 2848230 4
2299 68030 680300 2993320 2
2300 110419 552095 2760475 4
2301 97681 781448 2442025 2
2302 6517 39102 117306 2
2303 26482 238338 317784 3
2304 23409 327726 1310904 4
2305 106581 2557944 3090849 4
2306 114417 0 2173923 2
2307 54404 326424 1686524 1
2308 123519 864633 2717418 3
2309 72072 72072 3243240 1
2310 90822 3269592 7538226 5
2311 17841 285456 1016937 1
2312 94478 188956 4629422 3
2313 112191 3141348 7965561 2
2314 115656 2313120 6476736 4
2315 91966 275898 2299150 3
2316 107816 215632 3557928 2
2317 94039 752312 2350975 4
2318 51537 103074 1082277 4
2319 45620 547440 2554720 1
2320 23367 350505 630909 2
2321 36594 146376 1719918 1
2322 117392 2465232 4460896 1
2323 82097 164194 1477746 5
2324 57168 228672 1086192 2
2325 54228 216912 379596 1
2326 122386 3426808 7465546 5
2327 26219 0 393285 1
2328 13709 68545 178217 5
2329 96455 964550 5208570 5
2330 24173 0 72519 2
2331 68383 0 205149 4
2332 32033 192198 1409452 3
2333 57918 695016 1621704 5
2334 71902 1725648 2300864 2
2335 95646 2678088 4304070 5
2336 28479 113916 1395471 1
2337 109508 3942288 5584908 5
2338 22472 44944 314608 2
2339 87526 1312890 1750520 5
2340 33719 337190 910413 1
2341 7651 267785 581476 2
2342 53529 1284696 3907617 1
2343 91077 1275078 4827081 5
2344 113983 1709745 7408895 2
2345 35934 431208 1652964 2
2346 67417 202251 3438267 5
2347 103299 103299 929691 3
2348 78539 1178085 3141560 3
2349 73220 366100 1610840 5
2350 102414 2867592 5735184 2
2351 89125 1604250 1960750 2
2352 91345 274035 4293215 3
2353 29948 449220 1707036 1
2354 42212 506544 717604 5
2355 121843 852901 1705802 4
2356 1482 20748 62244 4
2357 83425 750825 2502750 5
2358 6623 0 198690 5
2359 65695 985425 3744615 5
2360 107183 2143660 6752529 1
2361 36883 2323629 3983364 5
2362 70147 350735 1753675 3
2363 2180 65400 148240 1
2364 111556 0 3569792 1
2365 124182 745092 1986912 2
2366 71930 719300 3884220 5
2367 122816 736896 5895168 4
2368 89745 179490 4307760 5
2369 39701 397010 1468937 5
2370 61045 854630 1037765 2
2371 124689 1496268 7481340 2
2372 68873 1721825 4752237 1
2373 19875 357750 993750 3
2374 40328 40328 806560 3
2375 116080 2785920 3366320 2
2376 31591 0 63182 2
2377 60002 240008 1740058 3
2378 119246 476984 834722 3
2379 11879 237580 403886 3
2380 76514 1606794 4437812 5
2381 81504 1630080 2200608 3
2382 123071 3692130 9722609 5
2383 72980 1094700 4451780 2
2384 26296 52592 184072 2
2385 16468 49404 345828 5
2386 83070 0 3405870 5
2387 16525 99150 892350 2
2388 10134 30402 182412 2
2389 71279 570232 2708602 5
2390 13500 0 229500 5
2391 114123 1141230 2396583 5
2392 3569 74949 242692 4
2393 94809 568854 3033888 3
2394 64802 518416 1555248 4
2395 1131 4524 61074 1
2396 16345 343245 784560 4
2397 24236 169652 1381452 5
2398 39224 274568 1804304 5
2399 43989 1055736 2375406 5
2400 7192 179800 474672 4
2401 122138 488552 3542002 2
2402 114855 689130 2526810 1
2403 32497 487455 1007407 4
2404 122931 0 3933792 1
2405 24230 72690 1187270 2
2406 29094 261846 931008 3
2407 115247 1152470 6338585 4
2408 91824 459120 2020128 1
2409 48331 724965 2706536 2
2410 59739 1672692 4540164 5
2411 97920 1468800 4308480 3
2412 27431 384034 1152102 5
2413 61692 0 2837832 1
2414 21065 442365 1221770 2
2415 96006 2304144 3744234 4
2416 29739 0 178434 4
2417 108635 434540 869080 2
2418 86676 1733520 5893968 2
2419 5998 35988 287904 2
2420 87087 1567566 1828827 5
2421 118473 3317244 9122421 4
2422 57567 287835 1266474 3
2423 16237 32474 487110 2
2424 97630 390520 4393350 3
2425 116155 2787720 4646200 2
2426 24407 146442 585768 3
2427 70929 70929 1276722 2
2428 78664 1966600 5034496 1
2429 477 13356 25281 2
2430 55376 332256 1107520 1
2431 86511 173022 1038132 2
2432 60004 240016 1620108 5
2433 61732 617320 3271796 5
2434 67448 0 404688 5
2435 93930 751440 4038990 3
2436 109449 656694 1970082 4
2437 105384 1580760 4004592 1
2438 100795 604770 5442930 1
2439 111974 2687376 7278310 1
2440 115826 4169736 4864692 1
2441 116264 813848 1278904 1
2442 2893 5786 130185 4
2443 4247 25482 165633 2
2444 39975 959400 1199250 4
2445 83759 2010216 4439227 5
2446 87388 0 2097312 3
2447 79148 158296 4115696 5
2448 41296 743328 2519056 3
2449 95664 382656 3061248 3
2450 64159 192477 1219021 5
2451 68115 408690 1839105 3
2452 90632 453160 906320 1
2453 104295 625770 2398785 1
2454 56419 338514 1523313 4
2455 28376 85128 510768 1
2456 28506 199542 1111734 2
2457 29729 267561 1308076 1
2458 35460 212760 886500 2
2459 15122 423416 483904 5
2460 78053 2185484 3044067 1
2461 4837 24185 266035 1
2462 42891 900711 2359005 1
2463 54571 327426 1309704 1
2464 39095 390950 547330 2
2465 15775 126200 725650 3
2466 92660 833940 3891720 5
2467 47476 94952 2136420 3
2468 100451 1004510 5524805 4
2469 19614 411894 1294524 5
2470 74660 671940 1941160 3
2471 96791 483955 1258283 1
2472 91167 911670 4284849 3
2473 83082 664656 3572526 5
2474 120689 724134 5793072 2
2475 90005 90005 3510195 5
2476 47782 955640 2914702 5
2477 1169 29225 65464 5
2478 17624 176240 810704 1
2479 5935 53415 278945 1
2480 91507 366028 4666857 1
2481 83588 835880 2424052 5
2482 107938 215876 1834946 1
2483 60195 240780 1083510 5
2484 78011 156022 1092154 1
2485 124507 2988168 4606759 3
2486 105931 1694896 3601654 3
2487 62455 749460 2872930 1
2488 41236 865956 989664 4
2489 41311 867531 2519971 2
2490 46918 93836 891442 2
2491 42284 887964 1902780 1
2492 109748 658488 3950928 5
2493 1043 6258 36505 4
2494 83068 996816 3987264 4
2495 14888 178656 640184 2
2496 89631 1075572 1344465 1
2497 123885 2477700 8548065 5
2498 112165 2355465 4935260 3
2499 63712 254848 764544 5
2500 112831 1692465 3836254 1
