0001 1348 2696 17524 2
0002 49141 884538 1523371 5
0003 69578 208734 2643964 2
0004 49404 889272 1976160 1
0005 35085 280680 1719165 1
0006 39881 39881 1794645 5
0007 18444 461100 756204 2
0008 44202 88404 1591272 4
0009 81834 1145676 3355194 1
0010 59724 716688 836136 5
0011 15917 557095 684431 2
0012 43417 1215676 2257684 4
0013 70637 423822 2331021 2
0014 34092 136368 1227312 4
0015 44182 618548 927822 1
0016 65987 461909 1781649 3
0017 82469 1484442 3711105 2
0018 81434 977208 1302944 5
0019 10015 280420 630945 1
0020 43708 524496 1398656 1
0021 23275 232750 325850 3
0022 35772 536580 858528 3
0023 81968 1147552 4508240 5
0024 33552 201312 1442736 4
0025 8691 52146 139056 2
0026 85734 428670 2914956 4
0027 41788 1462580 1796884 3
0028 3943 35487 193207 4
0029 69232 415392 1246176 1
0030 86635 173270 1819335 3
0031 39491 394910 829311 2
0032 67965 2038950 5029410 4
0033 59997 299985 419979 1
0034 60813 729756 912195 1
0035 68879 413274 2479644 1
0036 56573 848595 1018314 5
0037 18428 165852 921400 2
0038 81196 2841860 4303388 1
0039 76631 459786 2605454 1
0040 57812 1618736 2023420 3
0041 54762 1533336 3504768 1
0042 4931 138068 192309 1
0043 1437 34488 54606 3
0044 19905 79620 358290 1
0045 27455 82365 796195 1
0046 72358 723580 940654 3
0047 14280 214200 642600 4
0048 12778 76668 102224 2
0049 45944 275664 1424264 1
0050 31042 310420 962302 1
0051 67701 812412 1150917 4
0052 84219 1768599 3537198 2
0053 50871 2034840 3967938 2
0054 56171 224684 2190669 5
0055 72269 289076 2168070 3
0056 52226 417808 1827910 5
0057 60585 0 1696380 5
0058 6536 183008 346408 2
0059 80746 322984 2906856 1
0060 45977 643678 735632 5
0061 86065 1807365 5594225 2
0062 9200 92000 248400 2
0063 71814 1292652 3375258 2
0064 79457 79457 2463167 3
0065 66955 66955 1205190 1
0066 8229 0 82290 2
0067 29065 697560 1191665 3
0068 70741 2475935 2758899 3
0069 84207 505242 3873522 3
0070 20526 20526 82104 5
0071 22982 574550 1355938 4
0072 6908 172700 214148 5
0073 41734 333872 1669360 2
0074 84722 2372216 3219436 2
0075 8393 16786 352506 4
0076 25276 151656 1187972 1
0077 27933 279330 1173186 4
0078 15056 316176 948528 4
0079 55405 554050 2881060 3
0080 30489 365868 1250049 4
0081 23991 95964 431838 5
0082 30720 645120 1966080 4
0083 65493 1833804 2947185 3
0084 7198 172752 316712 5
0085 2506 5012 62650 1
0086 9482 94820 331870 4
0087 4089 57246 130848 4
0088 2740 38360 115080 2
0089 14122 395416 437782 3
0090 51896 934128 1193608 1
0091 35257 211542 775654 2
0092 46584 326088 2003112 3
0093 64045 0 2817980 3
0094 33830 1184050 1691500 1
0095 81839 2455170 5728730 2
0096 15348 122784 276264 3
0097 63291 253164 1455693 4
0098 79318 475908 713862 2
0099 32229 96687 902412 4
0100 7736 77360 332648 3
0101 41042 82084 410420 2
0102 12067 60335 313742 3
0103 80482 482892 4024100 2
0104 49234 295404 886212 3
0105 40240 120720 764560 3
0106 18858 188580 905184 3
0107 70746 707460 2405364 4
0108 37376 149504 1794048 2
0109 51928 1453984 2232904 3
0110 4836 19344 232128 5
0111 5877 17631 94032 2
0112 75971 759710 1823304 5
0113 86992 3044720 5306512 4
0114 38006 76012 1634258 1
0115 67864 610776 678640 1
0116 29141 699384 1748460 5
0117 38567 1889783 2931092 3
0118 39668 793360 1110704 4
0119 510 1530 18360 4
0120 72804 364020 2184120 3
0121 35700 142800 535500 3
0122 83662 669296 1756902 5
0123 46581 232905 558972 4
0124 81082 648656 1135148 2
0125 33160 265280 1459040 5
0126 55733 668796 1894922 4
0127 32034 288306 961020 4
0128 76251 915012 3126291 3
0129 47738 47738 1623092 3
0130 79446 476676 3416178 4
0131 51087 255435 1226088 4
0132 61066 0 2076244 2
0133 25891 517820 1268659 5
0134 38008 0 1444304 2
0135 66731 0 1267889 4
0136 4515 27090 36120 1
0137 41051 410510 1272581 1
0138 1229 3687 34412 1
0139 80566 483396 1933584 4
0140 73959 591672 1331262 3
0141 48557 194228 1893723 4
0142 23773 237730 1093558 5
0143 12311 172354 184665 2
0144 33489 334890 1507005 4
0145 64593 1162674 4004766 5
0146 23627 70881 378032 5
0147 2236 55900 64844 2
0148 21486 752010 1654422 3
0149 53810 1130010 1775730 5
0150 7812 281232 296856 2
0151 79244 3328248 6181032 3
0152 28015 784420 1848990 4
0153 12205 97640 134255 2
0154 70894 708940 1843244 5
0155 39681 476172 1587240 4
0156 20053 120318 360954 2
0157 84883 848830 1188362 2
0158 24256 97024 1018752 5
0159 41434 41434 1325888 1
0160 41303 165212 1404302 3
0161 86858 2605740 5732628 3
0162 37180 780780 1710280 3
0163 21780 261360 566280 3
0164 82673 2480190 5704437 2
0165 41945 880845 1761690 2
0166 46069 184276 783173 4
0167 78483 156966 2432973 1
0168 26592 212736 1196640 2
0169 48916 880488 1907724 2
0170 82248 1644960 3207672 2
0171 17733 141864 531990 4
0172 13015 130150 234270 5
0173 14160 169920 764640 1
0174 80673 1129422 2581536 5
0175 2235 4470 82695 5
0176 6518 156432 332418 4
0177 67923 271692 2716920 5
0178 14413 43239 662998 4
0179 80005 960060 1520095 3
0180 13588 108704 339700 2
0181 67453 539624 2293402 4
0182 36536 511504 2046016 2
0183 28677 258093 602217 4
0184 56159 673908 2527155 5
0185 40215 844515 2050965 1
0186 70100 0 2804000 4
0187 34928 523920 1257408 5
0188 49956 149868 849252 5
0189 29217 0 233736 3
0190 51596 412768 515960 2
0191 18083 452075 886067 4
0192 69219 1384380 3045636 4
0193 77620 698580 2173360 2
0194 45408 227040 317856 2
0195 34226 171130 1540170 4
0196 87815 0 351260 3
0197 62871 502968 2326227 3
0198 38630 231780 1236160 4
0199 83386 2334808 5420090 5
0200 32767 688107 2129855 3
0201 24827 124135 744810 1
0202 84622 169244 2200172 1
0203 54413 435304 2339759 1
0204 13101 183414 484737 1
0205 48852 390816 2393748 5
0206 48839 1758204 2197755 1
0207 42302 84604 549926 4
0208 75670 908040 3102470 4
0209 51622 1084062 1393794 1
0210 61746 185238 2037618 2
0211 45665 1369950 1872265 5
0212 18464 36928 258496 2
0213 36843 257901 626331 2
0214 12780 63900 626220 5
0215 58117 174351 1046106 5
0216 72864 437184 1020096 4
0217 79509 1272144 3339378 5
0218 78906 394530 3077334 2
0219 86569 1385104 4761295 5
0220 2963 17778 50371 5
0221 14270 0 57080 3
0222 85069 170138 1446173 4
0223 17884 0 286144 1
0224 7789 31156 218092 3
0225 85590 342360 2310930 3
0226 22971 964782 1286376 4
0227 20980 209800 776260 5
0228 13567 135670 705484 1
0229 73288 293152 3371248 4
0230 41887 502644 1047175 4
0231 24916 74748 697648 5
0232 12960 129600 427680 1
0233 67723 1625352 3453873 4
0234 45528 910560 1320312 3
0235 4908 14724 201228 1
0236 27524 770672 1706488 1
0237 42946 0 128838 5
0238 25329 303948 1013160 1
0239 17970 53910 521130 1
0240 21714 0 521136 3
0241 57451 287255 631961 1
0242 17423 365883 452998 1
0243 80507 1932168 4025350 5
0244 66062 1849736 3963720 5
0245 24336 0 219024 4
0246 10334 103340 227348 2
0247 13562 284802 447546 5
0248 44989 89978 1664593 5
0249 64537 645370 709907 4
0250 12340 259140 641680 5
0251 73680 1105200 1842000 1
0252 61195 734340 2814970 1
0253 38104 0 1676576 2
0254 8846 176920 486530 5
0255 43967 87934 835373 4
0256 14080 126720 436480 2
0257 28113 421695 843390 3
0258 50756 152268 812096 3
0259 72958 875496 3283110 3
0260 73520 882240 1470400 4
0261 24053 0 481060 2
0262 27697 221576 1384850 4
0263 76126 456756 1979276 2
0264 19498 175482 311968 4
0265 41486 124458 331888 5
0266 8861 88610 381023 4
0267 44918 314426 1212786 2
0268 13320 186480 293040 2
0269 82594 1651880 2477820 1
0270 72011 648099 3096473 1
0271 37188 595008 1264392 1
0272 8812 105744 414164 3
0273 61991 2169685 4897289 1
0274 57285 1202985 1718550 3
0275 6809 61281 68090 5
0276 34754 417048 451802 4
0277 42372 84744 381348 4
0278 39304 157216 1021904 4
0279 9234 73872 240084 2
0280 82038 0 1968912 3
0281 79612 318448 716508 5
0282 85499 1025988 1795479 4
0283 50208 100416 652704 1
0284 78965 1263440 1500335 3
0285 76984 1847616 3233328 5
0286 57133 171399 1428325 5
0287 6528 130560 254592 5
0288 42655 170620 1834165 3
0289 57475 0 1839200 1
0290 61118 916770 1955776 2
0291 559 3354 18447 5
0292 47060 329420 1270620 1
0293 30785 615700 1416110 4
0294 68063 204189 2314142 3
0295 36411 728220 910275 5
0296 27421 274210 1151682 3
0297 16581 198972 746145 2
0298 56123 448984 1683690 2
0299 37207 669726 1302245 3
0300 32799 1147965 1410357 1
0301 67734 135468 203202 3
0302 59533 0 1666924 4
0303 56949 1366776 2733552 2
0304 71767 143534 2870680 2
0305 69816 1396320 2792640 4
0306 22062 264744 573612 3
0307 60866 730392 1765114 1
0308 86039 344156 3441560 3
0309 28263 0 1045731 2
0310 43237 518844 1945665 1
0311 10483 20966 272558 1
0312 65948 0 659480 4
0313 29904 299040 328944 1
0314 35509 0 213054 1
0315 79243 475458 3882907 3
0316 67487 1619688 2497019 1
0317 61611 123222 431277 4
0318 27446 247014 658704 1
0319 49430 741450 2570360 4
0320 66798 1202364 3807486 2
0321 48723 243615 1364244 1
0322 64410 0 2254350 1
0323 81431 977172 4315843 5
0324 21226 636780 870266 2
0325 60900 0 2375100 4
0326 78335 626680 1096690 4
0327 74582 522074 3132444 3
0328 16197 291546 939426 5
0329 74633 3134586 5522842 2
0330 6493 38958 292185 1
0331 68646 1029690 2539902 4
0332 21014 126084 735490 5
0333 147 1764 6762 2
0334 58582 117164 2636190 4
0335 8896 26688 142336 3
0336 22281 133686 646149 5
0337 7481 14962 314202 4
0338 39226 784520 1451362 1
0339 75549 906588 1208784 1
0340 19290 675150 771600 5
0341 22855 137130 228550 1
0342 32590 1173240 1629500 4
0343 76911 1538220 3307173 1
0344 3387 20322 30483 4
0345 2638 21104 129262 5
0346 40560 162240 1581840 5
0347 12651 0 253020 1
0348 4891 29346 63583 3
0349 15710 659820 879760 4
0350 37614 1053192 1617402 3
0351 77878 934536 3893900 1
0352 35010 140040 980280 5
0353 69687 2229984 5017464 5
0354 40463 323704 404630 2
0355 87810 2107440 2458680 3
0356 52 312 1872 5
0357 57364 172092 1204644 1
0358 41623 249738 1331936 2
0359 86722 433610 1734440 3
0360 73194 658746 3147342 4
0361 9117 218808 273510 4
0362 72791 145582 1892566 4
0363 71092 213276 1848392 4
0364 46414 324898 1067522 4
0365 35079 350790 420948 4
0366 51103 613236 1022060 4
0367 14771 0 472672 3
0368 23380 187040 1215760 5
0369 53307 852912 2292201 3
0370 81862 327448 1227930 5
0371 5998 143952 299900 4
0372 78201 938412 3675447 2
0373 29868 358416 1254456 5
0374 15396 307920 323316 3
0375 6733 13466 148126 1
0376 57237 858555 2690139 3
0377 41688 208440 1042200 3
0378 4256 76608 212800 5
0379 3480 27840 135720 5
0380 77183 540281 771830 2
0381 73067 1461340 2118943 4
0382 5614 84210 224560 1
0383 2099 10495 54574 5
0384 79579 795790 2705686 4
0385 68730 68730 1305870 1
0386 2761 16566 102157 4
0387 30696 0 1043664 2
0388 64695 258780 905730 1
0389 25139 25139 351946 3
0390 60208 240832 2348112 5
0391 67109 335545 1946161 5
0392 39980 1119440 2878560 3
0393 73662 2062536 3977748 1
0394 75409 226227 2865542 3
0395 68384 273536 1777984 2
0396 41433 621495 1118691 4
0397 74093 2370976 3482371 2
0398 32643 522288 1273077 1
0399 86603 1039236 2598090 2
0400 7809 15618 46854 5
0401 28850 0 894350 2
0402 36411 291288 837453 5
0403 32636 195816 1207532 3
0404 86153 2067672 3532273 1
0405 76031 1140465 3725519 2
0406 66849 66849 2272866 3
0407 12110 339080 787150 2
0408 44510 0 267060 4
0409 79333 237999 396665 3
0410 55378 886048 2658144 4
0411 35699 499786 963873 1
0412 17547 263205 368487 1
0413 9247 18494 231175 2
0414 1077 21540 51696 4
0415 1292 7752 21964 2
0416 83156 0 1995744 5
0417 65517 524136 1441374 1
0418 60614 484912 1394122 4
0419 42196 337568 421960 5
0420 71738 1434760 3802114 2
0421 10146 365256 598614 3
0422 62410 436870 561690 2
0423 77571 232713 1861704 3
0424 55762 669144 2509290 2
0425 55140 110280 1102800 4
0426 20257 60771 871051 1
0427 62046 1302966 2916162 1
0428 57859 520731 1504334 2
0429 55066 330396 385462 2
0430 76614 612912 3217788 2
0431 11506 46024 287650 5
0432 76321 915852 1908025 3
0433 71561 286244 1860586 3
0434 50147 1404116 1955733 1
0435 65730 591570 1446060 1
0436 42122 1474270 3327638 1
0437 10026 120312 531378 4
0438 29324 733100 1436876 3
0439 38571 964275 1079988 4
0440 57922 115844 2027270 4
0441 16263 162630 845676 4
0442 25975 389625 701325 5
0443 56208 1011744 1348992 3
0444 40853 980472 1184737 5
0445 44241 265446 442410 4
0446 55809 1116180 2957877 4
0447 30810 246480 1170780 2
0448 32534 195204 422942 1
0449 65692 262768 2299220 4
0450 20623 144361 185607 2
0451 27831 834930 1001916 3
0452 71105 1493205 3413040 5
0453 78598 2200744 2750930 5
0454 5772 103896 173160 4
0455 42779 1026696 2352845 3
0456 9856 206976 443520 3
0457 9907 0 19814 2
0458 35640 356400 926640 3
0459 902 6314 7216 3
0460 22257 44514 1001565 5
0461 78459 784590 3766032 3
0462 34238 513570 1232568 4
0463 42190 843800 1476650 1
0464 52766 527660 2743832 3
0465 70407 704070 2675466 5
0466 11074 22148 321146 4
0467 9094 181880 381948 4
0468 57575 1727250 3454500 1
0469 20321 325136 548667 3
0470 10539 158085 263475 3
0471 30949 464235 1176062 3
0472 13346 26692 200190 3
0473 7523 22569 52661 1
0474 38417 115251 192085 2
0475 32656 685776 1632800 2
0476 29827 268443 387751 1
0477 46795 46795 1123080 5
0478 65465 458255 1112905 2
0479 52171 1043420 2660721 1
0480 33373 500595 1902261 4
0481 23549 1318744 1954567 1
0482 1424 8544 37024 5
0483 66063 66063 1255197 5
0484 43373 693968 1821666 5
0485 11175 67050 145275 3
0486 2481 14886 32253 1
0487 39344 354096 1377040 2
0488 59901 239604 2755446 1
0489 64987 974805 3834233 2
0490 74089 592712 666801 5
0491 51273 153819 1794555 3
0492 45249 361992 859731 5
0493 9548 190960 229152 5
0494 27053 81159 297583 2
0495 71789 861468 1866514 5
0496 28910 462560 1300950 1
0497 40271 120813 1691382 4
0498 28411 56822 1164851 1
0499 41830 752940 1589540 4
0500 20013 60039 820533 2
0501 30009 240072 1020306 1
0502 38401 921624 1305634 4
0503 42612 511344 2258436 5
0504 2616 0 62784 3
0505 39660 555240 1903680 5
0506 53623 750722 857968 5
0507 72407 506849 1158512 1
0508 85581 171162 1797201 1
0509 6784 67840 169600 3
0510 74766 1570086 2691576 1
0511 11556 208008 612468 4
0512 9516 57096 390156 1
0513 26530 663250 769370 2
0514 48065 1009365 1826470 3
0515 28065 1964550 2273265 1
0516 45724 365792 502964 1
0517 51063 204252 1429764 3
0518 75018 300072 1350324 1
0519 57626 461008 2362666 5
0520 63127 189381 2209445 2
0521 63570 1779960 2224950 4
0522 81151 405755 2596832 1
0523 16017 96102 800850 4
0524 60985 1707580 3720085 4
0525 1664 16640 79872 4
0526 61605 0 246420 3
0527 22398 134388 963114 5
0528 34711 173555 277688 4
0529 69497 1667928 3822335 2
0530 26041 208328 1276009 5
0531 55643 667716 779002 3
0532 34646 103938 277168 4
0533 61620 924300 2649660 3
0534 65892 1844976 3624060 2
0535 55939 279695 1566292 5
0536 33453 267624 1639197 1
0537 74077 2074156 3333465 2
0538 20123 140861 583567 5
0539 66939 1004085 1137963 2
0540 66452 2790984 3455504 4
0541 62674 2193590 4136484 2
0542 81124 648992 2758216 4
0543 8330 49980 74970 5
0544 8859 17718 97449 1
0545 33785 270280 1385185 2
0546 45213 1898946 2893632 5
0547 69847 698470 2444645 2
0548 28935 0 86805 4
0549 45612 912240 2280600 4
0550 58221 232884 1106199 2
0551 59371 712452 1662388 2
0552 60979 731748 1646433 5
0553 28597 228776 1143880 1
0554 29239 87717 1374233 5
0555 59570 953120 2621080 5
0556 44404 2397816 3774340 4
0557 21886 525264 1356932 1
0558 13058 117522 221986 2
0559 24851 497020 646126 2
0560 73466 2057048 4040630 1
0561 27034 27034 594748 3
0562 65873 197619 2239682 4
0563 24356 73068 755036 4
0564 13510 135100 351260 2
0565 77533 2170924 3799117 5
0566 10337 248088 506513 4
0567 77880 467280 1012440 1
0568 29186 350232 1400928 3
0569 29628 622188 1748052 3
0570 29034 580680 1306530 1
0571 7831 0 250592 3
0572 8743 0 183603 2
0573 7517 45102 195442 2
0574 12918 116262 310032 4
0575 44527 890540 1024121 2
0576 58442 701304 1344166 1
0577 41888 753984 2136288 5
0578 28603 800884 1458753 5
0579 22170 22170 221700 3
0580 66223 993345 1258237 1
0581 48033 192132 2257551 5
0582 58813 470504 1705577 1
0583 24709 222381 617725 3
0584 17357 156213 173570 5
0585 7885 55195 212895 1
0586 76595 765950 2451040 3
0587 8045 32180 201125 3
0588 48012 960240 1824456 3
0589 59552 1488800 2501184 4
0590 15508 232620 744384 5
0591 44984 269904 1664408 4
0592 13921 83526 668208 1
0593 30777 0 800202 5
0594 6559 196770 223006 1
0595 56047 1681410 1849551 5
0596 68115 1430415 4018785 5
0597 75217 225651 2256510 5
0598 78187 0 156374 2
0599 55502 1998072 3496626 3
0600 48008 288048 336056 3
0601 82869 1491642 2983284 4
0602 38718 580770 735642 3
0603 28420 994700 1705200 4
0604 23444 0 843984 3
0605 42652 85304 1791384 2
0606 12236 146832 452732 5
0607 53948 755272 2481608 1
0608 58233 698796 2038155 4
0609 56661 113322 2606406 1
0610 16053 160530 642120 3
0611 23954 335356 550942 1
0612 35489 567824 1738961 1
0613 17102 598570 837998 4
0614 4178 66848 229790 4
0615 43969 395721 2022574 3
0616 59001 236004 885015 1
0617 56205 168615 1292715 1
0618 22792 227920 455840 3
0619 81920 1720320 3522560 5
0620 15945 191340 861030 5
0621 86143 1033716 1722860 4
0622 44451 666765 2578158 4
0623 44192 1325760 2518944 3
0624 60026 360156 1020442 4
0625 68459 1026885 1095344 2
0626 83823 1173522 1257345 4
0627 14545 43635 305445 5
0628 80860 1293760 3072680 4
0629 37723 0 1395751 2
0630 66470 66470 1861160 2
0631 64554 451878 3227700 1
0632 67899 339495 1629576 4
0633 77057 616456 1618197 3
0634 15056 180672 451680 2
0635 58895 412265 2296905 5
0636 64795 777540 2203030 3
0637 25751 772530 1133044 1
0638 59082 59082 1181640 4
0639 57929 811006 926864 1
0640 59423 237692 1485575 1
0641 42034 504408 756612 4
0642 62017 496136 1240340 2
0643 84875 848750 2546250 1
0644 86003 430015 1032036 2
0645 85651 3083436 3768644 3
0646 83855 670840 2180230 3
0647 20730 124380 580440 4
0648 38255 267785 765100 1
0649 81312 650496 4146912 5
0650 63648 636480 3373344 4
0651 50256 1005120 2161008 2
0652 86142 258426 2670402 5
0653 22853 114265 822708 4
0654 12443 74658 124430 2
0655 83051 1661020 3654244 4
0656 54109 432872 1298616 4
0657 52408 838528 1467424 5
0658 25868 465624 879512 2
0659 47332 189328 378656 5
0660 14744 442320 781432 2
0661 78393 783930 2586969 4
0662 11260 101340 168900 2
0663 86999 1043988 3131964 1
0664 38291 229746 1761386 3
0665 70378 422268 2744742 2
0666 37347 672246 1643268 1
0667 16282 0 179102 5
0668 56520 1130400 2995560 5
0669 44808 268848 1344240 2
0670 12201 244020 719859 2
0671 52549 315294 683137 2
0672 85407 512442 2049768 4
0673 30037 360444 1561924 4
0674 25223 605352 1135035 5
0675 47434 0 1470454 2
0676 15035 90210 751750 2
0677 25649 179543 949013 2
0678 27330 573930 1366500 3
0679 53331 959958 2186571 3
0680 30542 244336 1466016 5
0681 52377 209508 785655 2
0682 26736 748608 1898256 5
0683 83215 998580 1830730 3
0684 3044 91320 206992 2
0685 35887 107661 502418 5
0686 49387 98774 1530997 5
0687 59733 1433592 3225582 4
0688 82410 2884350 3378810 1
0689 19573 97865 137011 5
0690 27701 443216 1634359 3
0691 68708 961912 3778940 4
0692 77929 155858 2493728 2
0693 3548 99344 251908 5
0694 67791 1423611 3931878 3
0695 37810 378100 1436780 4
0696 18377 330786 1010735 5
0697 87613 2190325 2453164 2
0698 46028 230140 1012616 1
0699 56788 170364 2669036 1
0700 81 972 3078 4
0701 87767 263301 1755340 1
0702 21344 170752 853760 1
0703 64219 0 385314 4
0704 51896 830336 1816360 4
0705 59625 954000 3577500 5
0706 28766 402724 1668428 5
0707 71456 1286208 1429120 1
0708 47788 477880 2150460 1
0709 36366 436392 618222 2
0710 76932 307728 384660 2
0711 86137 430685 1808877 4
0712 12070 181050 627640 1
0713 87399 349596 2884167 1
0714 36367 218202 436404 3
0715 22759 45518 773806 3
0716 73720 2064160 3317400 4
0717 74052 888624 3850704 3
0718 15954 191448 781746 3
0719 35901 215406 1148832 4
0720 38518 462216 1694792 2
0721 14915 149150 164065 3
0722 16359 196308 752514 5
0723 2783 66792 164197 3
0724 51168 767520 3018912 2
0725 17298 103788 224874 1
0726 25445 1068690 1145025 3
0727 37732 1131960 1547012 1
0728 29546 147730 1240932 5
0729 81223 731007 3005251 2
0730 55931 559310 1957585 5
0731 6006 72072 336336 2
0732 24549 171843 1055607 3
0733 51868 622416 2645268 5
0734 64259 1799252 3791281 5
0735 42508 340064 1445272 4
0736 36165 867960 2206065 4
0737 51833 155499 2073320 3
0738 44138 397242 1456554 2
0739 58305 1632540 2740335 4
0740 57442 1378608 1838144 2
0741 52007 156021 988133 4
0742 67730 0 2573740 3
0743 13913 0 431303 5
0744 87098 0 1741960 1
0745 9201 92010 358839 3
0746 72051 432306 1296918 1
0747 68990 2414650 3242530 4
0748 59799 1076382 1853769 4
0749 54305 814575 2172200 1
0750 14474 303954 448694 4
0751 74803 448818 2992120 3
0752 1799 8995 57568 5
0753 28516 171096 1425800 3
0754 54399 0 815985 4
0755 345 1725 16905 1
0756 5619 67428 297807 3
0757 73671 1326078 2504814 5
0758 51121 715694 2198203 3
0759 4900 73500 289100 3
0760 3697 14788 66546 3
0761 34556 138224 829344 1
0762 31639 949170 980809 3
0763 68959 1241262 3241073 5
0764 83094 166188 2742102 2
0765 84784 1780464 2289168 5
0766 7617 22851 213276 5
0767 76361 916332 1374498 1
0768 84813 0 593691 4
0769 56697 396879 907152 5
0770 40693 0 1098711 2
0771 72495 217485 1377405 1
0772 64404 386424 1996524 4
0773 19457 233484 525339 1
0774 77903 623224 779030 1
0775 64965 1169370 3573075 4
0776 64343 386058 1544232 2
0777 83838 2095950 5449470 5
0778 77634 388170 2173752 3
0779 78100 1249600 1796300 2
0780 1608 38592 90048 3
0781 66320 397920 1260080 2
0782 57347 172041 860205 5
0783 78506 471036 2904722 2
0784 35251 211506 916526 1
0785 73790 295160 2804020 3
0786 79759 398795 638072 1
0787 38734 464808 2091636 3
0788 16558 248370 596088 1
0789 85442 170884 2477818 4
0790 58219 582190 1164380 2
0791 63539 1588475 4320652 4
0792 68668 412008 961352 5
0793 78605 1650705 2908385 1
0794 53284 479556 2078076 4
0795 7880 31520 275800 4
0796 73031 0 1971837 5
0797 56485 847275 1920490 2
0798 52592 946656 1314800 3
0799 19731 78924 887895 3
0800 80813 484878 3879024 1
0801 77501 620008 1937525 1
0802 76284 1144260 1678248 2
0803 87570 700560 3590370 2
0804 10790 64740 377650 5
0805 54425 761950 3156650 2
0806 67845 1017675 2917335 2
0807 989 9890 41538 5
0808 47557 1997394 3281433 4
0809 82190 164380 986280 1
0810 74789 598312 3739450 5
0811 38544 115632 269808 4
0812 20408 367344 1224480 4
0813 22625 158375 407250 4
0814 82886 165772 3149668 3
0815 48847 1221175 1318869 5
0816 87380 1223320 3495200 2
0817 10482 220122 566028 1
0818 33749 168745 404988 5
0819 39868 119604 916964 4
0820 84583 2029992 2791239 4
0821 69079 552632 2141449 1
0822 46829 561948 1826331 3
0823 650 1300 20800 1
0824 38458 1615236 3268930 3
0825 55689 779646 3062895 5
0826 67172 604548 3560116 4
0827 24211 145266 702119 4
0828 18379 73516 532991 4
0829 58554 234216 1171080 5
0830 55794 781116 3180258 1
0831 58365 2042775 3735360 3
0832 50525 151575 1414700 1
0833 15723 393075 534582 1
0834 55336 1328064 3596840 5
0835 38272 574080 1837056 4
0836 47336 284016 1704096 4
0837 67365 336825 1010475 3
0838 49825 49825 797200 3
0839 19297 154376 771880 5
0840 52791 422328 2481177 2
0841 86052 688416 3011820 4
0842 10786 86288 258864 2
0843 40222 321776 1246882 3
0844 25363 380445 938431 4
0845 36177 361770 687363 1
0846 1995 23940 87780 3
0847 47549 427941 760784 3
0848 69496 416976 3057824 1
0849 3195 6390 22365 3
0850 50651 810416 2684503 5
0851 37274 447288 782754 5
0852 79519 1431342 3260279 1
0853 85928 2577840 4983824 2
0854 13049 130490 143539 2
0855 48536 388288 630968 1
0856 81185 811850 1380145 2
0857 499 5988 18463 5
0858 47602 238010 761632 3
0859 74660 298640 2463780 4
0860 58273 874095 2272647 1
0861 30226 906780 1209040 5
0862 12685 228330 507400 5
0863 82195 739755 2794630 5
0864 78000 468000 3822000 1
0865 1430 4290 27170 2
0866 35348 282784 848352 1
0867 7955 238650 501165 1
0868 10003 120036 240072 5
0869 30657 91971 735768 2
0870 70033 560264 2871353 2
0871 53644 375508 2521268 5
0872 51465 1029300 2418855 3
0873 25325 0 835725 5
0874 51308 307848 1693164 2
0875 76070 2662450 3727430 5
0876 57747 519723 981699 3
0877 56796 681552 1419900 1
0878 4624 129472 332928 1
0879 68067 1361340 2314278 1
0880 36363 218178 399993 4
0881 80637 1612740 4838220 2
0882 20836 125016 333376 1
0883 39268 157072 549752 4
0884 77233 463398 3166553 2
0885 53216 425728 2075424 2
0886 52818 105636 1531722 1
0887 76442 917304 3439890 4
0888 7449 59592 268164 3
0889 58569 175707 2694174 5
0890 70812 849744 2974104 5
0891 34001 102003 1394041 4
0892 58745 1644860 3113485 2
0893 11625 0 93000 1
0894 17612 281792 545972 5
0895 31057 93171 1428622 4
0896 54306 977508 3258360 1
0897 80559 1208385 3383478 1
0898 30201 845628 1087236 4
0899 38753 77506 1046331 1
0900 78122 156244 1953050 4
0901 14213 113704 213195 5
0902 33543 469602 1844865 1
0903 5827 116540 203945 3
0904 68980 1655520 1793480 3
0905 4767 28602 123942 3
0906 11123 133476 289198 4
0907 85779 514674 1801359 5
0908 27250 218000 1008250 5
0909 63209 884926 2844405 1
0910 1837 11022 75317 3
0911 26870 188090 1209150 1
0912 50784 507840 2132928 2
0913 79639 238917 2389170 5
0914 60503 1210060 3811689 1
0915 30376 850528 1761808 2
0916 31850 0 796250 4
0917 87875 1054500 1142375 3
0918 21022 84088 609638 3
0919 28213 592473 1128520 2
0920 80703 1452654 3873744 4
0921 62820 753840 1947420 3
0922 56712 510408 2665464 1
0923 20193 302895 1130808 2
0924 85519 1197266 1624861 1
0925 50843 457587 1118546 3
0926 62701 438907 2570741 2
0927 15429 30858 61716 2
0928 62154 745848 1864620 4
0929 79328 793280 3887072 2
0930 8540 34160 247660 3
0931 6514 182392 267074 3
0932 30670 368040 1564170 5
0933 82367 823670 1564973 3
0934 80972 1133608 1781384 1
0935 26418 52836 290598 1
0936 11421 68526 182736 1
0937 2039 14273 81560 2
0938 67662 1894536 4736340 5
0939 50761 1776635 3553270 1
0940 51429 720006 2211447 1
0941 84620 2369360 5754160 1
0942 36235 253645 833405 5
0943 68120 2384200 4291560 2
0944 22958 550992 941278 3
0945 21780 108900 304920 4
0946 59485 118970 535365 5
0947 3031 127302 148519 3
0948 69891 838692 3564441 3
0949 42114 252684 1853016 5
0950 13328 53312 239904 1
0951 65749 986235 2827207 4
0952 3228 0 83928 3
0953 2772 22176 97020 3
0954 38431 153724 461172 1
0955 52894 634728 1375244 2
0956 22637 135822 1041302 3
0957 53962 323772 593582 5
0958 36873 0 1069317 1
0959 12040 144480 180600 4
0960 4062 40620 109674 4
0961 70907 1489047 1701768 5
0962 79339 1904136 3490916 3
0963 12013 216234 240260 2
0964 56441 282205 903056 1
0965 21845 196605 1070405 2
0966 18926 170334 719188 5
0967 20843 333488 1062993 1
0968 62420 749040 2184700 4
0969 68323 1708075 3074535 3
0970 7201 36005 230432 1
0971 6402 96030 313698 5
0972 26399 158394 791970 4
0973 65715 394290 3022890 1
0974 28612 686688 1888392 3
0975 26696 266960 293656 1
0976 17366 694640 1458744 3
0977 53913 1886955 2210433 5
0978 6026 120520 180780 4
0979 74274 1039836 2896686 5
0980 68811 1100976 2546007 2
0981 43411 130233 260466 2
0982 44025 396225 1628925 4
0983 53332 853312 1173304 4
0984 46823 187292 936460 5
0985 66232 1324640 2649280 4
0986 62692 501536 2131528 1
0987 55520 666240 1665600 1
0988 72603 0 2758914 1
0989 13492 472220 876980 5
0990 39861 159444 398610 5
0991 42396 127188 1950216 5
0992 5572 83580 128156 5
0993 29623 444345 622083 1
0994 61954 247816 1424942 1
0995 29556 472896 1566468 5
0996 74023 296092 1110345 4
0997 23675 189400 875975 1
0998 10228 20456 255700 1
0999 21771 435420 892611 5
1000 87717 1315755 3508680 3
1001 20121 181089 543267 5
1002 58254 174762 932064 5
1003 15659 62636 595042 4
1004 17864 35728 482328 3
1005 57765 0 2368365 3
1006 53671 322026 2307853 3
1007 17800 373800 694200 4
1008 37250 782250 1452750 4
1009 36653 0 513142 2
1010 50360 402880 1208640 1
1011 60215 722580 1625805 1
1012 52268 940824 2508864 3
1013 32820 393840 1115880 5
1014 61165 0 611650 3
1015 10261 41044 164176 1
1016 50893 0 1221432 2
1017 17112 34224 444912 2
1018 13375 107000 214000 1
1019 15446 30892 386150 4
1020 23925 143550 382800 2
1021 61938 1734264 4087908 5
1022 47160 330120 1461960 3
1023 77240 926880 2626160 3
1024 76132 228396 1903300 3
1025 15583 140247 218162 4
1026 79847 319388 3034186 2
1027 76048 456288 912576 3
1028 75451 226353 2640785 1
1029 79105 316420 1661205 5
1030 12044 96352 602200 2
1031 74421 2083788 2679156 4
1032 75323 376615 2335013 1
1033 22301 133806 423719 2
1034 59266 592660 1185320 2
1035 31427 0 597113 4
1036 36578 292624 804716 3
1037 73722 737220 1105830 2
1038 9775 205275 488750 2
1039 46036 414324 1841440 2
1040 32091 288819 866457 5
1041 78963 2210964 5527410 1
1042 26415 316980 1241505 3
1043 37966 151864 797286 2
1044 87346 1222844 4192608 2
1045 30887 308870 1081045 5
1046 68712 687120 1236816 3
1047 9795 205695 626880 4
1048 51552 206208 1031040 2
1049 44588 89176 133764 5
1050 12936 155232 543312 4
1051 68397 205191 3077865 4
1052 63231 885234 948465 3
1053 24701 222309 988040 3
1054 34520 517800 1553400 5
1055 43588 217940 305116 1
1056 26118 52236 809658 5
1057 74387 1338966 1934062 4
1058 6662 233170 393058 3
1059 19918 99590 517868 3
1060 63252 1138536 3162600 2
1061 8034 16068 48204 4
1062 43220 432200 1469480 3
1063 43888 263328 702208 1
1064 14894 148940 640442 1
1065 54783 766962 2300886 1
1066 27542 247878 1156764 3
1067 76050 228150 1673100 4
1068 52275 627300 1725075 4
1069 67195 134390 268780 4
1070 29660 88980 771160 4
1071 85656 1027872 1284840 2
1072 60041 540369 1440984 3
1073 8516 298060 383220 1
1074 28159 56318 619498 4
1075 45743 274458 503173 5
1076 69422 833064 1180174 4
1077 38004 798084 912096 2
1078 10144 10144 71008 1
1079 28007 672168 1652413 2
1080 38973 233838 1714812 3
1081 25320 0 303840 2
1082 39111 703998 2033772 4
1083 50287 502870 2363489 4
1084 68341 546728 1640184 5
1085 79401 952812 2699634 4
1086 35758 643644 2181238 3
1087 34949 629082 1852297 2
1088 23859 477180 1216809 5
1089 6149 30745 301301 1
1090 85356 256068 1109628 4
1091 48379 338653 435411 5
1092 57849 115698 1388376 4
1093 73654 2209620 2283274 3
1094 69614 208842 1531508 5
1095 29752 446280 624792 5
1096 20888 584864 1086176 5
1097 7156 71560 207524 2
1098 16456 82280 427856 1
1099 64902 259608 389412 3
1100 26346 79038 316152 4
1101 69066 138132 3107970 4
1102 15622 31244 702990 5
1103 38260 382600 879980 5
1104 55740 445920 1895160 2
1105 74097 444582 3630753 5
1106 18402 276030 1085718 4
1107 85793 772137 1801653 2
1108 4532 9064 18128 1
1109 14519 14519 217785 3
1110 14489 289780 637516 3
1111 35992 215952 1655632 2
1112 60510 484080 2117850 2
1113 69466 416796 1945048 1
1114 24340 73020 194720 5
1115 49043 392344 931817 3
1116 13135 183890 302105 1
1117 16210 48630 291780 4
1118 61485 491880 2766825 1
1119 17468 209616 279488 2
1120 33787 844675 1182545 4
1121 7957 222796 549033 2
1122 16377 65508 655080 5
1123 41671 166684 791749 2
1124 5580 11160 245520 3
1125 29760 238080 1309440 5
1126 77550 232650 2248950 1
1127 13971 279420 782376 2
1128 30101 361212 451515 4
1129 74624 746240 3731200 4
1130 59449 713388 2377960 5
1131 67366 269464 2762006 4
1132 53784 1882440 2689200 3
1133 66987 1004805 1071792 1
1134 2710 43360 97560 5
1135 11947 35841 298675 4
1136 17369 208428 625284 4
1137 47733 143199 1145592 5
1138 68549 0 2810509 1
1139 12076 181140 422660 5
1140 31161 93483 841347 4
1141 23492 281904 986664 5
1142 23982 383712 1319010 1
1143 70603 353015 494221 5
1144 34152 102456 409824 1
1145 71052 1421040 2344716 3
1146 34364 274912 1683836 1
1147 61377 61377 1779933 1
1148 62234 2613828 2862764 3
1149 13291 199365 318984 1
1150 32862 690102 920136 3
1151 38501 539014 1424537 3
1152 34041 306369 408492 5
1153 78087 468522 3279654 1
1154 12360 111240 135960 4
1155 74622 223866 2238660 1
1156 54581 382067 2565307 4
1157 84346 2024304 4048608 2
1158 31416 785400 1853544 2
1159 76559 459354 1301503 2
1160 27004 405060 1215180 2
1161 55650 0 1836450 3
1162 25956 0 1142064 4
1163 28188 28188 902016 5
1164 6851 27404 157573 1
1165 41694 583716 1667760 5
1166 35589 71178 676191 1
1167 60753 243012 2673132 3
1168 28716 57432 114864 4
1169 2198 6594 21980 4
1170 84655 761895 846550 4
1171 58518 1170360 2574792 3
1172 44552 267312 1559320 5
1173 48169 867042 2215774 2
1174 3726 78246 238464 2
1175 11538 138456 207684 2
1176 5762 11524 178622 3
1177 53294 639528 1065880 3
1178 54818 1918630 3946896 3
1179 20491 163928 963077 5
1180 28090 449440 758430 4
1181 81735 1144290 3759810 4
1182 43650 436500 2051550 2
1183 7059 21177 70590 1
1184 66714 667140 1267566 2
1185 35998 107994 431976 4
1186 11926 95408 310076 2
1187 67078 402468 1140326 2
1188 53242 319452 1544018 4
1189 16659 0 199908 2
1190 80112 240336 2243136 5
1191 71757 1076355 3587850 3
1192 66053 264212 924742 2
1193 11410 45640 524860 4
1194 16722 401328 936432 1
1195 15274 152740 534590 2
1196 23433 70299 1101351 5
1197 55279 110558 2487555 1
1198 29486 147430 1149954 1
1199 32982 296838 1385244 5
1200 9258 222192 509190 3
1201 77386 696474 3327598 2
1202 14796 266328 651024 2
1203 19323 309168 1120734 3
1204 61884 1237680 1608984 4
1205 25742 102968 772260 3
1206 30780 492480 1846800 3
1207 19214 268996 787774 5
1208 53186 1116906 2021068 2
1209 22297 66891 891880 5
1210 20098 0 160784 3
1211 10488 293664 681720 2
1212 78896 2761360 2998048 4
1213 54922 329532 2471490 1
1214 34947 104841 559152 1
1215 44246 1592856 2389284 2
1216 81125 973500 4543000 4
1217 10837 303436 563524 1
1218 87706 1052472 4823830 5
1219 17050 238700 647900 2
1220 50227 150681 2059307 5
1221 68317 204951 273268 3
1222 78603 1572060 2593899 3
1223 27662 110648 221296 5
1224 64186 128372 1540464 3
1225 30 630 720 4
1226 5659 101862 265973 2
1227 15493 309860 759157 3
1228 42796 85592 1369472 2
1229 80548 1933152 3463564 5
1230 21958 109790 768530 1
1231 78338 705042 861718 1
1232 40801 489612 979224 5
1233 52891 158673 1057820 5
1234 12588 50352 176232 4
1235 50137 401096 2105754 3
1236 7132 21396 28528 3
1237 68486 410916 2876412 2
1238 11941 11941 155233 3
1239 21120 84480 950400 5
1240 6900 124200 386400 4
1241 49816 398528 1643928 5
1242 84987 1529766 4759272 2
1243 67530 472710 1148010 3
1244 38634 0 463608 4
1245 85766 1372256 4888662 4
1246 4429 0 119583 3
1247 37741 75482 1434158 3
1248 49390 592680 1037190 4
1249 13112 458920 681824 4
1250 68035 2381225 2721400 3
1251 23474 563376 1478862 2
1252 54056 324336 540560 4
1253 33366 600588 1434738 1
1254 42950 171800 214750 5
1255 69644 0 2716116 1
1256 62776 2008832 2259936 2
1257 15195 30390 607800 4
1258 76012 304048 2964468 5
1259 84177 1683540 2020248 5
1260 28787 1036332 1496924 3
1261 9300 9300 186000 1
1262 49651 0 496510 4
1263 46612 279672 1258524 4
1264 27898 139490 1032226 3
1265 69410 1388200 4442240 3
1266 25562 766860 1712654 3
1267 35384 247688 1556896 4
1268 40419 161676 323352 2
1269 60635 2546670 3516830 2
1270 41579 0 1829476 3
1271 70814 1274652 1557908 5
1272 62907 440349 880698 1
1273 6119 0 18357 5
1274 17113 51339 787198 4
1275 16595 33190 215735 3
1276 80744 645952 2422320 1
1277 7073 42438 247555 1
1278 36788 551820 2096916 2
1279 43923 219615 1581228 2
1280 44377 532524 2041342 4
1281 1700 8500 81600 5
1282 86762 173524 2082288 2
1283 12136 0 388352 3
1284 76757 307028 3377308 3
1285 63181 1263620 3222231 4
1286 80801 242403 1131214 4
1287 86714 1300710 4248986 3
1288 49194 590328 2213730 3
1289 40747 733446 977928 4
1290 46603 1631105 2516562 1
1291 11957 71742 155441 5
1292 66441 664410 1727466 4
1293 74570 447420 2759090 3
1294 52491 314946 1417257 1
1295 40669 81338 854049 1
1296 21629 432580 930047 2
1297 67760 406560 2100560 1
1298 45031 405279 1891302 1
1299 76032 760320 2204928 4
1300 4500 63000 243000 4
1301 82734 1985616 2978424 1
1302 64996 194988 1429912 1
1303 14302 286040 343248 3
1304 19765 296475 1087075 2
1305 37429 524006 1946308 2
1306 170 1360 5950 3
1307 85000 2380000 3995000 4
1308 65130 65130 911820 2
1309 45545 273270 1184170 5
1310 32280 322800 1162080 1
1311 21505 129030 967725 1
1312 30760 184560 307600 1
1313 28883 231064 1328618 5
1314 23548 353220 565152 3
1315 4398 131940 312258 2
1316 10 280 600 3
1317 50117 501170 1303042 2
1318 49546 396368 1882748 4
1319 63504 444528 2413152 1
1320 72603 217809 1379457 2
1321 48840 146520 2246640 1
1322 9758 97580 175644 3
1323 22445 22445 875355 5
1324 57176 571760 2744448 2
1325 41467 414670 1741614 3
1326 40627 121881 1543826 1
1327 41848 125544 836960 3
1328 26480 211840 794400 2
1329 4113 102825 131616 3
1330 7615 60920 380750 5
1331 75274 1505480 4516440 1
1332 16619 99714 781093 2
1333 56596 1131920 1641284 3
1334 86854 1737080 2084496 3
1335 7714 61712 300846 2
1336 49187 442683 1573984 5
1337 71694 1720656 4731804 4
1338 31957 95871 543269 5
1339 60912 548208 2984688 5
1340 26627 106508 878691 5
1341 28466 199262 1195572 3
1342 49565 892170 1239125 5
1343 35375 318375 1591875 2
1344 44342 221710 1862364 3
1345 27741 166446 804489 1
1346 7221 50547 353829 4
1347 64409 386454 1094953 4
1348 65862 65862 987930 4
1349 28062 140310 1094418 1
1350 68662 686620 2952466 4
1351 3530 42360 134140 1
1352 52853 105706 1691296 4
1353 22449 179592 561225 4
1354 52928 423424 1534912 3
1355 18129 507612 725160 1
1356 32359 388308 1003129 5
1357 65894 329470 2965230 5
1358 29219 525942 672037 3
1359 60974 914610 2256038 4
1360 44323 1551305 3102610 5
1361 70611 1765275 4166049 3
1362 4625 0 175750 2
1363 58014 232056 1624392 3
1364 63922 639220 3451788 2
1365 26752 0 909568 1
1366 21636 86544 519264 4
1367 28764 57528 143820 3
1368 14165 594930 864065 5
1369 31866 318660 1465836 5
1370 64523 967845 1935690 4
1371 42290 1268700 2072210 4
1372 65820 197460 2830260 5
1373 39498 473976 1777410 4
1374 23058 92232 760914 1
1375 61754 308770 1667358 5
1376 22173 443460 975612 5
1377 77636 465816 1242176 1
1378 51569 464121 2423743 4
1379 37261 149044 1714006 1
1380 84093 1009116 1597767 1
1381 15697 62788 580789 2
1382 21475 128850 558350 2
1383 866 21650 45032 4
1384 34413 619434 1135629 2
1385 56810 0 1590680 2
1386 78913 473478 3077607 2
1387 40243 845103 1408505 2
1388 3922 78440 223554 2
1389 62851 1696977 3331103 3
1390 2820 67680 138180 3
1391 46766 1122384 2151236 4
1392 22520 450400 1418760 2
1393 23190 115950 463800 4
1394 34589 484246 1106848 3
1395 87137 174274 3224069 5
1396 18737 37474 168633 4
1397 60041 1440984 2761886 2
1398 67870 542960 1696750 1
1399 28277 424155 1583512 4
1400 78888 1419984 2603304 5
1401 81332 243996 2683956 1
1402 55392 997056 1938720 1
1403 29029 174174 754754 5
1404 42310 126930 973130 4
1405 43890 175560 1448370 1
1406 49371 197484 691194 4
1407 55802 334812 1953070 1
1408 58740 3289440 5110380 5
1409 9866 19732 256516 2
1410 84079 1345264 2858686 4
1411 41411 248466 1325152 1
1412 52574 473166 788610 3
1413 80386 964632 1929264 3
1414 75300 1506000 3990900 5
1415 8062 32248 362790 5
1416 40924 286468 695708 2
1417 38792 155168 1163760 4
1418 86302 863020 3710986 2
1419 13824 41472 331776 1
1420 42130 505560 1980110 3
1421 36644 293152 1245896 5
1422 58368 700416 1867776 4
1423 890 10680 26700 2
1424 22813 68439 775642 1
1425 30652 91956 337172 2
1426 31588 63176 1073992 3
1427 20762 290668 705908 4
1428 41527 83054 955121 1
1429 52676 316056 948168 3
1430 4377 13131 91917 3
1431 17794 160146 693966 3
1432 57486 689832 1207206 1
1433 77896 701064 2882152 5
1434 14146 127314 509256 4
1435 2096 12576 27248 1
1436 19494 155952 740772 4
1437 1989 0 59670 3
1438 331 6620 15226 3
1439 13934 250812 445888 1
1440 65095 520760 2799085 3
1441 38648 695664 2318880 4
1442 45692 45692 2056140 4
1443 78590 1886160 5344120 1
1444 27734 55468 83202 5
1445 71085 853020 1848210 4
1446 73801 2214030 2730637 1
1447 72529 870348 2103341 1
1448 40613 487356 1137164 1
1449 78802 236406 2915674 5
1450 52071 833136 1614201 1
1451 62067 248268 2730948 1
1452 24548 147288 736440 5
1453 47720 572640 1049840 5
1454 59299 592990 3142847 5
1455 47752 286512 2101088 3
1456 38535 770700 809235 2
1457 73354 440124 3667700 4
1458 28493 427395 1595608 4
1459 57108 1027944 3426480 1
1460 82772 1158808 3559196 2
1461 29361 58722 1056996 5
1462 79006 711054 3634276 1
1463 83815 2095375 5447975 3
1464 61111 244444 1099998 3
1465 27107 406605 433712 5
1466 5338 85408 149464 2
1467 68671 137342 1304749 3
1468 1866 9330 63444 1
1469 6613 39678 277746 5
1470 3526 7052 130462 1
1471 60374 724488 1931968 5
1472 69208 553664 1730200 4
1473 31122 373464 715806 2
1474 49304 887472 1972160 2
1475 36950 886800 1588850 3
1476 59629 954064 1669612 1
1477 68819 550552 2271027 4
1478 65905 131810 2174865 4
1479 725 5800 18125 3
1480 68581 822972 1440201 2
1481 81683 571781 3185637 5
1482 32636 326360 358996 5
1483 42810 513720 2097690 2
1484 2362 59050 73222 5
1485 62316 934740 3676644 1
1486 85132 170264 2213432 1
1487 26161 0 967957 4
1488 81700 1634000 3758200 3
1489 33917 203502 881842 4
1490 83679 0 251037 5
1491 59492 2141712 4640376 1
1492 66370 1393770 3716720 5
1493 44412 666180 2309424 1
1494 32126 385512 1156536 3
1495 20757 0 228327 3
1496 53722 644664 2041436 4
1497 75103 4205768 6759270 2
1498 58868 353208 529812 2
1499 35269 105807 1446029 2
1500 48461 1017681 2713816 3
1501 36774 441288 1029672 3
1502 85033 1785693 3231254 2
1503 79065 632520 3874185 3
1504 60591 1272411 1454184 5
1505 47866 861588 2824094 2
1506 62301 373806 872214 3
1507 14466 115728 607572 5
1508 77470 929640 4028440 5
1509 8354 16708 192142 1
1510 58818 1470450 2999718 2
1511 41179 617685 905938 5
1512 52624 0 789360 3
1513 23546 94184 635742 4
1514 62610 1252200 2567010 3
1515 73171 878052 1097565 2
1516 34670 242690 1178780 2
1517 74506 596048 1713638 1
1518 66401 1195218 2191233 2
1519 38015 456180 1786705 1
1520 25229 25229 50458 2
1521 1875 16875 28125 2
1522 44921 943341 2560497 1
1523 9735 146025 223905 5
1524 47133 471330 1131192 3
1525 39565 1107820 2373900 5
1526 8804 35216 228904 4
1527 81755 817550 2616160 2
1528 1695 47460 52545 1
1529 56202 1405050 3259716 4
1530 45024 225120 540288 2
1531 8151 32604 293436 4
1532 63842 1021472 2809048 3
1533 48160 288960 2215360 3
1534 11628 46512 500004 3
1535 73828 1107420 3617572 5
1536 48476 290856 2132944 4
1537 6437 90118 212421 2
1538 70871 1063065 3118324 4
1539 9174 165132 458700 3
1540 46500 279000 1302000 1
1541 22565 225650 902600 4
1542 52917 105834 370419 4
1543 73407 3303315 3596943 3
1544 77522 155044 3488490 1
1545 77601 310404 698409 1
1546 12901 51604 258020 2
1547 67279 538232 1547417 5
1548 76199 152398 380995 5
1549 71004 994056 3763212 4
1550 87349 0 262047 5
1551 16542 115794 512802 4
1552 50649 709086 2177907 3
1553 65436 261744 2552004 4
1554 41842 167368 1715522 2
1555 3190 38280 165880 3
1556 62576 250304 1564400 5
1557 53331 106662 1173282 2
1558 64787 129574 259148 5
1559 13885 555400 985835 5
1560 59632 298160 1371536 4
1561 57410 861150 3157550 2
1562 34991 174955 1154703 5
1563 86187 2413236 3533667 5
1564 31395 62790 188370 3
1565 10264 287392 615840 5
1566 3323 59814 83075 4
1567 39742 317936 1073034 2
1568 76683 1533660 3757467 3
1569 13936 55744 599248 5
1570 77910 4362960 6622350 4
1571 11439 320292 697779 4
1572 4705 56460 216430 1
1573 62908 503264 1258160 3
1574 4128 74304 231168 5
1575 41608 998592 2496480 4
1576 37626 451512 677268 4
1577 83408 0 1251120 3
1578 86602 519612 1385632 1
1579 76523 918276 1989598 4
1580 66894 334470 2876442 3
1581 51269 922842 2768526 1
1582 65427 261708 3009642 1
1583 33853 101559 135412 2
1584 35244 1268784 2643300 5
1585 22326 44652 781410 4
1586 5831 23324 110789 3
1587 14694 146940 690618 5
1588 24873 522333 1492380 4
1589 47936 719040 2396800 4
1590 14233 56932 498155 3
1591 31406 125624 628120 1
1592 57296 1203216 2005360 3
1593 71953 215859 2950073 2
1594 86786 173572 1822506 1
1595 71788 287152 2584368 3
1596 86216 1034592 4224584 2
1597 60258 723096 2771868 1
1598 4402 110050 167276 2
1599 69196 1453116 4428544 2
1600 85861 257583 2232386 2
1601 64307 1157526 2057824 3
1602 79555 1193325 2704870 4
1603 66265 1060240 2319275 5
1604 83366 1667320 2667712 5
1605 37240 74480 1601320 3
1606 45689 274134 1553426 5
1607 17523 140184 841104 1
1608 17516 157644 192676 5
1609 13066 39198 91462 2
1610 13982 111856 125838 2
1611 36387 582192 1673802 3
1612 47240 472400 1700640 2
1613 37177 446124 706363 2
1614 87785 702280 1580130 1
1615 9566 95660 229584 1
1616 65065 650650 1821820 4
1617 77286 386430 1623006 5
1618 53052 0 2334288 1
1619 26436 634464 766644 1
1620 28079 168474 561580 4
1621 57924 405468 2896200 1
1622 66374 929236 2455838 3
1623 84177 2020248 5555682 4
1624 53767 322602 1129107 3
1625 20052 140364 160416 3
1626 66541 399246 2462017 1
1627 48734 584808 633542 4
1628 30160 120640 874640 5
1629 32253 387036 548301 2
1630 48970 1713950 2889230 4
1631 62234 186702 1369148 5
1632 67455 67455 1888740 5
1633 6495 51960 116910 3
1634 21430 171440 535750 1
1635 87619 1752380 4731426 3
1636 79449 1191735 2304021 5
1637 47762 668668 716430 4
1638 36309 1270815 2541630 1
1639 81028 1458504 4294484 2
1640 55085 0 1872890 3
1641 31979 799475 1694887 4
1642 84447 506682 3800115 1
1643 2326 9304 65128 3
1644 23518 211662 282216 4
1645 34525 414300 1760775 2
1646 84025 336100 1848550 5
1647 73083 2192490 2704071 2
1648 30311 121244 1303373 3
1649 45065 90130 1802600 5
1650 52225 1253400 1566750 3
1651 70898 1985144 4750166 1
1652 15587 46761 405262 4
1653 55652 2003472 4173900 2
1654 6804 40824 244944 5
1655 27989 335868 923637 4
1656 62566 563094 3003168 5
1657 85932 515592 3179484 5
1658 68902 689020 1378040 1
1659 45269 45269 1539146 3
1660 77580 232740 2172240 1
1661 343 686 2401 4
1662 47208 708120 1699488 2
1663 79967 159934 2958779 4
1664 61491 1844730 2890077 3
1665 27182 0 516458 3
1666 84640 1015680 1184960 2
1667 7838 31352 352710 2
1668 23068 46136 645904 5
1669 16517 99102 545061 4
1670 71189 640701 1779725 1
1671 16615 116305 681215 2
1672 37392 74784 336528 5
1673 79207 633656 2376210 5
1674 18903 378060 472575 4
1675 54131 324786 1245013 3
1676 82814 828140 3478188 2
1677 79699 1195485 3905251 4
1678 10659 0 373065 2
1679 83826 838260 3353040 4
1680 35346 70692 1519878 4
1681 45461 1909362 1954823 3
1682 41204 206020 535652 5
1683 75375 226125 2035125 5
1684 40660 243960 1301120 3
1685 70332 1054980 2813280 3
1686 18252 0 693576 4
1687 29752 238016 446280 3
1688 48700 1363600 2386300 1
1689 50085 1051785 1752975 2
1690 49485 593820 2325795 4
1691 72588 72588 2976108 5
1692 2102 2102 39938 1
1693 29245 146225 584900 5
1694 15809 442652 474270 2
1695 79337 317348 1110718 4
1696 23702 497742 1256206 5
1697 82568 1238520 2889880 5
1698 38973 194865 1130217 5
1699 37245 111735 1527045 5
1700 75602 0 907224 4
1701 10643 21286 276718 1
1702 56785 227140 1022130 5
1703 48159 48159 722385 5
1704 36172 289376 1229848 3
1705 1867 9335 37340 5
1706 28040 112160 224320 5
1707 71697 860364 2796183 5
1708 53938 539380 2589024 3
1709 11465 34395 114650 4
1710 39977 479724 1559103 1
1711 14770 413560 915740 3
1712 42751 1496285 2094799 4
1713 26814 80442 294954 3
1714 18998 227976 322966 4
1715 47879 574548 1580007 1
1716 35051 1261836 1927805 2
1717 54977 1319448 1704287 3
1718 24939 523719 1172133 4
1719 38987 116961 1832389 1
1720 73252 1465040 1831300 2
1721 42063 252378 504756 5
1722 11852 71112 154076 1
1723 86927 1564686 3477080 4
1724 22733 22733 568325 1
1725 53640 536400 2360160 1
1726 28609 572180 1602104 1
1727 3590 7180 32310 3
1728 31785 476775 1398540 4
1729 74418 1116270 1265106 4
1730 35643 213858 1710864 1
1731 60237 361422 2650428 1
1732 69510 695100 2571870 4
1733 19980 39960 199800 5
1734 47168 566016 1792384 1
1735 9214 27642 128996 1
1736 34465 620370 1723250 1
1737 28950 434250 1534350 4
1738 83723 1255845 3683812 3
1739 77936 311744 389680 5
1740 41201 82402 329608 5
1741 75660 1134900 3177720 3
1742 33839 541424 1218204 2
1743 68985 1103760 1586655 4
1744 66212 2780904 3575448 1
1745 23430 0 515460 2
1746 66931 0 200793 2
1747 52850 528500 2008300 3
1748 62956 503648 1133208 5
1749 36253 870072 906325 4
1750 11862 177930 664272 4
1751 38279 229674 1224928 2
1752 39791 238746 795820 2
1753 29650 177900 830200 3
1754 31224 249792 718152 1
1755 39636 39636 118908 3
1756 24380 585120 1535940 5
1757 46714 140142 560568 4
1758 36447 218682 1822350 3
1759 42279 761022 1437486 4
1760 32059 512944 929711 1
1761 18241 36482 510748 2
1762 66095 528760 2908180 2
1763 28981 289810 869430 2
1764 43863 1052712 1272027 4
1765 82314 164628 3045618 2
1766 19776 138432 355968 5
1767 64981 584829 3443993 2
1768 46851 655914 2061444 1
1769 19358 232296 793678 4
1770 47790 669060 1051380 5
1771 14353 28706 602826 5
1772 73402 367010 880824 4
1773 32781 393372 1081773 5
1774 47353 378824 2036179 4
1775 55907 447256 1174047 3
1776 56109 336654 1402725 4
1777 53017 1590510 2915935 2
1778 30989 154945 464835 1
1779 55066 1982376 3964752 4
1780 37907 227442 720233 5
1781 68948 1034220 4067932 1
1782 81135 1703835 2190645 1
1783 46248 277488 1572432 1
1784 17184 206208 927936 5
1785 49621 793936 2977260 3
1786 14939 134451 298780 3
1787 86499 1816479 5276439 2
1788 16091 193092 225274 1
1789 26727 213816 988899 2
1790 85083 1020996 1276245 4
1791 58661 117322 1114559 3
1792 18166 108996 908300 5
1793 4499 112475 166463 5
1794 52944 264720 1376544 1
1795 49460 989200 1731100 5
1796 25489 305868 1376406 2
1797 29738 832664 2111398 5
1798 15552 124416 419904 2
1799 48986 1469580 2204370 4
1800 50445 0 1715130 2
1801 80020 2400600 4961240 4
1802 20546 308190 862932 5
1803 17951 502628 646236 4
1804 7592 45552 75920 4
1805 64013 1024208 3200650 5
1806 32058 128232 1346436 4
1807 71011 710110 2485385 1
1808 50074 150222 1251850 1
1809 39873 398730 2073396 1
1810 40119 962856 1925712 3
1811 62124 745488 1490976 1
1812 66612 266448 932568 1
1813 63413 3107237 4502323 5
1814 17172 240408 892944 5
1815 68049 2449764 3198303 2
1816 56044 448352 1905496 2
1817 9954 119448 308574 3
1818 40124 240744 1805580 1
1819 35606 640908 1281816 5
1820 40219 482628 2171826 2
1821 28950 0 376350 5
1822 82541 1155574 2228607 4
1823 71699 430194 1720776 2
1824 29906 239248 747650 4
1825 72805 873660 2111345 2
1826 39888 797760 1874736 1
1827 61719 3024231 3271107 4
1828 59513 357078 595130 5
1829 61310 2145850 2391090 3
1830 70541 1763525 4020837 3
1831 87050 1044600 3830200 3
1832 16804 50412 369688 2
1833 13428 375984 805680 4
1834 68351 0 2187232 5
1835 19845 297675 535815 1
1836 23480 281760 422640 5
1837 75831 606648 1364958 3
1838 87433 0 3672186 2
1839 65078 130156 1301560 3
1840 47529 570348 1330812 3
1841 87916 175832 703328 4
1842 54455 762370 2396020 1
1843 63584 763008 1780352 4
1844 4315 25890 211435 1
1845 79139 474834 1187085 3
1846 85520 256560 1197280 4
1847 82304 246912 2962944 5
1848 51144 767160 1176312 5
1849 81123 486738 1297968 2
1850 62806 1507344 4145196 1
1851 11614 23228 487788 2
1852 62132 1739696 3230864 5
1853 3918 15672 35262 1
1854 78132 1875168 5000448 2
1855 65872 395232 2898368 2
1856 30944 92832 711712 2
1857 35236 211416 775192 5
1858 31534 189204 220738 5
1859 83154 997848 1413618 3
1860 29014 174084 348168 3
1861 44483 667245 2001735 2
1862 14070 168840 464310 1
1863 48003 720045 2832177 1
1864 23499 46998 963459 3
1865 53665 643980 2361260 1
1866 76198 457188 3505108 5
1867 74599 1864975 2387168 1
1868 31818 190908 922722 5
1869 81036 486216 1782792 2
1870 37764 453168 1623852 1
1871 14618 0 204652 1
1872 6865 205950 425630 4
1873 81773 490638 3598012 2
1874 59881 359286 2515002 5
1875 9715 29145 408030 2
1876 7193 0 208597 5
1877 39181 0 1214611 2
1878 74521 223563 3278924 3
1879 56663 339978 1529901 3
1880 27042 162252 973512 5
1881 44351 266106 399159 1
1882 6980 69800 104700 1
1883 42349 1185772 2329195 2
1884 86887 781983 3388593 5
1885 37608 188040 1504320 5
1886 30610 734640 826470 5
1887 18383 183830 808852 3
1888 62541 750492 2251476 5
1889 48821 439389 1220525 5
1890 55835 335010 1786720 3
1891 27940 111760 838200 3
1892 24755 24755 396080 1
1893 47760 955200 2770080 4
1894 33745 708645 1012350 3
1895 9131 164358 210013 1
1896 76209 2286270 5029794 1
1897 58254 116508 1922382 5
1898 24557 122785 417469 2
1899 40603 284221 812060 5
1900 14410 605220 907830 3
1901 26719 106876 1042041 5
1902 80086 2883096 4324644 5
1903 74370 594960 1933620 2
1904 39184 0 1528176 4
1905 45753 549036 1692861 5
1906 84066 84066 2017584 4
1907 8213 49278 254603 4
1908 82018 1476324 2132468 3
1909 35697 856728 2248911 1
1910 5795 121695 191235 1
1911 6440 103040 148120 3
1912 78118 2734130 3046602 5
1913 51056 510560 1838016 4
1914 16529 49587 710747 2
1915 9106 54636 109272 2
1916 67377 336885 741147 3
1917 25629 205032 1076418 4
1918 77665 1553300 3650255 5
1919 81002 1458036 4617114 1
1920 49686 298116 1391208 4
1921 63341 1330161 2787004 2
1922 21174 889308 1333962 2
1923 59122 1182440 2956100 1
1924 59559 714708 2084565 5
1925 35879 1004612 2296256 5
1926 54649 491841 710437 4
1927 53688 1073760 1825392 1
1928 71038 426228 2273216 1
1929 84854 339416 1018248 4
1930 60908 730896 3045400 4
1931 32863 98589 1347383 5
1932 21499 429980 1246942 1
1933 40856 81712 326848 2
1934 21790 130740 871600 1
1935 15805 158050 521565 5
1936 49744 497440 646672 1
1937 29089 232712 872670 2
1938 22917 206253 275004 3
1939 25424 635600 1677984 2
1940 31001 651021 1147037 1
1941 82823 1987752 2484690 4
1942 14036 168432 378972 5
1943 82542 165084 3384222 3
1944 14048 56192 618112 2
1945 58245 1048410 2795760 2
1946 8771 122794 131565 5
1947 61362 1288602 1472688 1
1948 65648 459536 2954160 4
1949 64985 194955 779820 3
1950 81877 1228155 2374433 1
1951 19040 380800 1142400 2
1952 62494 374964 2187290 4
1953 21060 126360 315900 1
1954 10785 0 129420 2
1955 28098 842940 1713978 3
1956 85719 2057256 3600198 5
1957 48106 769696 1010226 2
1958 48936 734040 2593608 4
1959 45146 361168 767482 3
1960 33730 404760 1551580 1
1961 29473 353676 736825 2
1962 40677 732186 1789788 3
1963 33010 594180 1947590 5
1964 63431 1268620 3869291 5
1965 78320 3289440 5639040 2
1966 4474 26844 161064 3
1967 62375 561375 2370250 2
1968 72028 3025176 3889512 3
1969 58767 470136 2820816 1
1970 11899 95192 594950 5
1971 22509 67527 990396 1
1972 75232 902784 2858816 2
1973 5077 60924 96463 4
1974 32541 97623 715902 4
1975 12974 324350 570856 3
1976 85952 515712 3352128 5
1977 57850 1157000 3181750 2
1978 45529 1365870 2185392 4
1979 68754 618786 3231438 4
1980 79703 797030 3666338 4
1981 78433 470598 3058887 2
1982 37123 259861 1076567 5
1983 28659 515862 802452 1
1984 31873 223111 1498031 2
1985 11092 66552 388220 2
1986 68132 1226376 3406600 5
1987 27683 27683 747441 5
1988 50892 101784 1068732 3
1989 13269 13269 145959 4
1990 83308 999696 3748860 3
1991 20676 124056 310140 1
1992 79487 635896 3179480 5
1993 31212 62424 1342116 1
1994 43425 130275 173700 1
1995 53956 1294944 2481976 3
1996 73163 73163 2633868 2
1997 70387 422322 3237802 5
1998 2949 5898 76674 5
1999 65471 327355 589239 3
2000 18511 388731 592352 5
