001 1552 1552 26384 5
002 1518 27324 33396 4
003 249 4482 4980 4
004 4825 14475 38600 1
005 9335 93350 149360 1
006 5322 21288 90474 4
007 2791 5582 27910 2
008 10238 20476 174046 5
009 6168 0 74016 5
010 2476 37140 44568 5
011 10846 260304 281996 4
012 1670 20040 51770 5
013 9094 36376 136410 1
014 7907 31628 173954 5
015 1601 12808 14409 3
016 9295 27885 55770 5
017 6427 38562 44989 4
018 4442 88840 177680 2
019 5287 105740 111027 1
020 9849 0 59094 3
021 2276 91040 95592 2
022 8951 80559 152167 3
023 529 6348 7406 1
024 8975 17950 80775 1
025 5584 50256 161936 2
026 5552 44416 88832 5
027 9679 145185 348444 3
028 8112 48672 186576 3
029 7374 58992 73740 1
030 9244 0 166392 1
031 10915 272875 392940 2
032 5385 0 53850 2
033 1523 27414 60920 1
034 1145 41220 44655 3
035 5818 116360 232720 2
036 1038 15570 38406 4
037 1032 3096 18576 3
038 8020 64160 112280 1
039 697 17425 29971 2
040 2634 52680 79020 5
041 10753 215060 397861 3
042 7944 278040 309816 4
043 988 5928 12844 3
044 4464 35712 49104 3
045 8268 24804 124020 3
046 534 1068 4272 1
047 4567 9134 27402 5
048 4786 14358 86148 5
049 3668 22008 95368 4
050 6553 0 58977 4
051 10765 322950 462895 3
052 2477 44586 71833 3
053 677 5416 7447 5
054 2773 49914 61006 4
055 7159 7159 164657 1
056 3800 22800 60800 1
057 4798 172728 230304 1
058 10631 21262 223251 1
059 2227 35632 66810 3
060 10858 43432 54290 3
061 1998 17982 23976 5
062 6544 52352 78528 5
063 7445 111675 230795 5
064 926 1852 10186 5
065 3189 28701 98859 3
066 10881 43524 54405 2
067 3157 25256 31570 4
068 10442 62652 240166 4
069 4335 13005 86700 2
070 5783 52047 127226 1
071 8199 245970 270567 2
072 10764 193752 258336 3
073 492 4920 5904 5
074 10863 0 76041 3
075 2364 23640 56736 2
076 10552 94968 189936 1
077 110 880 2530 2
078 9203 27609 156451 2
079 8084 32336 177848 2
080 7526 112890 120416 4
081 43 516 1462 2
082 8239 8239 74151 3
083 5947 71364 118940 4
084 515 6180 11330 1
085 7886 47316 134062 3
086 1361 27220 53079 2
087 10087 60522 70609 3
088 866 5196 10392 4
089 7027 21081 112432 2
090 4989 79824 114747 1
091 3230 12920 45220 2
092 8659 103908 277088 2
093 5381 32286 118382 3
094 9181 220344 403964 5
095 1075 25800 38700 3
096 9839 39356 157424 3
097 608 21888 25536 2
098 2611 10444 31332 3
099 7996 79960 231884 4
100 9378 75024 103158 2
101 10367 155505 165872 5
102 569 13656 22760 5
103 5049 80784 106029 3
104 5961 35766 53649 2
105 3119 12476 59261 5
106 4228 25368 50736 2
107 5545 166350 221800 4
108 6142 0 73704 1
109 9824 58944 127712 3
110 7695 61560 92340 4
111 2003 30045 74111 1
112 9523 57138 114276 2
113 3975 3975 63600 1
114 9582 57492 268296 1
115 2875 28750 77625 2
116 8481 356202 457974 1
117 10224 20448 153360 2
118 8329 249870 349818 4
119 7065 21195 77715 3
120 10975 32925 186575 2
121 9930 59580 218460 5
122 4073 48876 93679 4
123 5507 22028 55070 5
124 9708 58248 77664 1
125 164 656 1968 1
126 4416 35328 92736 3
127 3076 49216 64596 3
128 9726 48630 145890 4
129 5604 11208 84060 2
130 612 0 3060 5
131 10024 120288 200480 1
132 5393 64716 140218 1
133 3508 10524 87700 1
134 8030 32120 56210 4
135 9101 0 36404 5
136 2080 0 35360 2
137 2510 20080 67770 3
138 3707 29656 107503 3
139 9145 27435 173755 2
140 899 10788 14384 4
141 10746 128952 333126 1
142 6077 91155 97232 4
143 8877 177540 266310 1
144 1927 23124 26978 4
145 3118 18708 68596 3
146 6584 0 26336 5
147 1758 0 38676 4
148 4551 54612 81918 3
149 86 860 1720 5
150 2702 8106 48636 1
151 10359 82872 279693 4
152 8500 17000 93500 5
153 5154 61848 134004 4
154 10952 65712 295704 5
155 4464 89280 93744 5
156 8958 35832 170202 1
157 10310 0 175270 4
158 3362 13448 77326 4
159 4362 17448 82878 3
160 4591 18364 64274 3
161 8847 35388 176940 2
162 10201 30603 71407 5
163 10436 62616 271336 1
164 2716 13580 21728 4
165 9528 114336 247728 2
166 9879 296370 484071 5
167 3420 30780 92340 5
168 588 11760 16464 1
169 9483 28449 47415 1
170 8560 128400 162640 3
171 6164 147936 258888 4
172 3997 47964 127904 5
173 8809 176180 343551 3
174 5792 0 63712 5
175 814 6512 14652 3
176 5951 47608 95216 3
177 9595 76760 191900 1
178 603 4824 15678 2
179 7709 138762 254397 2
180 5856 11712 29280 5
181 4252 76536 157324 1
182 5568 66816 133632 4
183 5402 108040 199874 1
184 3628 29024 36280 1
185 2127 31905 51048 2
186 4115 12345 65840 1
187 7464 149280 186600 4
188 3991 47892 71838 5
189 8502 25506 34008 4
190 59 885 1298 3
191 3714 14856 37140 3
192 8019 16038 40095 1
193 3720 11160 55800 4
194 3893 38930 66181 1
195 5453 130872 169043 4
196 3822 15288 84084 1
197 6415 25660 57735 3
198 1809 36180 63315 5
199 6782 81384 169550 1
200 3761 30088 48893 2
201 4104 20520 36936 5
202 10277 205540 298033 5
203 3059 24472 58121 2
204 7794 140292 272790 4
205 2812 5624 30932 2
206 8358 50148 66864 5
207 8843 132645 247604 4
208 6590 32950 59310 2
209 10738 257712 375830 2
210 3203 32030 70466 5
211 5485 54850 104215 2
212 9432 56592 122616 3
213 10694 32082 224574 1
214 9248 166464 249696 2
215 8950 214800 295350 4
216 8991 53946 242757 2
217 6484 32420 90776 1
218 5976 119520 161352 1
219 351 2106 9126 2
220 9735 97350 292050 3
221 4579 13737 54948 2
222 6887 41322 55096 1
223 3073 18438 58387 4
224 9565 28695 133910 2
225 1074 16110 27924 1
226 6748 121464 168700 5
227 7209 86508 108135 3
228 6552 52416 144144 5
229 8581 205944 231687 3
230 201 1005 2814 4
231 893 16074 23218 2
232 6244 24976 74928 1
233 1830 3660 34770 3
234 2612 41792 96644 2
235 6996 13992 139920 1
236 3924 117720 184428 4
237 3070 9210 46050 2
238 9485 28455 123305 5
239 4467 26802 62538 3
240 10101 10101 202020 1
241 10458 62748 198702 2
242 4754 9508 71310 3
243 2611 65275 91385 5
244 739 5912 14780 5
245 1726 12082 17260 2
246 8273 8273 66184 4
247 3619 108570 137522 4
248 9241 36964 120133 1
249 10591 21182 243593 1
250 9337 224088 289447 3
251 10279 123348 277533 1
252 5935 53415 83090 5
253 5580 0 66960 3
254 10263 205260 236049 4
255 2817 33804 64791 5
256 9676 116112 328984 3
257 3072 6144 33792 3
258 1187 3561 21366 3
259 5751 57510 178281 3
260 9769 0 136766 1
261 2489 22401 42313 3
262 8795 52770 202285 2
263 889 13335 28448 2
264 5618 56180 157304 4
265 5249 31494 94482 3
266 320 3840 8320 1
267 5462 109240 196632 4
268 9824 9824 58944 5
269 9261 18522 111132 2
270 1746 15714 26190 4
271 9749 175482 370462 2
272 6153 153825 233814 2
273 2085 12510 58380 2
274 1066 12792 19188 3
275 6134 18402 67474 1
276 5073 30438 50730 2
277 9005 180100 216120 1
278 4875 29250 48750 2
279 6715 100725 120870 5
280 264 1056 1848 4
281 876 3504 15768 2
282 10562 158430 285174 5
283 4124 41240 82480 4
284 2178 32670 78408 3
285 7338 58704 183450 2
286 6230 112140 205590 3
287 4588 4588 68820 4
288 9611 57666 249886 1
289 3119 37428 53023 3
290 4383 17532 26298 5
291 9650 19300 154400 2
292 1354 8124 36558 4
293 2278 27336 70618 3
294 4653 18612 41877 1
295 4430 110750 163910 5
296 1064 9576 21280 5
297 2935 8805 29350 5
298 2579 15474 72212 2
299 3406 102180 129428 2
300 1258 18870 21386 1
301 2437 43866 73110 3
302 3720 93000 137640 1
303 6626 79512 112642 1
304 6478 25912 84214 1
305 9726 175068 204246 4
306 2523 30276 63075 2
307 2064 24768 41280 4
308 380 4560 12920 2
309 6786 20358 115362 4
310 8697 17394 121758 1
311 9874 88866 296220 2
312 2442 48840 85470 4
313 932 22368 41008 4
314 6550 0 26200 2
315 7984 95808 231536 3
316 5973 107514 161271 3
317 3730 7460 82060 5
318 10535 126420 305515 4
319 6130 73560 208420 1
320 3639 7278 43668 5
321 5470 43760 109400 2
322 4737 47370 132636 4
323 6744 101160 148368 2
324 6278 50224 125560 2
325 7738 15476 69642 1
326 2991 44865 53838 4
327 1460 23360 55480 3
328 6934 83208 138680 1
329 10967 21934 219340 5
330 6813 109008 252081 4
331 5075 40600 137025 2
332 9104 218496 382368 4
333 8772 52632 140352 1
334 5363 128712 160890 1
335 3069 15345 27621 5
336 5043 60516 146247 3
337 10298 308940 350132 1
338 7871 39355 157420 4
339 4542 45420 72672 4
340 9325 111900 149200 5
341 3380 20280 43940 5
342 1447 4341 14470 1
343 3764 37640 56460 5
344 1362 8172 35412 2
345 2968 17808 47488 5
346 8558 171160 231066 2
347 4219 84380 101256 4
348 954 3816 23850 4
349 8274 24822 124110 2
350 7726 115890 224054 5
351 9173 91730 146768 1
352 1324 7944 9268 4
353 1935 15480 23220 1
354 9945 59670 188955 4
355 4993 14979 104853 2
356 7953 190872 302214 5
357 8552 128280 290768 3
358 7561 90732 204147 2
359 10829 86632 303212 1
360 10212 122544 316572 5
361 8686 86860 156348 4
362 71 0 1420 1
363 963 963 22149 4
364 1194 9552 23880 2
365 9622 48110 153952 5
366 1123 28075 38182 5
367 7458 119328 134244 1
368 6013 6013 138299 3
369 734 14680 27892 5
370 1915 38300 61280 3
371 1634 68628 86602 5
372 8129 0 56903 5
373 1161 2322 9288 2
374 2994 59880 125748 5
375 2908 81424 133768 4
376 8279 149022 264928 1
377 3673 14692 95498 2
378 4692 56304 154836 5
379 2625 10500 65625 1
380 8542 85420 153756 1
381 8709 69672 217725 1
382 2822 5644 56440 2
383 7841 31364 47046 4
384 6384 38304 51072 3
385 7730 46380 61840 5
386 9785 78280 97850 3
387 7355 29420 132390 2
388 8533 127995 247457 4
389 4103 16412 45133 5
390 9288 55728 232200 1
391 8728 69824 96008 3
392 1130 9040 33900 3
393 8988 53928 125832 2
394 8711 69688 148087 4
395 4087 81740 126697 5
396 4509 45090 121743 2
397 10552 126624 274352 4
398 8523 17046 153414 1
399 10736 375760 407968 5
400 4699 75184 131572 5
401 316 3160 7584 4
402 8571 0 119994 5
403 676 16900 28392 1
404 1807 5421 10842 5
405 8152 32608 179344 3
406 4191 62865 75438 5
407 6831 163944 239085 3
408 8279 82790 132464 4
409 5514 66168 170934 4
410 766 9192 23746 4
411 3797 22782 45564 5
412 9712 0 203952 2
413 9973 79784 239352 5
414 2799 11196 53181 3
415 8700 34800 182700 3
416 3625 0 47125 3
417 5445 32670 54450 2
418 9013 144208 315455 4
419 1035 6210 12420 5
420 4306 17224 43060 1
421 5965 35790 41755 4
422 3324 59832 66480 1
423 2360 4720 25960 1
424 9205 276150 395815 5
425 933 11196 22392 2
426 10133 20266 182394 2
427 4826 72390 154432 4
428 2380 4760 9520 1
429 5292 63504 169344 3
430 4493 107832 166241 4
431 4216 177072 193936 3
432 10101 60606 80808 4
433 5286 52860 142722 3
434 9567 57402 200907 5
435 3404 40848 64676 4
436 9006 81054 135090 4
437 10917 87336 272925 4
438 7904 31616 165984 1
439 8829 52974 194238 4
440 3879 19395 89217 2
441 9660 96600 115920 3
442 2238 8952 29094 1
443 533 3198 6929 3
444 10367 124404 248808 5
445 2106 50544 96876 1
446 6260 18780 62600 5
447 1658 9948 29844 2
448 3352 40224 90504 1
449 9628 28884 173304 4
450 1350 32400 59400 2
451 1743 5229 36603 5
452 3981 31848 63696 5
453 7731 231930 301509 2
454 4394 35152 105456 3
455 3013 15065 69299 2
456 6625 79500 99375 1
457 4901 58812 117624 4
458 2122 12732 23342 3
459 8720 104640 156960 2
460 10231 30693 235313 5
461 7459 22377 52213 2
462 3436 0 41232 3
463 7269 14538 94497 1
464 1746 20952 33174 5
465 8870 88700 186270 5
466 1348 5392 29656 2
467 5171 20684 87907 1
468 2057 24684 34969 2
469 3486 20916 59262 3
470 2268 4536 11340 4
471 8817 8817 149889 2
472 3431 3431 27448 1
473 4105 49260 73890 2
474 1936 30976 56144 5
475 3972 15888 55608 1
476 4663 93260 191183 5
477 5806 17418 145150 1
478 1709 30762 47852 5
479 6250 37500 68750 4
480 5232 104640 130800 2
481 4111 12333 24666 4
482 10820 64920 248860 4
483 2339 18712 67831 1
484 6902 55216 131138 1
485 145 2175 2610 4
486 2333 46660 58325 5
487 6335 228060 310415 3
488 9820 235680 255320 2
489 6513 130260 149799 4
490 10288 0 174896 1
491 1666 26656 49980 3
492 3114 18684 37368 2
493 3415 40980 92205 4
494 5662 169860 226480 3
495 8870 106440 221750 4
496 5216 41728 140832 3
497 10774 323220 538700 3
498 5060 106260 161920 1
499 4930 59160 152830 2
500 184 1656 2760 2
