0001 117645 470580 2941125 3
0002 40880 1308160 2779840 4
0003 137590 2201440 4402880 3
0004 10833 173328 812475 3
0005 62523 750276 4126518 3
0006 49384 1580288 3061808 1
0007 44096 705536 3086720 1
0008 10633 159495 255192 1
0009 24361 584664 1144967 1
0010 122450 4898000 8938850 2
0011 17182 824736 1683836 3
0012 47191 755056 2548314 1
0013 43726 0 174904 2
0014 195080 6827800 10729400 1
0015 183774 367548 6248316 1
0016 86977 1826517 6088390 2
0017 36880 1032640 1622720 1
0018 60049 180147 3122548 5
0019 87991 1055892 5015487 1
0020 200806 2008060 6827404 4
0021 203004 1624032 9541188 1
0022 50530 202120 707420 5
0023 167614 670456 2849438 1
0024 11356 56780 511020 2
0025 168127 3362540 3698794 1
0026 186980 8975040 16828200 5
0027 19785 316560 1147530 2
0028 64089 1794492 3973518 1
0029 96758 1741644 2805982 2
0030 197 9456 20488 5
0031 102756 411024 3390948 5
0032 33355 1000650 1200780 2
0033 134374 0 6718700 3
0034 36254 72508 1450160 3
0035 154127 924762 9093493 5
0036 61252 918780 980032 3
0037 161134 2417010 4995154 1
0038 189795 7971390 12716265 2
0039 199438 4786512 8575834 1
0040 99464 1790352 6564624 4
0041 98639 591834 4340116 3
0042 149870 149870 7343630 5
0043 168442 2695072 4547934 5
0044 47792 191168 1624928 1
0045 144872 3042312 8257704 3
0046 82925 1326800 6136450 1
0047 10764 172224 301392 5
0048 128975 4127200 4514125 2
0049 24488 146928 587712 2
0050 155402 155402 3885050 4
0051 2373 0 37968 3
0052 16403 16403 98418 2
0053 120699 2534679 6276348 3
0054 67614 540912 3786384 4
0055 73101 438606 1315818 3
0056 64711 1358931 2717862 4
0057 100415 1506225 7330295 1
0058 154233 616932 2313495 2
0059 143790 287580 3738540 3
0060 83880 1174320 5703840 4
0061 31888 255104 1466848 3
0062 2236 156520 181116 4
0063 114864 344592 2412144 2
0064 110161 881288 5728372 4
0065 182705 1827050 10414185 2
0066 144433 1299897 7799382 4
0067 29586 355032 1597644 1
0068 52134 2189628 5213400 1
0069 200071 0 1600568 1
0070 134281 0 6042645 5
0071 161874 3884976 8093700 4
0072 198314 2776396 5156164 1
0073 144145 3459480 7639685 4
0074 144080 2593440 8212560 1
0075 35872 717440 2403424 4
0076 147888 1183104 2957760 3
0077 133098 2129568 8385174 1
0078 150881 2715858 11316075 4
0079 79874 79874 2156598 4
0080 164894 1154258 9069170 1
0081 43904 614656 2941568 5
0082 59579 476632 2502318 5
0083 89294 1250116 5804110 2
0084 21344 298816 490912 4
0085 68717 0 3298416 4
0086 138761 555044 1942654 2
0087 62675 438725 2820375 5
0088 42690 42690 128070 3
0089 46830 187320 936600 4
0090 184870 2957920 8504020 4
0091 53665 1287960 1663615 5
0092 107 2247 4173 3
0093 98284 0 1179408 5
0094 124085 5956080 6700590 2
0095 181362 544086 1088172 3
0096 155317 0 4970144 3
0097 70906 0 1914462 1
0098 130245 1302450 2865390 1
0099 97416 194832 1168992 3
0100 103344 723408 3720384 4
0101 32215 1546320 2641630 4
0102 36723 367230 624291 4
0103 74435 148870 3796185 1
0104 30977 743448 991264 3
0105 21615 64845 929445 5
0106 67732 812784 4267116 3
0107 77399 773990 1393182 5
0108 116654 3732928 8282434 1
0109 16618 199416 997080 2
0110 113089 1809424 3958115 3
0111 118099 3779168 4842059 2
0112 86574 519444 5021292 1
0113 108854 870832 6857802 3
0114 148748 1041236 3123708 5
0115 74341 892092 2973640 5
0116 191039 4584936 6686365 1
0117 91293 1825860 3377841 1
0118 84859 678872 2630629 4
0119 96909 1938180 4360905 5
0120 25555 178885 1456635 1
0121 107829 2695725 3127041 4
0122 146799 293598 8514342 1
0123 173503 1041018 3990569 3
0124 202859 3245744 7708642 4
0125 61232 918480 2939136 2
0126 132297 926079 2249049 3
0127 178061 4985708 14244880 3
0128 60447 362682 544023 1
0129 98310 196620 1966200 4
0130 158884 317768 7944200 3
0131 43309 519708 1775669 2
0132 96186 2308464 6733020 2
0133 78719 157438 3857231 2
0134 75672 605376 3405240 4
0135 58256 0 2271984 2
0136 187978 1315846 2067758 2
0137 67 0 2948 5
0138 178159 2137908 4097657 4
0139 108812 326436 2720300 1
0140 28300 339600 1499900 3
0141 148132 0 3851432 2
0142 93424 1681632 4017232 3
0143 183868 10296608 13790100 1
0144 153870 4308360 5231580 5
0145 142407 569628 2563326 4
0146 122359 489436 5628514 2
0147 13416 80496 791544 3
0148 137155 1371550 4114650 4
0149 83092 1246380 3572956 5
0150 21084 337344 1054200 3
0151 146007 4672224 11826567 4
0152 166654 1166578 9999240 3
0153 159844 1918128 2077972 5
0154 48871 1710485 3763067 1
0155 60732 546588 3158064 4
0156 95469 1527504 3627822 2
0157 171126 342252 8042922 1
0158 65767 394602 2630680 1
0159 54474 1525272 4521342 3
0160 145953 2627154 7589556 1
0161 70523 423138 3949288 3
0162 94544 567264 3309040 4
0163 183714 2571996 6246276 4
0164 134845 809070 5258955 3
0165 43123 603722 1078075 4
0166 58996 825944 1828876 1
0167 162208 486624 1784288 5
0168 75266 150532 2333246 5
0169 110 220 6600 3
0170 28225 395150 1693500 4
0171 119315 477260 2863560 4
0172 100649 905841 4126609 4
0173 29616 207312 1895424 1
0174 205712 1851408 8228480 2
0175 1093 16395 22953 5
0176 41087 328696 2383046 3
0177 122491 612455 5879568 5
0178 155586 1089102 6223440 2
0179 157808 157808 3156160 5
0180 194204 776816 10681220 5
0181 76341 3053640 3129981 2
0182 158886 3177720 8103186 1
0183 134036 536144 2680720 3
0184 119868 1438416 4315248 1
0185 99624 3586464 6475560 3
0186 168360 6060960 13468800 3
0187 92348 461740 1569916 4
0188 135894 2853774 6387018 4
0189 73352 366760 3300840 4
0190 101880 2852640 5705280 3
0191 60989 975824 1280769 5
0192 190808 1144848 11257672 4
0193 193004 2702056 3667076 3
0194 152531 2287965 11287294 2
0195 147676 5316336 5907040 5
0196 63787 765444 2168758 3
0197 144330 3030930 10680420 1
0198 113185 792295 2263700 1
0199 158994 317988 1112958 4
0200 119746 718476 2993650 1
0201 55538 111076 2999052 4
0202 119489 836423 7288829 5
0203 147963 1775556 7250187 3
0204 61337 3005513 5704341 4
0205 119992 4199720 6479568 1
0206 82626 413130 4544430 2
0207 54108 432864 2488968 5
0208 32548 97644 1822688 1
0209 39145 156580 1487510 1
0210 194812 5454736 7208044 3
0211 28880 173280 1761680 1
0212 113219 1358628 4755198 5
0213 23505 94020 423090 4
0214 134151 804906 1475661 1
0215 91837 367348 5693894 3
0216 55216 441728 1822128 1
0217 152934 2752812 2905746 1
0218 101175 2428200 7790475 1
0219 9276 111312 528732 5
0220 40781 407810 1101087 1
0221 150773 1809276 5427828 2
0222 12992 0 181888 4
0223 69070 1657680 5180250 3
0224 68908 1447068 3652124 1
0225 61027 1952864 2929296 1
0226 134269 9667368 16380818 5
0227 126483 2023728 7968429 2
0228 203057 1218342 1624456 2
0229 133911 2008665 9239859 4
0230 63003 630030 2520120 4
0231 188642 1509136 10941236 2
0232 54964 2638272 4122300 2
0233 190634 2287608 12963112 3
0234 204722 2456664 8188880 4
0235 18059 36118 902950 1
0236 85249 767241 3921454 5
0237 39094 156376 781880 1
0238 43648 2138752 2706176 3
0239 60903 487224 1278963 3
0240 44280 664200 3099600 1
0241 162739 3417519 3742997 2
0242 66170 1058720 2514460 2
0243 22014 352224 1298826 4
0244 7651 107114 504966 4
0245 129583 1554996 5183320 4
0246 35036 735756 1926980 2
0247 137340 3296160 8652420 3
0248 31878 478170 1625778 3
0249 136860 0 1642320 5
0250 568 6816 38056 5
0251 4545 36360 113625 2
0252 160934 2574944 10460710 4
0253 68337 410022 3553524 5
0254 46056 230280 2394912 4
0255 180497 2707455 5775904 4
0256 196494 1964940 8645736 5
0257 195860 3525480 13514340 1
0258 89249 178498 2855968 4
0259 99230 0 5755340 1
0260 43688 611632 2315464 5
0261 166626 1333008 6665040 5
0262 43602 654030 2659722 4
0263 4751 118775 213795 5
0264 105068 5043264 9981460 2
0265 21229 1018992 1698320 3
0266 98181 2356344 6381765 5
0267 140008 840048 5740328 3
0268 177763 888815 4266312 2
0269 105480 1687680 2004120 4
0270 19049 114294 819107 2
0271 33414 200484 1436802 2
0272 116238 2440998 4881996 5
0273 130853 4710708 10075681 1
0274 133217 1598604 7460152 1
0275 59294 1067292 2549642 2
0276 77054 1618134 2619836 5
0277 30264 181584 907920 1
0278 92974 0 2231376 4
0279 37759 302072 2227781 5
0280 73262 2051336 4688768 5
0281 104582 2196222 7320740 1
0282 154437 5405295 6177480 3
0283 28371 453936 1844115 5
0284 144730 0 2026220 5
0285 30049 540882 1472401 2
0286 7140 228480 257040 3
0287 52288 52288 1516352 3
0288 68414 615726 2736560 2
0289 80803 484818 5171392 5
0290 8519 0 34076 4
0291 112004 2352084 7168256 2
0292 205088 7178080 14151072 1
0293 105651 211302 2218671 2
0294 63753 1593825 2231355 3
0295 98414 393656 5708012 5
0296 186553 5596590 14364581 5
0297 54684 1093680 2242044 3
0298 116892 1168920 3506760 2
0299 10436 125232 615724 2
0300 178827 6258945 13948506 3
0301 135185 1892590 5272215 4
0302 139237 835422 2645503 5
0303 46030 552360 1518990 1
0304 102960 1544400 3397680 1
0305 183584 183584 2386592 5
0306 80761 242283 2261308 2
0307 13683 0 287343 1
0308 10626 106260 648186 4
0309 174215 696860 10452900 2
0310 20718 580104 932310 1
0311 174583 174583 4713741 5
0312 138081 4832835 9527589 5
0313 137398 2747960 3160154 4
0314 93505 280515 2805150 4
0315 88221 1058652 2823072 2
0316 184081 2208972 11597103 4
0317 148126 1481260 5776914 2
0318 58178 1861696 2967078 3
0319 66077 1057232 4691467 2
0320 25818 77454 1316718 3
0321 77070 2466240 4470060 1
0322 83421 500526 1918683 5
0323 204120 612360 3265920 1
0324 156218 1874616 10310388 5
0325 192462 577386 3849240 5
0326 51447 1028940 1852092 1
0327 98365 688555 983650 1
0328 91137 364548 4010028 3
0329 202856 6491392 16431336 5
0330 38555 578325 1426535 3
0331 18939 189390 757560 3
0332 137787 275574 7991646 2
0333 191505 1532040 10341270 4
0334 21455 321825 750925 4
0335 171395 1199765 5998825 5
0336 31236 468540 655956 2
0337 136041 2720820 4353312 3
0338 111008 999072 7548544 3
0339 206365 11556440 20017405 2
0340 97342 194684 876078 3
0341 20609 247308 638879 2
0342 26518 212144 265180 4
0343 87556 1313340 3589796 1
0344 201763 7263468 18158670 2
0345 193351 2320212 4060371 1
0346 96374 1156488 1831106 5
0347 50679 1216296 3496851 2
0348 143802 287604 8771922 3
0349 76911 1076754 1999686 5
0350 160 1920 7840 1
0351 90098 720784 1711862 5
0352 25711 308532 874174 3
0353 31911 765864 2393325 2
0354 21074 252888 842960 3
0355 86161 258483 947771 2
0356 189680 4742000 9673680 4
0357 133184 1598208 6792384 3
0358 22330 0 848540 2
0359 74561 298244 2162269 1
0360 86378 3023230 6478350 4
0361 46979 375832 1879160 2
0362 161069 644276 4993139 4
0363 34697 346970 1769547 5
0364 90473 814257 4976015 5
0365 54193 650316 3630931 5
0366 56139 673668 1347336 4
0367 4672 84096 280320 5
0368 6018 192576 330990 1
0369 176099 4226376 7043960 1
0370 193807 7752280 14729332 2
0371 156019 624076 2028247 1
0372 80177 0 80177 1
0373 76520 1530400 4897280 1
0374 938 11256 45024 1
0375 27031 54062 973116 3
0376 111733 1564262 6257048 4
0377 201678 2016780 8873832 3
0378 11253 90024 618915 1
0379 40068 480816 1001700 4
0380 126932 3046368 8885240 2
0381 109586 2739650 8438122 1
0382 6330 25320 392460 5
0383 119896 239792 479584 5
0384 203062 3248992 4264302 2
0385 108463 650778 1626945 3
0386 65591 196773 3673096 1
0387 145132 580528 5224752 2
0388 6208 124160 223488 5
0389 103514 3622990 3726504 3
0390 202882 1623056 4057640 5
0391 182067 10195752 10559886 2
0392 63595 254380 1208305 5
0393 102895 1234740 4938960 5
0394 204252 1634016 12255120 4
0395 132667 3980010 7960020 1
0396 64533 2258655 2774919 2
0397 125631 2010096 7160967 2
0398 161855 809275 3237100 3
0399 80957 404785 809570 5
0400 141183 564732 2258928 1
0401 54027 1350675 4322160 2
0402 57359 458872 3326822 2
0403 136188 1089504 5447520 5
0404 15970 127760 159700 5
0405 129030 4128960 9032100 5
0406 100820 604920 2419680 2
0407 77769 1866456 2644146 3
0408 60057 1441368 2402280 1
0409 87965 527790 615755 4
0410 91950 1379250 5149200 1
0411 154573 618292 4791763 4
0412 110346 551730 6179376 3
0413 144305 1154440 3896235 1
0414 59093 1890976 2245534 2
0415 127021 1016168 3302546 1
0416 185992 1115952 2975872 5
0417 111840 1342080 4249920 5
0418 141333 1413330 1978662 5
0419 201300 3623400 11474100 4
0420 150665 903990 5574605 5
0421 141706 0 708530 4
0422 19331 193310 927888 1
0423 91865 459325 3766465 1
0424 137256 0 8098104 3
0425 6572 157728 400892 1
0426 29226 876780 1285944 3
0427 33236 398832 764428 5
0428 139656 0 5586240 1
0429 71418 0 642762 1
0430 165777 1491993 8951958 3
0431 56806 1590568 2953912 2
0432 139113 1669356 4868955 5
0433 42432 1018368 2715648 5
0434 111765 0 4805895 4
0435 53640 375480 1823760 4
0436 178889 1073334 1610001 4
0437 88410 1768200 3005940 1
0438 67776 406656 3727680 2
0439 18158 108948 363160 4
0440 180635 3251430 10296195 5
0441 105656 211312 1901808 3
0442 132432 2648640 8608080 2
0443 179329 3227922 5021212 4
0444 180868 3255624 4159964 3
0445 151095 6345990 13296360 1
0446 155785 1557850 9814455 4
0447 195642 3130272 13108014 4
0448 13139 52556 210224 5
0449 20951 167608 942795 2
0450 176163 352326 2994771 4
0451 171737 1545633 2747792 5
0452 201972 3029580 7270992 2
0453 103088 412352 1546320 2
0454 65114 3646384 4297524 3
0455 175780 1406240 11601480 4
0456 136827 2052405 8620101 4
0457 65839 1580136 3028594 3
0458 31676 63352 696872 5
0459 5350 48150 321000 2
0460 26501 795030 1669563 3
0461 108118 216236 5946490 2
0462 31299 219093 782475 1
0463 29844 149220 1134072 4
0464 189413 4545912 11554193 4
0465 4910 137480 176760 5
0466 193533 3096528 10063716 5
0467 29896 478336 717504 4
0468 116758 934064 5254110 5
0469 138167 414501 4835845 2
0470 156208 1249664 8435232 3
0471 188341 1883410 4143502 4
0472 54166 108332 3033296 1
0473 48577 97154 1894503 2
0474 38997 818937 2183832 2
0475 76094 760940 2891572 3
0476 68081 340405 1565863 2
0477 35580 213480 1707840 2
0478 199720 1597760 7189920 2
0479 130304 1824256 7427328 5
0480 40754 733572 2404486 4
0481 201493 1208958 3828367 5
0482 92722 927220 1019942 1
0483 18939 113634 189390 4
0484 161759 5176288 10029058 2
0485 76370 916440 4276720 4
0486 45028 1575980 3602240 4
0487 2168 26016 91056 1
0488 95846 1533536 7188450 2
0489 6234 112212 255594 5
0490 32517 65034 487755 3
0491 154293 3703032 11263389 4
0492 22717 113585 567925 5
0493 119491 716946 6213532 2
0494 56228 843420 1180788 1
0495 111245 1779920 2113655 2
0496 126599 1012792 3418173 4
0497 146736 4402080 12912768 3
0498 119193 953544 3933369 3
0499 135218 270436 7031336 1
0500 108367 866936 2492441 1
0501 41489 497868 2489340 4
0502 23451 281412 469020 1
0503 25471 713188 1732028 5
0504 19753 197530 553084 5
0505 92147 0 2395822 1
0506 37654 753080 1656776 4
0507 150273 1803276 4959009 3
0508 90060 900600 3962640 1
0509 137910 2896110 10481160 1
0510 12273 122730 846837 3
0511 30681 214767 1349964 5
0512 195773 4111233 4502779 1
0513 97307 3892280 5546499 4
0514 117236 2344720 4103260 5
0515 58662 117324 3402396 1
0516 63321 1519704 3545976 1
0517 139499 557996 836994 4
0518 79579 557053 4376845 3
0519 194121 8541324 11453139 5
0520 175682 2635230 7202962 5
0521 156008 780040 1716088 3
0522 48444 290664 3148860 4
0523 128145 1025160 4869510 3
0524 635 1270 12065 3
0525 98614 1380596 4141788 4
0526 50518 707252 3485742 5
0527 142729 428187 2711851 2
0528 13310 465850 1011560 4
0529 127801 383403 3961831 4
0530 120657 844599 7842705 2
0531 173159 6060565 10389540 3
0532 89250 357000 981750 4
0533 131274 1312740 2625480 1
0534 71871 431226 4168518 3
0535 203141 812564 7516217 4
0536 39112 704016 1212472 3
0537 180572 361144 5056016 2
0538 48065 240325 2307120 4
0539 6642 13284 265680 1
0540 33147 198882 729234 3
0541 8777 105324 307195 1
0542 29278 263502 1405344 5
0543 136387 3273288 6410189 5
0544 4030 80600 124930 2
0545 146169 1754028 3654225 1
0546 136866 5748372 9991218 4
0547 57016 798224 4048136 5
0548 149257 447771 6418051 4
0549 79293 1268688 2616669 3
0550 139205 2784100 7377865 5
0551 111597 3124716 6695820 2
0552 12768 102144 625632 4
0553 94433 944330 3871753 1
0554 21963 175704 307482 5
0555 127682 1021456 4468870 2
0556 24434 171038 904058 3
0557 1338 26760 77604 1
0558 135378 2030670 5415120 5
0559 94892 948920 6073088 3
0560 33107 198642 662140 3
0561 80340 2570880 4981080 2
0562 48537 1698795 3543201 3
0563 80368 321472 1205520 4
0564 128783 1545396 3734707 1
0565 36330 363300 435960 4
0566 132472 264944 7948320 1
0567 136521 273042 5870403 3
0568 180531 1083186 8484957 2
0569 132200 793200 7799800 2
0570 73100 438600 3289500 3
0571 50920 407360 2036800 1
0572 103063 721441 5359276 4
0573 120981 483924 4113354 2
0574 108012 1296144 6588732 4
0575 160603 481809 4015075 4
0576 92814 371256 742512 2
0577 146796 4110288 9541740 4
0578 36454 145816 1421706 3
0579 111004 1554056 5772208 3
0580 59848 0 2872704 5
0581 47683 762928 2288784 5
0582 65466 196398 1833048 4
0583 150638 451914 5121692 5
0584 6918 166032 498096 5
0585 88068 1761360 6781236 3
0586 14308 85848 114464 2
0587 163691 0 2455365 3
0588 98109 294327 4709232 1
0589 139741 1676892 7546014 4
0590 35457 496398 1418280 5
0591 125808 3774240 4529088 2
0592 138219 967533 9122454 3
0593 51360 513600 1078560 4
0594 146878 1028146 8812680 2
0595 35729 1714992 2393843 5
0596 205466 1438262 6163980 4
0597 63289 2278404 2721427 3
0598 52436 419488 524360 1
0599 202702 1216212 10945908 4
0600 110920 998280 4880480 2
0601 86255 431275 690040 1
0602 92055 276165 1196715 4
0603 183399 3667980 9353349 4
0604 31890 446460 2072850 1
0605 78567 1178505 3928350 1
0606 124149 2979576 7697238 4
0607 51091 715274 2605641 4
0608 197007 5516196 13396476 5
0609 110994 0 998946 3
0610 15601 93606 171611 3
0611 93207 1304898 3355452 4
0612 166858 4672024 8009184 1
0613 140033 840198 2380561 4
0614 13144 65720 302312 1
0615 176726 530178 1767260 4
0616 16334 261344 702362 5
0617 103826 2491824 5710430 5
0618 12209 341852 708122 5
0619 107117 1285404 5998552 4
0620 156804 470412 8781024 5
0621 94723 378892 1894460 1
0622 193565 3871300 9678250 1
0623 158060 2528960 9009420 5
0624 34960 0 1048800 3
0625 57904 347424 2547776 5
0626 35750 143000 1001000 2
0627 166624 1666240 9664192 4
0628 92717 556302 3245095 2
0629 125899 2517980 5287758 2
0630 60764 607640 3524312 1
0631 98488 492440 1378832 3
0632 104453 1044530 3969214 5
0633 13839 41517 608916 1
0634 74004 222012 1776096 4
0635 179983 3599660 7379303 5
0636 168604 1348832 5226724 5
0637 21525 107625 581175 3
0638 31377 313770 1882620 3
0639 96787 193574 4839350 3
0640 72053 2017484 4683445 3
0641 186005 4464120 15438415 2
0642 84464 506784 5321232 2
0643 121598 729588 1823970 3
0644 28001 168006 812029 5
0645 139124 0 3060728 4
0646 160347 0 6894921 1
0647 198618 1588944 6753012 3
0648 192055 1728495 10370970 5
0649 138420 692100 8858880 2
0650 114514 916112 2862850 1
0651 121380 3398640 8617980 1
0652 71970 71970 431820 4
0653 130501 783006 7177555 5
0654 126178 1261780 5425654 1
0655 200226 4204746 14015820 3
0656 183138 2197656 7508658 1
0657 8440 211000 683640 4
0658 22143 221430 1328580 1
0659 179999 2159988 3779979 5
0660 103158 1444212 1547370 5
0661 128999 1031992 3353974 5
0662 200649 802596 3611682 4
0663 149963 1499630 3899038 1
0664 78860 946320 4179580 4
0665 16783 302094 436358 4
0666 79537 159074 4294998 1
0667 145133 4644256 9433645 5
0668 189185 13242950 14567245 5
0669 120591 1205910 2894184 4
0670 58425 408975 759525 2
0671 27310 409650 873920 2
0672 50924 50924 814784 5
0673 167930 167930 1847230 4
0674 38289 382890 2565363 3
0675 51391 822256 925038 5
0676 51317 1436876 2463216 2
0677 98360 983600 5409800 5
0678 6698 26792 294712 4
0679 33368 1401456 2369128 3
0680 130405 3260125 8085110 2
0681 33248 99744 1230176 3
0682 202654 4863696 11145970 5
0683 98519 2462975 2660013 1
0684 55843 223372 614273 5
0685 81473 488838 4399542 1
0686 62479 624790 4248572 3
0687 107455 1504370 2256555 1
0688 30634 367608 1470432 5
0689 111456 780192 5126976 5
0690 4011 112308 232638 2
0691 158230 949380 5696280 4
0692 186632 933160 4852432 1
0693 95005 1140060 5890310 4
0694 110992 887936 4661664 4
0695 126792 507168 5578848 4
0696 45939 689085 1010658 2
0697 101830 407320 916470 4
0698 85750 514500 4459000 1
0699 51849 518490 1244376 5
0700 201561 2015610 3426537 3
0701 128509 2698689 4497815 3
0702 54598 764372 2839096 5
0703 134113 402339 3621051 4
0704 167632 502896 2346848 2
0705 88249 352996 4765446 1
0706 17857 0 892850 5
0707 16114 0 257824 3
0708 183254 4398096 7879922 4
0709 177512 4260288 14555984 4
0710 206342 2063420 3714156 3
0711 161666 6466640 14873272 3
0712 15007 30014 585273 2
0713 33121 1159235 1622929 4
0714 141909 0 3547725 5
0715 107844 2264724 7441236 2
0716 196974 2363688 3151584 2
0717 164668 1976016 5763380 4
0718 16930 406320 880360 4
0719 119758 958064 4071772 3
0720 193060 0 3668140 5
0721 151888 2733984 5164192 1
0722 109356 984204 3718104 2
0723 136828 1641936 2052420 1
0724 21806 348896 1286554 5
0725 117502 4700080 8930152 4
0726 35932 431184 2084056 5
0727 49605 446445 3224325 4
0728 144894 3477456 10722156 3
0729 126843 1902645 2917389 4
0730 196482 1571856 8055762 5
0731 204447 3680046 8382327 2
0732 32566 651320 1628300 5
0733 180218 1081308 4505450 2
0734 8797 26391 343083 5
0735 178685 1429480 1786850 1
0736 88189 264567 4585828 2
0737 97988 293964 2841652 1
0738 189332 3029312 6247956 5
0739 104730 628380 2199330 2
0740 3579 114528 128844 1
0741 99455 3978200 5768390 3
0742 65798 657980 3618890 2
0743 55469 332814 3494547 5
0744 72755 582040 4292545 4
0745 125361 1128249 4512996 1
0746 130358 912506 6517900 1
0747 15767 157670 898719 3
0748 16879 202548 253185 2
0749 116298 232596 5349708 4
0750 145374 581496 8431692 3
0751 129296 1292960 3878880 5
0752 98031 1176372 3333054 5
0753 136006 1224054 8976396 5
0754 12371 61855 259791 1
0755 167986 2351804 6887426 5
0756 202241 4853784 5460507 5
0757 107641 1076410 1829897 3
0758 92633 1945293 2686357 5
0759 189032 2646448 13232240 4
0760 14782 443460 487806 1
0761 161894 971364 5666290 4
0762 197424 394848 987120 1
0763 35734 357340 1786700 2
0764 47807 478070 1290789 2
0765 159480 1594800 9090360 4
0766 175877 8617973 11959636 1
0767 116475 2329500 5590800 5
0768 77369 464214 4410033 1
0769 109890 659340 6923070 3
0770 188721 1509768 1698489 4
0771 99713 1196556 5284789 2
0772 9736 97360 408912 4
0773 113062 2713488 4974728 1
0774 123263 1109367 2095471 3
0775 76803 460818 3302529 2
0776 49525 148575 891450 1
0777 144590 2313440 7084910 2
0778 191892 3837840 4413516 3
0779 56252 1012536 1293796 5
0780 33322 399864 1699422 4
0781 32781 262248 1278459 2
0782 78715 157430 2991170 2
0783 172570 6039950 10009060 3
0784 146700 4401000 10269000 3
0785 156464 2816352 9387840 4
0786 167864 0 5035920 4
0787 79637 159274 2946569 5
0788 109191 655146 3712494 3
0789 65034 260136 2471292 2
0790 118252 946016 2365040 1
0791 143074 572296 2146110 4
0792 190508 381016 6286764 1
0793 141290 5086440 9890300 4
0794 76812 691308 3456540 4
0795 188861 377722 10953938 2
0796 201099 804396 10256049 1
0797 147538 737690 6491672 1
0798 22359 134154 1252104 5
0799 126099 1513188 3152475 3
0800 190970 4583280 11458200 4
0801 15901 238515 445228 1
0802 167516 5863060 13233764 4
0803 153336 920016 3526728 5
0804 139561 697805 6559367 3
0805 185209 2963344 9445659 1
0806 150539 903234 2559163 1
0807 88574 3188664 4782996 5
0808 169039 8282911 11156574 2
0809 157913 3789912 6790259 5
0810 65529 524232 2424573 3
0811 157426 1259408 2991094 3
0812 183639 918195 3489141 4
0813 75870 379350 3490020 3
0814 28205 423075 1833325 2
0815 2222 17776 104434 3
0816 190226 1902260 11794012 2
0817 67501 1350020 3172547 2
0818 81494 977928 3015278 2
0819 66414 2656560 3254286 4
0820 124601 2242818 6479252 2
0821 172756 691024 10365360 2
0822 184317 1843170 2580438 5
0823 82689 2894115 5374785 1
0824 166070 166070 6642800 1
0825 106877 1068770 6412620 4
0826 130832 784992 1962480 1
0827 196060 3921200 9214820 1
0828 175687 7378854 12298090 2
0829 113257 566285 2718168 5
0830 11886 285264 867678 4
0831 25818 154908 955266 1
0832 1011 24264 63693 4
0833 158154 5535390 8540316 3
0834 103186 1238232 1857348 4
0835 37515 75030 862845 3
0836 74784 1794816 3290496 2
0837 176220 704880 6520140 2
0838 174260 522780 7318920 3
0839 106613 1599195 7569523 5
0840 17534 420816 1385186 4
0841 29765 416710 446475 5
0842 148305 1779660 7266945 1
0843 33642 605556 1042902 1
0844 153303 2299545 3219363 2
0845 28027 336324 840810 2
0846 169308 2031696 9989172 2
0847 8083 32332 274822 4
0848 54290 162870 2931660 1
0849 22108 22108 287404 5
0850 43167 172668 345336 2
0851 202576 1418032 10128800 3
0852 69699 278796 3415251 3
0853 50861 1220664 1474969 4
0854 24088 144528 1276664 4
0855 193401 1547208 4061421 5
0856 155823 4986336 13244955 2
0857 49840 199360 1644720 4
0858 22920 45840 183360 3
0859 169824 2717184 5943840 3
0860 187135 4491240 7485400 4
0861 18300 73200 1024800 4
0862 1000 7000 58000 2
0863 71526 1072890 2074254 5
0864 165752 331504 8453352 1
0865 142325 1138600 3131150 2
0866 35882 107646 681758 4
0867 167214 3511494 5685276 1
0868 44270 708320 1283830 5
0869 200397 1603176 9218262 2
0870 135576 542304 3796128 2
0871 153350 3680400 4140450 1
0872 82333 164666 1234995 2
0873 23362 70086 724222 3
0874 164219 2463285 3612818 3
0875 201495 1813455 11082225 5
0876 159396 0 7013424 3
0877 26101 391515 495919 1
0878 92904 929040 2415504 3
0879 11644 34932 523980 2
0880 18757 187570 956607 5
0881 141677 3400248 6658819 5
0882 18655 746200 1604330 1
0883 14941 537876 1404454 2
0884 200400 1603200 12625200 1
0885 104515 2194815 3971570 1
0886 87564 2802048 5691660 1
0887 21336 256032 1045464 4
0888 161439 2421585 4035975 4
0889 76740 767400 1458060 2
0890 78644 157288 3145760 1
0891 146076 1314684 8472408 2
0892 172562 5176860 5867108 2
0893 62241 746892 1493784 5
0894 129385 776310 7763100 5
0895 21328 85312 469216 2
0896 50080 600960 1051680 2
0897 135544 542176 5557304 3
0898 143979 863874 4175391 2
0899 86352 3454080 6303696 1
0900 61955 371730 1115190 3
0901 182108 2913728 5463240 5
0902 45031 135093 810558 1
0903 153368 2300520 7821768 3
0904 91521 1921941 5125176 5
0905 42775 85550 1197700 1
0906 51643 929574 1652576 1
0907 37714 226284 1810272 2
0908 36072 1154304 2921832 4
0909 199904 1199424 9395488 5
0910 73556 367780 3604244 2
0911 105059 1260708 4622596 3
0912 15367 92202 937387 4
0913 11756 70536 446728 5
0914 131937 2110992 3166488 4
0915 197948 6334336 11876880 1
0916 153739 614956 1844868 5
0917 74326 2229780 6466362 1
0918 66566 399396 3727696 1
0919 13059 626832 1044720 1
0920 69999 1399980 2379966 1
0921 146112 2045568 10373952 5
0922 138725 2774500 10820550 1
0923 102069 3062070 4491036 2
0924 197071 2364852 8079911 1
0925 185925 557775 1301475 1
0926 26040 312480 1432200 1
0927 158482 633928 8874992 3
0928 7790 109060 272650 5
0929 81994 409970 4673658 3
0930 45584 136752 2826208 5
0931 192733 5781990 14454975 4
0932 144548 0 6504660 2
0933 135297 1623564 8929602 5
0934 180769 2711535 7411529 5
0935 123501 494004 4816539 1
0936 77425 3251850 6968250 2
0937 180159 360318 3062703 1
0938 15647 328587 751056 2
0939 27559 440944 1984248 1
0940 162872 325744 5374776 5
0941 46384 1484288 2504736 3
0942 88497 4955832 6814269 5
0943 41896 125688 1633944 3
0944 194994 2729916 8189748 4
0945 170046 3400920 5441472 4
0946 122810 1473720 2333390 4
0947 68521 1096336 4727949 2
0948 154393 3705432 5866934 2
0949 114224 228448 6168096 3
0950 191621 6898356 8814566 1
0951 152810 305620 8557360 1
0952 49157 589884 1278082 1
0953 39563 949512 2215528 3
0954 32434 1362228 1491964 3
0955 191169 764676 11278971 2
0956 4391 39519 219550 2
0957 197606 6323392 9682694 4
0958 104037 3121110 5826072 4
0959 2973 83244 187299 4
0960 15610 374640 686840 5
0961 22511 202599 517753 2
0962 38511 577665 1771506 5
0963 82635 1322160 2396415 3
0964 96409 385636 1542544 3
0965 152045 304090 8818610 1
0966 84079 3363160 6558162 2
0967 51979 1559370 3014782 5
0968 182778 1096668 8042232 1
0969 113592 1703880 2953392 4
0970 67202 0 2620878 5
0971 175751 1581759 9842056 2
0972 193655 774620 3098480 2
0973 159797 2876346 3675331 5
0974 124910 2498200 6370410 5
0975 75074 1126110 4354292 1
0976 52048 104096 884816 5
0977 138552 2493936 5680632 2
0978 106642 2559408 3412544 5
0979 25432 152592 457776 2
0980 106185 2123700 7857690 2
0981 122705 1472460 6257955 1
0982 2726 54520 59972 2
0983 132470 397410 5431270 2
0984 124223 1242230 4844697 4
0985 22894 22894 663926 5
0986 175510 1404080 8599990 4
0987 70922 354610 2765958 5
0988 16818 201816 706356 1
0989 199149 199149 9360003 5
0990 44294 265764 354352 4
0991 9563 9563 564217 1
0992 170039 3400780 13093003 1
0993 194037 388074 1164222 3
0994 181935 2183220 11643840 1
0995 136398 1636776 7638288 3
0996 153358 1226864 7514542 2
0997 5269 26345 110649 1
0998 187898 1127388 10522288 4
0999 12165 291960 815055 1
1000 114210 913680 3197880 3
1001 44165 618310 2561570 5
1002 48325 386600 2319600 4
1003 173422 520266 6590036 3
1004 69510 417060 3405990 5
1005 48817 146451 683438 4
1006 172634 690536 1553706 4
1007 54101 0 216404 3
1008 196855 3149680 5118230 4
1009 51835 103670 622020 2
1010 23150 69450 555600 2
1011 191020 1528160 10315080 3
1012 195911 3918220 14301503 5
1013 26333 210664 447661 5
1014 23578 47156 778074 2
1015 98280 2358720 4127760 5
1016 121664 243328 6813184 4
1017 108142 432568 4866390 4
1018 45311 271866 2809282 5
1019 31007 0 1147259 4
1020 91098 1821960 1913058 3
1021 202446 1619568 6680718 2
1022 75405 1508100 5353755 2
1023 3014 45210 66308 4
1024 124779 998232 5365497 5
1025 19404 407484 504504 2
1026 156259 781295 5625324 4
1027 190370 1522960 9518500 1
1028 34694 208164 693880 2
1029 192264 4037544 7306032 5
1030 195349 2344188 2539537 3
1031 66446 797352 2059826 2
1032 49016 735240 2695880 5
1033 112914 903312 6549012 5
1034 106992 1925856 5563584 2
1035 56445 846675 1806240 4
1036 26693 747404 2242212 2
1037 149640 5387040 10325160 4
1038 89627 0 4481350 1
1039 59834 0 2213858 2
1040 52088 937584 3541984 1
1041 138793 3886204 10825854 4
1042 73969 1035566 4734016 4
1043 180170 2162040 4504250 1
1044 86110 2066640 3961060 3
1045 21884 787824 1728836 3
1046 154832 0 8980256 1
1047 179506 7180240 11847396 4
1048 126715 1774010 6082320 2
1049 103510 414040 5796560 3
1050 71717 717170 1649491 5
1051 180912 5065536 13749312 4
1052 205717 4114340 8845831 3
1053 204406 1635248 12468766 5
1054 166563 1332504 8494713 5
1055 110827 3546464 7647063 5
1056 23968 287616 503328 2
1057 59945 1079010 2517690 4
1058 100761 6448704 11083710 3
1059 53521 856336 1552109 2
1060 188671 754684 6226143 3
1061 64652 129304 1616300 5
1062 105164 420656 5047872 2
1063 6359 38154 178052 5
1064 195523 1564184 5083598 4
1065 79774 0 1435932 3
1066 188339 2260068 11300340 3
1067 188324 2636536 9604524 5
1068 34275 171375 1028250 1
1069 127918 127918 3197950 3
1070 78120 3749760 6249600 1
1071 2595 83040 93420 3
1072 47154 94308 565848 3
1073 91772 2202528 4037968 1
1074 164713 3953112 5435529 4
1075 71066 639594 2345178 4
1076 52553 315318 630636 3
1077 166694 1000164 10501722 4
1078 19956 39912 738372 2
1079 140065 2100975 8684030 3
1080 100559 0 4525155 2
1081 51603 1032060 1341678 3
1082 118815 1663410 2732745 5
1083 187509 937545 2812635 1
1084 72143 721430 1010002 3
1085 100902 0 3834276 3
1086 124602 3987264 4734876 1
1087 9444 66108 84996 4
1088 60134 1262814 2345226 3
1089 42831 856620 3126663 1
1090 201167 4023340 14282857 1
1091 128537 257074 4498795 1
1092 50256 201024 1457424 2
1093 46245 277470 924900 1
1094 172077 1376616 9120081 3
1095 196968 1181808 4924200 3
1096 176299 3525980 11283136 5
1097 191608 191608 6706280 3
1098 38950 701100 2181200 4
1099 116526 2097468 8040294 1
1100 55257 1933995 4586331 4
1101 168271 1009626 3197149 2
1102 18065 162585 596145 5
1103 22802 68406 1231308 3
1104 73367 0 3301515 1
1105 33799 811176 2703920 4
1106 19408 116448 194080 1
1107 77956 1169340 4599404 2
1108 89213 1338195 3390094 2
1109 199878 1798902 7195608 3
1110 189671 569013 2655394 5
1111 145438 1308942 3926826 2
1112 3917 31336 238937 4
1113 205835 3705030 9262575 3
1114 159036 1908432 10019268 5
1115 179624 1436992 11855184 2
1116 87774 351096 3510960 4
1117 6996 41976 139920 2
1118 49097 196388 245485 1
1119 17801 106806 854448 1
1120 85065 1190910 1616235 3
1121 43606 392454 2485542 3
1122 145438 1163504 6108396 3
1123 75471 1358478 5509383 2
1124 179318 1255226 2689770 2
1125 193465 2321580 7545135 3
1126 115854 231708 5792700 1
1127 146335 4097380 7316750 4
1128 17510 0 595340 2
1129 73327 1466540 5572852 2
1130 131218 2755578 2886796 3
1131 163730 1964760 6385470 5
1132 110394 1545516 4857336 1
1133 171285 2569275 7365255 1
1134 100374 501870 4115334 2
1135 25292 379380 1062264 2
1136 72907 364535 874884 4
1137 5034 40272 271836 1
1138 43557 696912 2526306 4
1139 94237 3769480 4052191 4
1140 60832 0 1520800 1
1141 149392 2390272 8814128 5
1142 79224 2772840 4515768 4
1143 55033 1540924 2641584 3
1144 158650 2379750 5235450 3
1145 50728 608736 2840768 4
1146 55039 1155819 4127925 1
1147 179896 4317504 10254072 5
1148 124749 4989960 6486948 4
1149 104389 1670224 6158951 4
1150 63411 253644 1965741 3
1151 132045 3169080 5149755 4
1152 115889 4056115 4172004 1
1153 34594 276752 2179422 5
1154 198659 4767816 12912835 5
1155 36973 887352 998271 1
1156 71186 0 1494906 3
1157 154259 3239439 11415166 5
1158 163809 11794248 16217091 3
1159 49618 694652 3572496 2
1160 10820 389520 822320 5
1161 39903 957672 2434083 1
1162 78765 2362950 5434785 1
1163 26511 159066 583242 5
1164 164545 164545 7075435 1
1165 65396 2288860 3400592 2
1166 130663 4181216 5879835 3
1167 92859 0 2971488 2
1168 313 8764 10016 1
1169 135420 1083360 8802300 1
1170 194283 6217056 6994188 5
1171 190651 1143906 5910181 2
1172 137145 1645740 5485800 4
1173 2506 45108 135324 4
1174 87062 1218868 2176550 5
1175 189245 3784900 4731125 5
1176 147027 4704864 5439999 4
1177 71808 430848 4380288 5
1178 144395 866370 7652935 3
1179 156453 3754872 7040385 5
1180 67129 805548 2886547 1
1181 205264 7389504 13957952 3
1182 202915 202915 2637895 4
1183 132054 1188486 7262970 2
1184 132305 2116880 6218335 3
1185 37042 1185344 2370688 2
1186 74058 518406 3036378 2
1187 60633 970128 2789118 2
1188 58518 351108 3159972 4
1189 153156 765780 1531560 1
1190 206400 3715200 4128000 1
1191 94836 758688 4267620 4
1192 174355 1046130 3487100 4
1193 138249 4423968 4562217 5
1194 80208 561456 721872 2
1195 134361 806166 7524216 4
1196 128090 896630 1024720 1
1197 10576 42304 105760 2
1198 6319 126380 157975 1
1199 161624 1616240 9212568 3
1200 71872 71872 2299904 2
1201 185466 1854660 7975038 5
1202 139576 2512368 5303888 2
1203 12410 49640 657730 5
1204 110183 6170248 11789581 1
1205 18471 55413 942021 1
1206 83240 1748040 4911160 4
1207 194903 1169418 6041993 3
1208 186414 2609796 10998426 4
1209 108347 541735 5959085 1
1210 198355 11901300 21422340 5
1211 14702 411656 764504 1
1212 33664 1077248 2659456 2
1213 67207 1411347 3898006 5
1214 103898 207796 2805246 2
1215 164136 1477224 5416488 3
1216 66418 3586572 6508964 1
1217 71972 431832 3238740 3
1218 28127 506286 956318 4
1219 16777 0 603972 3
1220 48658 778528 1362424 3
1221 188978 755912 6803208 2
1222 180519 10109064 14983077 3
1223 131533 2762193 5129787 3
1224 130189 2733969 3254725 3
1225 11205 448200 504225 3
1226 88360 2120640 5655040 2
1227 115443 1385316 4733163 3
1228 8185 163700 245550 3
1229 88441 1061292 3626081 3
1230 99692 1196304 6978440 3
1231 146869 881214 2349904 4
1232 52289 1882404 4392276 2
1233 19074 305184 514998 2
1234 17605 633780 1531635 1
1235 182609 1095654 8947841 1
1236 110976 998784 4328064 4
1237 116165 1858640 3717280 3
1238 61727 617270 2345626 1
1239 74431 2679516 4763584 1
1240 181220 724880 6342700 5
1241 46537 372296 2419924 5
1242 186246 4469904 5587380 5
1243 110538 1326456 7737660 3
1244 9399 281970 422955 4
1245 132914 2126624 5050732 5
1246 146354 731770 3805204 1
1247 204536 2045360 5727008 4
1248 105441 2530584 7486311 1
1249 203446 1220676 6306826 5
1250 180064 540192 10623776 4
1251 139082 4867870 10431150 3
1252 137438 274876 1099504 2
1253 160463 1925556 3690649 2
1254 58712 0 1350376 1
1255 173082 2596230 2942394 1
1256 162174 0 162174 5
1257 8202 0 49212 2
1258 183317 8799216 11915605 3
1259 154228 4318384 10024820 2
1260 196904 4922600 5513312 5
1261 64163 1539912 2181542 4
1262 86484 3459360 8302464 1
1263 194880 3118080 7210560 3
1264 107186 750302 6323974 5
1265 164998 2969964 3299960 5
1266 18150 544500 889350 2
1267 187027 1309189 3553513 4
1268 181134 4347216 7788762 5
1269 18650 149200 839250 5
1270 181708 363416 10357356 3
1271 127376 1528512 8406816 1
1272 190472 6666520 16761536 4
1273 88585 3543400 5758025 1
1274 87209 1308135 3662778 5
1275 183592 0 10464744 3
1276 68789 550312 3026716 3
1277 36156 216936 723120 2
1278 66246 0 1126182 3
1279 162818 1628180 3093542 5
1280 127873 1918095 2045968 2
1281 154390 1080730 3859750 5
1282 128852 2061632 3865560 1
1283 90851 2543828 4269997 4
1284 110116 770812 3523712 5
1285 82714 578998 3308560 1
1286 3061 36732 94891 3
1287 112034 224068 1120340 2
1288 78623 943476 1651083 4
1289 139727 1397270 5169899 2
1290 9821 39284 559797 4
1291 78848 630784 3705856 1
1292 60793 1276653 4316303 1
1293 109878 659268 3296340 4
1294 115268 2420628 5532864 4
1295 92738 556428 4822376 4
1296 39664 79328 1388240 1
1297 37555 300440 1013985 1
1298 166878 0 4171950 5
1299 162943 1303544 8310093 5
1300 127557 1530684 4464495 5
1301 158769 317538 2063997 4
1302 112325 449300 3594400 2
1303 136261 1090088 4087830 1
1304 154935 3718440 10845450 4
1305 31271 1000672 1188298 4
1306 205600 1233600 11513600 3
1307 151431 2120034 8328705 1
1308 108867 3810345 8165025 1
1309 183276 0 10080180 3
1310 41113 493356 1356729 5
1311 166891 834455 1835801 3
1312 72221 2166630 5199912 4
1313 40461 404610 2710887 3
1314 162853 325706 6839826 2
1315 15323 0 827442 5
1316 39064 156256 1875072 3
1317 122539 1470468 2940936 4
1318 135441 1218969 3521466 3
1319 32275 129100 1613750 1
1320 118365 2130570 8403915 2
1321 74348 1858700 5501752 3
1322 96454 771632 3568798 4
1323 134106 2413908 5364240 3
1324 28170 253530 1718370 3
1325 111355 222710 2895230 5
1326 92360 2216640 4895080 5
1327 34669 138676 1664112 2
1328 185200 370400 6482000 3
1329 174289 1568601 11851652 4
1330 108182 3461824 4435462 5
1331 194695 0 1362865 1
1332 143332 1433320 8313256 1
1333 41164 576296 1234920 1
1334 105296 1263552 1579440 1
1335 160430 481290 9786230 2
1336 164843 2307802 9725737 5
1337 137421 1649052 4672314 1
1338 96755 774040 5031260 2
1339 18996 303936 911808 2
1340 44522 0 756874 1
1341 185014 3700280 12210924 5
1342 106600 2665000 5010200 3
1343 58464 467712 935424 2
1344 47478 949560 2801202 2
1345 126198 504792 2776356 1
1346 45460 545520 2909440 4
1347 190145 5704350 15021455 3
1348 30698 767450 2087464 3
1349 142232 6969368 7396064 1
1350 160153 3363213 5605355 4
1351 58154 1860928 3547394 1
1352 107206 3216180 5789124 5
1353 194154 1164924 10290162 2
1354 116247 1859952 7672302 5
1355 11436 182976 834828 5
1356 36902 147608 1328472 2
1357 181967 1091802 2911472 3
1358 26742 133710 989454 3
1359 56507 1808224 2316787 5
1360 26638 372932 532760 3
1361 96576 772608 1545216 5
1362 30938 247504 464070 5
1363 126371 1010968 6318550 4
1364 202407 2833698 8298687 3
1365 200589 1203534 5616492 4
1366 79743 318972 2153061 3
1367 154869 2787642 9911616 1
1368 162642 7969458 9270594 5
1369 200976 1607808 6833184 2
1370 167673 6706920 16599627 2
1371 128673 0 1801422 2
1372 85745 342980 2743840 2
1373 116718 1750770 7353234 3
1374 115717 694302 2661491 5
1375 16123 386952 919011 2
1376 73794 590352 3173142 3
1377 130375 1955625 6258000 4
1378 134426 2016390 7796708 1
1379 152647 2747646 4274116 3
1380 159679 479037 5588765 4
1381 62282 747384 2366716 2
1382 137664 0 2064960 4
1383 38628 1081584 1661004 5
1384 103649 621894 5182450 5
1385 148104 1481040 2221560 1
1386 22302 669060 914382 3
1387 196431 1964310 8053671 3
1388 115789 115789 347367 3
1389 41808 334464 1588704 1
1390 67388 404328 1078208 3
1391 134227 268454 4832172 5
1392 127629 1531548 6509079 4
1393 134333 1611996 3895657 5
1394 117118 1405416 3045068 3
1395 18683 224196 840735 2
1396 164983 164983 5444439 5
1397 145175 2903500 7258750 2
1398 140794 6758112 10700344 4
1399 149168 2386688 10590928 5
1400 93804 375216 3283140 1
1401 33557 536912 704697 2
1402 178352 4280448 4637152 4
1403 165868 1990416 2156284 2
1404 37623 75246 2069265 3
1405 110274 1323288 4300686 2
1406 70713 424278 2333529 3
1407 58349 816886 3851034 2
1408 24425 244250 1441075 4
1409 2223 4446 115596 5
1410 174464 3663744 3838208 2
1411 81560 1304960 5709200 5
1412 52171 1878156 3912825 3
1413 80812 565684 1777864 4
1414 93449 2242776 4205205 2
1415 113592 2385432 2726208 1
1416 21858 327870 896178 2
1417 87332 261996 4104604 1
1418 59636 357816 2504712 5
1419 109399 1093990 2734975 4
1420 183563 367126 7342520 5
1421 193095 3475710 4441185 4
1422 122581 4903240 11767776 1
1423 140526 1967364 3653676 3
1424 160802 643208 6753684 3
1425 49075 588900 1963000 5
1426 24929 124645 673083 4
1427 145404 3925908 12213936 2
1428 147067 3088407 7353350 4
1429 81970 1229550 1311520 2
1430 38309 114927 268163 3
1431 114607 1833712 8022490 3
1432 3494 13976 209640 4
1433 133939 535756 2276963 1
1434 95625 382500 4016250 1
1435 167695 2012340 6540105 3
1436 9002 45010 468104 4
1437 91645 1924545 5223765 3
1438 62707 752484 1191433 1
1439 189539 5307092 16110815 4
1440 34099 136396 818376 3
1441 169483 5931905 9491048 1
1442 75488 226464 830368 2
1443 58326 2041410 3907842 1
1444 140865 422595 2394705 3
1445 35595 355950 1281420 3
1446 105708 1057080 1691328 5
1447 42986 644790 859720 4
1448 101067 1212804 6367221 2
1449 193096 3089536 5792880 3
1450 104748 1256976 2932944 4
1451 87402 874020 3933090 3
1452 30727 122908 1259807 3
1453 115489 1385868 1501357 4
1454 93942 1690956 2724318 2
1455 175916 7388472 16712020 2
1456 204107 8164280 16736774 2
1457 43101 172404 2068848 1
1458 171673 6008555 7896958 5
1459 22021 132126 572546 4
1460 152382 4266696 6095280 2
1461 50831 1219944 1677423 3
1462 184146 736584 6076818 4
1463 124536 747216 6600408 1
1464 164393 1643930 10356759 2
1465 184376 1843760 2765640 1
1466 145221 3485304 8132376 5
1467 83694 167388 3264066 2
1468 92476 1109712 2311900 4
1469 157933 473799 6633186 2
1470 65746 657460 2432602 1
1471 25154 100616 1282854 1
1472 44465 177860 2578970 2
1473 200947 803788 6430304 1
1474 105576 844608 1689216 2
1475 197343 5920290 17168841 2
1476 137166 137166 822996 5
1477 190859 954295 2862885 1
1478 103534 724738 1863612 3
1479 10713 96417 396381 3
1480 70023 630207 1680552 2
1481 158826 0 7623648 5
1482 41787 125361 2507220 5
1483 199396 1196376 3589128 4
1484 81779 981348 5315635 1
1485 140728 4925480 9428776 1
1486 55593 555930 1667790 1
1487 139676 1676112 3072872 3
1488 137140 3291360 7268420 4
1489 9107 437136 482671 2
1490 37514 450168 2100784 1
1491 86979 1565622 5914572 1
1492 50311 0 2213684 1
1493 156546 4383288 5009472 5
1494 104269 1459766 1981111 3
1495 143306 573224 5588934 2
1496 2145 0 85800 1
1497 56958 1139160 1253076 4
1498 123420 3702600 8022300 1
1499 106849 2564376 5556148 3
1500 17736 124152 283776 4
1501 105633 105633 5281650 3
1502 54929 384503 3185882 1
1503 76012 684108 3344528 3
1504 171779 2576685 11165635 4
1505 173958 695832 7828110 5
1506 3348 6696 197532 3
1507 113528 1816448 6811680 3
1508 121263 970104 7275780 4
1509 28546 513828 1798398 2
1510 22938 481698 1376280 5
1511 31343 1504464 2444754 4
1512 205283 0 2052830 5
1513 96745 3095840 8707050 3
1514 165289 1487601 1652890 5
1515 121715 1947440 4503455 4
1516 82070 984840 1805540 4
1517 114481 457924 6639898 3
1518 182538 1095228 8031672 2
1519 74508 2086224 3725400 4
1520 116104 464416 3947536 5
1521 182426 1459408 1641834 4
1522 70673 2120190 4452399 3
1523 39677 793540 1864819 5
1524 36214 724280 941564 4
1525 76871 153742 1537420 5
1526 99246 396984 3771348 4
1527 163265 979590 9142840 5
1528 146129 1169032 7598708 3
1529 175013 1050078 4375325 2
1530 175042 2625630 4201008 3
1531 199645 399290 3593610 5
1532 41232 412320 1154496 2
1533 3056 91680 119184 2
1534 152702 2443232 4122954 1
1535 52548 262740 945864 1
1536 5200 36400 218400 1
1537 182634 2922144 12784380 3
1538 188350 0 5650500 1
1539 79209 633672 4831749 3
1540 109020 2289420 6650220 1
1541 95257 952570 2381425 4
1542 165260 4957800 9915600 4
1543 114522 2290440 2863050 4
1544 30679 490864 521543 1
1545 65301 653010 979515 2
1546 116926 701556 2806224 1
1547 10634 148876 616772 3
1548 79729 797290 2949973 3
1549 115061 345183 3451830 5
1550 93310 279930 653170 3
1551 61330 1717240 2391870 1
1552 8109 48654 397341 1
1553 71719 573752 1506099 2
1554 137829 413487 3859212 5
1555 24999 374985 1674933 4
1556 53384 640608 3790264 1
1557 113471 907768 7375615 2
1558 167274 1003644 5352768 3
1559 95827 0 5078831 1
1560 14746 235936 899506 3
1561 49501 297006 2178044 1
1562 65977 923678 3628735 4
1563 64773 647730 3303423 5
1564 36927 443124 1920204 2
1565 144602 1156816 2024428 2
1566 163084 2935512 3424764 3
1567 201307 1207842 6240517 2
1568 73024 0 2190720 3
1569 171701 2060412 8069947 5
1570 159917 1919004 5757012 4
1571 83890 251670 4278390 4
1572 45411 635754 2043495 4
1573 37330 74660 1605190 3
1574 143629 1723548 5027015 1
1575 130544 783264 3133056 3
1576 139680 139680 2234880 4
1577 157875 2841750 11682750 5
1578 25618 409888 1562698 5
1579 164167 985002 7880016 3
1580 186278 931390 11921792 3
1581 152110 2129540 2890090 4
1582 185748 1114488 7244172 2
1583 152121 6389082 13386648 4
1584 78595 0 550165 3
1585 61071 1099278 1832130 2
1586 47672 286032 429048 5
1587 60221 843094 1987293 5
1588 139974 4479168 11337894 1
1589 201080 4222680 5429160 2
1590 68536 1233648 4249232 5
1591 90061 0 5043416 4
1592 1163 10467 45357 2
1593 92275 276825 5259675 3
1594 35979 215874 1367202 2
1595 15869 761712 968009 5
1596 5390 129360 355740 2
1597 46189 0 692835 4
1598 168638 1011828 2529570 2
1599 106579 746053 2451317 2
1600 180054 3240972 6121836 4
1601 142070 852420 6393150 3
1602 124981 999848 8373727 3
1603 86867 2084808 6428158 4
1604 156910 1882920 10669880 5
1605 123326 1479912 4316410 5
1606 182420 4378080 5290180 4
1607 105958 1059580 6993228 4
1608 174784 1048704 5942656 1
1609 124601 1121409 3239626 2
1610 199242 996210 5778018 5
1611 164383 493149 6410937 5
1612 70530 1057950 5007630 5
1613 13321 53284 173173 2
1614 38400 115200 1497600 4
1615 74882 1347876 3893864 5
1616 26840 322080 1288320 3
1617 185668 0 4270364 1
1618 191233 3442194 10326582 3
1619 64646 129292 905044 3
1620 65191 912674 3911460 2
1621 80722 1695162 3955378 5
1622 73631 441786 4786015 5
1623 52832 950976 3751072 2
1624 14272 28544 556608 2
1625 106495 3194850 8839085 4
1626 41332 330656 2231928 1
1627 24015 600375 1488930 1
1628 123459 3456852 9382884 1
1629 37800 302400 1927800 2
1630 4261 68176 306792 3
1631 111202 1668030 2557646 3
1632 44428 399852 2088116 2
1633 32327 129308 1681004 5
1634 6864 13728 398112 5
1635 52163 0 1356238 5
1636 129895 1039160 8183385 3
1637 72277 0 1951479 2
1638 27685 830550 1716470 4
1639 103073 1030730 2473752 2
1640 186337 559011 6521795 3
1641 125196 0 3380292 1
1642 190068 2280816 9313332 2
1643 151524 303048 2121336 2
1644 11329 33987 124619 1
1645 180418 2525852 4690868 5
1646 192332 961660 11155256 2
1647 124845 6991320 10112445 1
1648 161329 0 5323857 2
1649 12498 224964 762378 3
1650 49378 395024 543158 2
1651 62976 755712 4471296 1
1652 37360 149440 1232880 3
1653 161047 1932564 4831410 1
1654 88893 2133432 2755683 5
1655 54664 109328 2569208 2
1656 146390 5855600 11125640 4
1657 56467 677604 1129340 1
1658 152345 2437520 7007870 3
1659 4823 115752 255619 2
1660 3571 199976 396381 4
1661 178834 1788340 3219012 5
1662 82521 1980504 5033781 5
1663 17128 205536 479584 1
1664 61594 1478256 5050708 4
1665 85330 1023960 3754520 4
1666 122729 1472748 2209122 4
1667 4754 42786 204422 1
1668 51898 103796 1660736 5
1669 14181 141810 397068 3
1670 200086 7003010 9604128 2
1671 16630 232820 299340 2
1672 10052 301560 371924 3
1673 185908 4461792 4647700 4
1674 136850 136850 6021400 3
1675 159374 1274992 9881188 2
1676 13449 40347 470715 2
1677 74774 3663926 6879208 1
1678 37320 1044960 2425800 2
1679 48651 48651 2627154 4
1680 118433 355299 4145155 5
1681 63697 1528728 3949214 4
1682 155382 6526044 13207470 1
1683 20575 514375 1440250 1
1684 162752 1627520 2278528 4
1685 67999 543992 679990 4
1686 81 810 4212 2
1687 75950 1139250 3493700 5
1688 124461 4480596 5476284 4
1689 15530 217420 357190 3
1690 174864 699456 1224048 2
1691 11376 91008 557424 3
1692 49502 1732570 3465140 4
1693 110020 4620840 5170940 1
1694 154236 1850832 2005068 4
1695 159579 7659792 12606741 3
1696 91051 546306 4006244 5
1697 139757 2934897 3493925 3
1698 66120 595080 3372120 5
1699 44450 133350 2533650 2
1700 85424 512544 4698320 1
1701 68335 273340 3006740 3
1702 156508 1095556 5477780 1
1703 130749 1045992 6798948 4
1704 44638 0 848122 4
1705 132684 265368 7430304 1
1706 137555 2751100 5502200 5
1707 124490 2614290 8465320 2
1708 143834 287668 7623202 5
1709 178736 2681040 8936800 2
1710 202088 1616704 8083520 3
1711 56155 0 2583130 3
1712 113700 2728800 8413800 2
1713 17672 282752 459472 5
1714 198518 2382216 10521454 1
1715 103296 1239552 4854912 4
1716 157722 0 5835714 4
1717 150082 1800984 2101148 5
1718 155438 1243504 1398942 3
1719 93718 0 3748720 5
1720 182630 365260 8948870 4
1721 110721 1771536 5536050 4
1722 56255 56255 1856415 5
1723 161025 2898450 11432775 3
1724 164069 984414 5578346 5
1725 66590 0 2863370 1
1726 66534 465738 3992040 1
1727 85097 765873 2382716 4
1728 26284 0 683384 4
1729 113896 2050128 6605968 4
1730 144522 1156176 1734264 1
1731 130216 7812960 10417280 3
1732 70726 848712 1202342 3
1733 99373 1490595 5266769 1
1734 38709 464508 774180 2
1735 56259 675108 3375540 3
1736 49341 394728 2368368 5
1737 161716 5174912 12613848 3
1738 141684 4533888 4958940 3
1739 43929 527148 3118959 5
1740 81167 1623340 4951187 3
1741 199578 3991560 13172148 1
1742 3227 48405 183939 2
1743 94765 189530 2558655 5
1744 15263 106841 320523 1
1745 96490 3377150 8201650 2
1746 163929 163929 7376805 4
1747 193133 386266 3862660 5
1748 21003 126018 693099 3
1749 124238 1490856 1615094 4
1750 136260 2725200 6949260 2
1751 174540 4188960 8028840 5
1752 181100 1267700 5976300 5
1753 31143 0 1806294 3
1754 52752 1107792 3165120 1
1755 155278 6211120 6676954 4
1756 83179 0 665432 5
1757 130931 130931 5499102 4
1758 119124 952992 4407588 4
1759 107371 1073710 3865356 3
1760 144146 6054132 8360468 3
1761 62142 372852 3169242 2
1762 166296 997776 5321472 5
1763 604 9060 28388 4
1764 50114 200456 2054674 1
1765 27912 1367688 2260872 1
1766 110926 0 5768152 2
1767 145413 872478 5089455 1
1768 174488 1395904 2966296 3
1769 72630 435780 3922020 3
1770 29900 717600 1584700 5
1771 137921 1655052 9378628 2
1772 185089 5182492 11290429 1
1773 116262 1860192 5696838 1
1774 173314 1733140 5892676 3
1775 47225 944500 1133400 3
1776 161523 2907414 7914627 4
1777 34821 835704 2507112 4
1778 2692 40380 104988 1
1779 4215 12645 16860 4
1780 166536 1165752 1498824 2
1781 46440 371520 464400 4
1782 173945 2609175 11828260 3
1783 114748 2868700 9638832 4
1784 965 23160 43425 1
1785 188598 1131588 6035136 4
1786 19053 114318 133371 3
1787 49358 394864 1974320 3
1788 115327 1153270 5305042 5
1789 2334 81690 116700 5
1790 32555 1367310 2539290 4
1791 54552 654624 981936 4
1792 127084 1525008 7752124 1
1793 162414 1624140 3735522 2
1794 147643 590572 7086864 4
1795 196804 196804 2164844 2
1796 181082 2172984 12313576 3
1797 139200 1252800 4593600 2
1798 203073 1015365 9341358 1
1799 4022 96528 221210 5
1800 181720 5815040 16536520 2
1801 190395 1903950 11423700 2
1802 26866 537320 2014950 3
1803 134916 944412 8499708 4
1804 108441 867528 1626615 2
1805 143531 574124 5023585 1
1806 77520 3100800 5891520 5
1807 64415 2254525 2898675 5
1808 98433 1378062 4527918 1
1809 97590 1171080 1659030 3
1810 158590 1427310 8405270 5
1811 75580 3023200 4685960 3
1812 105169 736183 6730816 5
1813 78831 157662 1734282 5
1814 161122 1933464 5478148 5
1815 104101 208202 624606 4
1816 122594 367782 1225940 2
1817 93812 1407180 5534908 5
1818 195640 1565120 7434320 1
1819 193035 1544280 9844785 1
1820 136905 547620 6160725 2
1821 42442 509304 1145934 5
1822 112489 1349868 5511961 3
1823 49552 247760 1833424 3
1824 87831 878310 1580958 3
1825 205270 2052700 4515940 5
1826 132225 2380050 10049100 4
1827 181163 1268141 11956758 2
1828 108793 0 2175860 1
1829 156823 313646 5802451 2
1830 109962 1099620 6377796 2
1831 16559 82795 314621 2
1832 128535 3856050 11054010 3
1833 60172 240688 1624644 1
1834 20985 440685 818415 4
1835 27801 111204 778428 3
1836 100001 4200042 4900049 4
1837 47355 662970 3267495 2
1838 67157 1208826 5171089 2
1839 46415 92830 1949430 5
1840 66857 1403997 3008565 2
1841 85545 1026540 4619430 4
1842 92343 0 3509034 1
1843 130064 0 1170576 2
1844 70704 1131264 4242240 1
1845 174926 524778 10145708 2
1846 127609 765654 4849142 5
1847 150842 1206736 5279470 3
1848 134269 1074152 6847719 4
1849 134247 805482 4161657 2
1850 27127 81381 434032 3
1851 12450 0 336150 2
1852 143495 1291455 5022325 5
1853 39176 0 1527864 2
1854 61234 122468 3735274 4
1855 129919 4677084 5716436 2
1856 19180 95900 364420 1
1857 16356 572460 1292124 4
1858 63056 945840 4035584 4
1859 63744 764928 4015872 2
1860 123382 493528 2467640 5
1861 181261 4531525 11963226 1
1862 80689 1613780 5325474 1
1863 44587 535044 847153 5
1864 101236 303708 5871688 1
1865 135478 812868 6231988 5
1866 71746 3013332 3802538 5
1867 182502 912510 8760096 5
1868 39338 118014 1966900 1
1869 132384 2780064 6486816 3
1870 185806 371612 4830956 2
1871 20532 246384 1355112 1
1872 6126 147024 196032 3
1873 116218 2905450 3951412 3
1874 187661 0 9007728 5
1875 183557 5139596 11380534 5
1876 27308 163848 791932 3
1877 182575 5112100 9311325 5
1878 123779 742674 6188950 1
1879 82848 1988352 2733984 1
1880 37626 526764 2107056 2
1881 69583 3409567 6471219 4
1882 134443 806658 7932137 5
1883 162163 1297304 10702758 2
1884 195506 2932590 13294408 5
1885 7870 141660 511550 5
1886 88112 264336 1057344 1
1887 143196 1431960 4295880 5
1888 100082 1200984 3402788 1
1889 187027 2244324 9538377 1
1890 34787 1043610 2435090 3
1891 90637 1268918 5891405 4
1892 183425 0 3485075 1
1893 36891 295128 1955223 2
1894 75473 226419 1358514 4
1895 161943 1943316 7125492 3
1896 68285 273140 3823960 3
1897 182152 4371648 9289752 4
1898 41276 371484 2105076 3
1899 43874 219370 2720188 2
1900 30567 733608 764175 5
1901 158439 1584390 9031023 3
1902 111957 1007613 5933721 1
1903 113467 1134670 7488822 1
1904 115051 920408 3566581 2
1905 199980 2399760 7399260 2
1906 59730 1433520 2210010 2
1907 18621 521388 1042776 1
1908 140216 0 140216 1
1909 141244 1694928 8615884 2
1910 133318 3732904 9198942 3
1911 14465 289300 723250 5
1912 42829 513948 2012963 2
1913 31700 760800 982700 4
1914 184230 1842300 3684600 4
1915 90238 270714 992618 3
1916 167771 3355420 12415054 3
1917 29393 117572 1734187 3
1918 12624 302976 568080 5
1919 44739 715824 3042252 4
1920 122292 1467504 3179592 2
1921 199391 6978685 9969550 1
1922 145681 2330896 2622258 4
1923 190933 1145598 5537057 3
1924 162189 973134 2919402 4
1925 152648 152648 8242992 1
1926 153847 461541 1076929 1
1927 174540 3665340 12392340 1
1928 199092 1194552 10950060 1
1929 13916 41748 111328 5
1930 185413 1483304 4079086 5
1931 103677 1244124 5494881 5
1932 129256 2714376 8272384 5
1933 86184 689472 5688144 5
1934 100101 700707 1801818 4
1935 71848 718480 1939896 2
1936 198992 2984880 13133472 5
1937 65176 521408 1824928 3
1938 159088 1590880 1749968 2
1939 13975 55900 545025 5
1940 188139 2822085 8278116 4
1941 27349 875168 1558893 5
1942 167119 0 9024426 1
1943 50117 200468 1002340 1
1944 23495 1127760 2466975 3
1945 21867 174936 1115217 3
1946 167234 1672340 9532338 4
1947 101247 4049880 5568585 5
1948 164704 658816 7411680 3
1949 40791 978984 2855370 4
1950 90876 1454016 5361684 2
1951 108759 1305108 3262770 1
1952 185933 0 929665 1
1953 14159 56636 651314 1
1954 127606 382818 7018330 2
1955 181324 2901184 5439720 2
1956 22630 452600 475230 1
1957 31039 31039 1024287 3
1958 30058 90174 300580 3
1959 197291 1183746 12626624 1
1960 167907 839535 7052094 3
1961 167526 1005156 8543826 1
1962 185198 2777970 12593464 1
1963 34534 725214 794282 4
1964 57033 1026594 2965716 2
1965 129136 2324448 7360752 1
1966 2106 16848 48438 1
1967 126302 4546872 5936194 4
1968 200713 401426 1404991 4
1969 142845 285690 8713545 5
1970 82644 743796 5041284 2
1971 35056 736176 1998192 4
1972 87596 525576 2715476 1
1973 83258 1332128 5161996 4
1974 18279 511812 1279530 4
1975 41262 412620 1526694 5
1976 49023 490230 3382587 4
1977 151541 3030820 8940919 3
1978 62056 434392 3599248 5
1979 129491 4532185 11524699 4
1980 197111 788444 2759554 1
1981 132111 1188999 4888107 5
1982 160722 1607220 2410830 3
1983 118189 1418268 7918663 5
1984 152050 2432800 3345100 3
1985 124632 1744848 3115800 5
1986 203648 1221888 5294848 4
1987 91830 918300 5877120 5
1988 173760 2085120 4344000 3
1989 186861 6540135 14388297 5
1990 68717 1099472 4191737 2
1991 164790 5273280 10216980 1
1992 150361 3608664 10825992 2
1993 101468 1217616 3855784 4
1994 163812 1638120 4914360 1
1995 34663 1109216 1594498 2
1996 77421 1083894 3019419 5
1997 69694 975716 1812044 2
1998 107789 1616835 3341459 5
1999 103448 1862064 6103432 2
2000 20541 616230 1622739 2
2001 29748 89244 654456 2
2002 22883 68649 503426 1
2003 60237 963792 3192561 3
2004 166084 3321680 10961544 5
2005 26430 264300 1189350 3
2006 32754 491310 1539438 4
2007 101687 203374 4067480 4
2008 46238 647332 1803282 2
2009 130051 0 1560612 4
2010 53927 647124 2750277 2
2011 183805 919025 3492295 2
2012 148167 1185336 9630855 4
2013 74557 223671 3951521 1
2014 10987 395532 802051 5
2015 75438 2640330 4299966 1
2016 206135 7420860 12986505 1
2017 11385 68310 170775 2
2018 35356 742476 2828480 1
2019 47182 94364 471820 5
2020 110590 1548260 2985930 1
2021 199136 1593088 1991360 1
2022 142830 1142640 6284520 1
2023 150940 754700 8905460 3
2024 73427 367135 2349664 2
2025 86145 0 3876525 3
2026 74036 888432 2073008 3
2027 104026 832208 3120780 1
2028 186555 373110 8954640 3
2029 64606 1033696 1098302 1
2030 93739 187478 5530601 4
2031 161849 809245 3075131 4
2032 167821 1678210 8223229 4
2033 187167 748668 9171183 2
2034 84429 1773009 5319027 1
2035 167954 4030896 5878390 3
2036 129628 259256 6870284 3
2037 47053 658742 705795 5
2038 94936 189872 5601224 3
2039 184620 3877020 5169360 2
2040 129125 2582500 4390250 3
2041 183575 1468600 8077300 3
2042 56703 850545 1757793 2
2043 15051 316071 1038519 4
2044 13919 417570 862978 2
2045 165882 663528 1658820 3
2046 143695 3017595 11208210 4
2047 198782 4770768 11131792 4
2048 99721 2991630 4986050 4
2049 169566 2034792 10513092 2
2050 83669 334676 4183450 3
2051 4415 39735 286975 2
2052 23759 380144 926601 4
2053 146592 879552 6156864 3
2054 142903 1429030 6001926 5
2055 112035 1680525 7506345 1
2056 128404 1797656 3081696 1
2057 48942 783072 1321434 2
2058 200811 5622708 16265691 3
2059 36790 331110 1287650 3
2060 146594 2198910 3958038 1
2061 167522 4188050 12229106 4
2062 65015 650150 3380780 3
2063 44123 794214 2867995 5
2064 50720 912960 1876640 2
2065 24744 98976 1237200 5
2066 49426 395408 1334502 3
2067 49616 893088 2679264 3
2068 155437 1554370 4663110 3
2069 83119 332476 4405307 2
2070 9321 223704 400803 3
2071 67758 1693950 3049110 3
2072 152448 609792 3506304 2
2073 113869 683214 7401485 5
2074 80528 1691088 2576896 4
2075 124602 498408 3239652 4
2076 70555 0 1058325 4
2077 44554 1871268 2940564 2
2078 10560 21120 369600 1
2079 7077 28308 445851 2
2080 133895 2811795 7632015 4
2081 133115 3194760 9051820 5
2082 49478 296868 2820246 4
2083 134422 2419596 10216072 3
2084 191780 4027380 10164340 1
2085 30721 368652 1505329 4
2086 131430 4205760 11960130 3
2087 31454 1258160 1289614 5
2088 150546 1806552 3462558 2
2089 105630 950670 2535120 3
2090 178524 2142288 12139632 4
2091 203682 3258912 9776736 2
2092 121961 1829415 5854128 5
2093 5907 206745 307164 4
2094 60108 360648 1142052 3
2095 121008 1089072 7623504 2
2096 48066 288396 769056 2
2097 146048 876288 6426112 1
2098 4444 35552 119988 4
2099 73463 220389 881556 3
2100 114825 2755800 6085725 4
2101 19713 118278 749094 4
2102 101966 1631456 6015994 4
2103 143612 3015852 7467824 3
2104 133862 3212688 7763996 2
2105 87718 789462 3333284 3
2106 20592 164736 597168 1
2107 188667 6603345 17168697 2
2108 55449 2661552 2883348 4
2109 144626 0 3181772 3
2110 88272 706176 3089520 4
2111 128581 900067 1157229 4
2112 159875 2558000 7354250 3
2113 203006 2436072 10556312 3
2114 137075 822450 1096600 4
2115 103012 618072 4223492 4
2116 64712 582408 2976752 5
2117 14702 44106 720398 1
2118 1747 1747 3494 2
2119 108117 1081170 6162669 1
2120 187939 3007024 13343669 1
2121 16400 688800 1328400 4
2122 129013 774078 1806182 1
2123 162742 1301936 8788068 2
2124 202983 4262643 14411793 4
2125 7321 58568 95173 2
2126 54992 0 1594768 3
2127 196615 786460 2752610 3
2128 147748 3545952 3841448 5
2129 45259 271554 497849 5
2130 87156 435780 2788992 2
2131 12732 203712 827580 3
2132 50615 303690 1923370 5
2133 21271 42542 1042279 4
2134 101363 912267 4662698 2
2135 51576 1856736 4590264 4
2136 84904 2037696 6113088 5
2137 86566 259698 1817886 2
2138 88260 706080 794340 2
2139 91646 1466336 3024318 3
2140 138965 3474125 6531355 5
2141 188723 754892 8115089 2
2142 158379 0 4276233 4
2143 154113 3236373 10479684 2
2144 83025 664200 1992600 1
2145 54135 324810 2706750 3
2146 203126 9750048 15031324 5
2147 144768 4053504 4198272 4
2148 75465 1131975 5358015 2
2149 1623 6492 74658 1
2150 43716 437160 1748640 3
2151 79790 3909710 4946980 2
2152 11527 103743 461080 2
2153 65085 585765 4295610 5
2154 83607 334428 3929529 1
2155 38091 457092 723729 5
2156 146627 1759524 8504366 4
2157 126744 0 1013952 3
2158 203569 1628552 5292794 4
2159 203239 609717 4064780 1
2160 56138 673656 1684140 5
2161 110345 662070 2427590 5
2162 190864 2290368 5916784 3
2163 114647 2292940 2866175 5
2164 125703 1508436 5405229 2
2165 191330 0 1530640 5
2166 192593 385186 1540744 2
2167 191934 767736 4606416 5
2168 101122 303366 4348246 2
2169 25067 376005 1403752 5
2170 7680 115200 184320 1
2171 179 4475 11814 5
2172 46661 93322 559932 1
2173 176784 707136 6894576 1
2174 144421 3032841 9242944 1
2175 171971 2063652 7050811 1
2176 153111 306222 9339771 4
2177 121160 3029000 3877120 4
2178 196041 3136656 13526829 3
2179 38102 1524080 2438528 5
2180 2207 77245 189802 5
2181 21533 129198 1141249 1
2182 9404 37616 103444 5
2183 120092 1801380 3722852 5
2184 30326 121304 1213040 1
2185 95788 2011548 7375676 2
2186 87449 87449 2536021 5
2187 17436 34872 383592 1
2188 148786 3124506 6397798 1
2189 44616 312312 1070784 5
2190 61614 0 924210 2
2191 111393 5346864 6460794 4
2192 110778 332334 1329336 2
2193 203215 2438580 3048225 3
2194 12836 102688 757324 2
2195 97443 1753974 3897720 4
2196 93112 465560 1210456 4
2197 99623 1195476 1394722 4
2198 132096 2113536 5680128 5
2199 22055 264660 683705 3
2200 142185 568740 2985885 1
2201 144131 1441310 8359598 4
2202 168348 1010088 9259140 1
2203 177162 0 9212424 3
2204 194976 1754784 3509568 2
2205 94383 0 2737107 2
2206 108350 866800 1625250 4
2207 38703 77406 928872 5
2208 74323 1783752 4979641 2
2209 34938 139752 2026404 5
2210 119714 2154852 3471706 4
2211 160145 1441305 9768845 4
2212 182918 4390032 10609244 5
2213 152227 456681 4262356 5
2214 45510 273060 864690 5
2215 44307 265842 1019061 2
2216 512 3072 4096 4
2217 176336 3526720 9874816 1
2218 103403 2481672 3929314 1
2219 202980 4871520 14411580 5
2220 193431 5416068 14894187 3
2221 137733 2754660 7713048 5
2222 92991 2789730 3998613 1
2223 17149 68596 600215 5
2224 124114 1489368 6950384 2
2225 47996 383968 2303808 1
2226 11161 89288 301347 1
2227 117494 1879904 8694556 4
2228 5315 21260 132875 2
2229 62632 0 1190008 4
2230 176099 1760990 11094237 2
2231 128566 385698 5399772 1
2232 70593 635337 3600243 4
2233 33742 236194 1282196 5
2234 194242 4079082 5633018 3
2235 1807 14456 45175 2
2236 79782 239346 4068882 5
2237 80965 2833775 6882025 3
2238 173313 1039878 9012276 5
2239 114274 685644 7313536 2
2240 8612 301420 370316 4
2241 183133 4395192 13551842 1
2242 98810 1580960 4644070 4
2243 75568 1360224 5365328 4
2244 132966 2393388 7977960 4
2245 37091 296728 927275 5
2246 63264 1518336 3036672 5
2247 51630 516300 3562470 3
2248 157135 2357025 7699615 2
2249 95938 3070016 3453768 2
2250 78186 1250976 2111022 1
2251 22250 445000 1045750 3
2252 177957 2669355 8897850 3
2253 100497 2411928 7939263 4
2254 37914 454968 1251162 2
2255 57801 115602 2716647 3
2256 4379 52548 175160 3
2257 50589 1062369 2681217 3
2258 87744 877440 4474944 2
2259 203474 6104220 17091816 2
2260 183554 0 6975052 2
2261 36496 547440 1386848 3
2262 3491 122185 303717 2
2263 6607 39642 138747 5
2264 96895 1162740 3585115 1
2265 58577 351462 1464425 1
2266 167935 839675 5373920 4
2267 44618 892360 1293922 1
2268 118987 1784805 2141766 2
2269 98411 1574576 4526906 4
2270 189746 3035936 13092474 2
2271 102253 511265 4703638 4
2272 119990 0 5879510 5
2273 195243 4685832 6833505 4
2274 44472 0 1912296 1
2275 122460 2449200 9551880 5
2276 216 2160 3672 1
2277 131757 0 6192579 2
2278 130127 780762 5465334 3
2279 202207 0 10514764 3
2280 204574 7160090 7773812 2
2281 178150 2672250 13183100 2
2282 202964 811856 7306704 4
2283 65900 1977000 5733300 5
2284 112951 1807216 5534599 1
2285 121165 1817475 5331260 4
2286 143521 2583378 9759428 3
2287 49099 147297 1718465 3
2288 193897 2908455 3877940 2
2289 155469 621876 7617981 4
2290 60240 602400 2650560 5
2291 163799 4586372 9664141 5
2292 40362 242172 2421720 4
2293 60233 963728 2047922 5
2294 62810 376860 4082650 5
2295 201255 1006275 2616315 4
2296 138862 2916102 6943100 1
2297 41564 207820 1413176 5
2298 49755 1044855 2786280 2
2299 164543 1974516 10201666 5
2300 176002 2640030 6688076 2
2301 3283 26264 183848 4
2302 164705 1482345 8235250 5
2303 156829 1254632 7214134 4
2304 83993 2519790 3023748 1
2305 149399 1045793 2987980 5
2306 138735 554940 6936750 3
2307 148763 1190104 8479491 4
2308 188550 1885500 11501550 2
2309 52887 264435 370209 5
2310 28995 724875 2261610 4
2311 201277 805108 4428094 2
2312 115498 808486 7507370 2
2313 71650 358250 2221150 4
2314 165038 1155266 7426710 5
2315 132066 1320660 4622310 2
2316 161279 1451511 7902671 4
2317 202256 4854144 13551152 4
2318 92624 1481984 6946800 1
2319 58144 0 3081632 1
2320 64519 903266 1161342 3
2321 41282 82564 1527434 4
2322 191071 573213 6305343 3
2323 178184 2494576 3563680 5
2324 68609 1440789 1578007 5
2325 90036 900360 4681872 1
2326 191762 9204576 20135010 3
2327 187881 1503048 9394050 2
2328 176767 883835 10782787 3
2329 175289 5609248 15425432 3
2330 14733 44199 294660 2
2331 120533 1205330 1446396 4
2332 163919 1147433 10490816 5
2333 172756 1036536 8983312 3
2334 194745 2921175 8568780 4
2335 178375 6421500 15161875 5
2336 199318 1395226 11959080 4
2337 34533 552528 1277721 1
2338 128277 5131080 9749052 1
2339 194063 3881260 4269386 5
2340 9294 27882 83646 1
2341 168931 2027172 5574723 5
2342 36970 258790 1035160 4
2343 78644 786440 4954572 5
2344 34134 477876 1092288 5
2345 86904 86904 1042848 2
2346 119754 718524 5388930 2
2347 161286 1290288 3709578 2
2348 152656 2747808 9159360 4
2349 150080 900480 4352320 1
2350 147909 2070726 10057812 2
2351 119484 2389680 6810588 2
2352 185965 8926320 10414040 1
2353 83045 996540 5647060 3
2354 65916 1384236 3823128 2
2355 85947 429735 3867615 2
2356 89319 535914 4019355 4
2357 47077 1647695 1883080 2
2358 109484 2627616 4598328 1
2359 23714 142284 829990 4
2360 178333 3566660 8738317 4
2361 63729 509832 2166786 3
2362 11927 143124 477080 4
2363 41366 620490 2730156 4
2364 67483 134966 2564354 4
2365 53137 1275288 2550576 5
2366 21181 127086 275353 5
2367 120872 1933952 9065400 1
2368 139115 1669380 4590795 3
2369 65654 787848 2954430 4
2370 39780 159120 716040 3
2371 170775 3586275 11271150 2
2372 147405 589620 8844300 3
2373 156977 6279080 15069792 5
2374 183633 5508990 6794421 1
2375 71743 645687 3443664 5
2376 145919 2626542 3502056 2
2377 179534 359068 5386020 4
2378 194411 4665864 10887016 1
2379 11449 240429 709838 1
2380 151833 5314155 13361304 5
2381 119661 3829152 9213897 4
2382 141401 0 2121015 4
2383 167627 335254 6537453 3
2384 151429 1211432 5754302 2
2385 157795 2524720 11519035 5
2386 189824 3986304 11199616 3
2387 131500 1183500 4471000 4
2388 188986 3779720 14740908 5
2389 165308 4628624 6116396 3
2390 169061 1014366 1690610 1
2391 139271 5849382 12952203 2
2392 24643 73929 936434 2
2393 49325 1479750 2515575 4
2394 164317 1478853 7394265 2
2395 152567 2288505 9459154 5
2396 150154 6306468 7657854 3
2397 162198 2919564 9894078 3
2398 46731 1121544 1775778 1
2399 24697 172879 444546 4
2400 100887 1210644 5952333 4
2401 17254 207048 879954 1
2402 163127 326254 4078175 1
2403 69056 690560 1588288 2
2404 121135 363405 6904695 4
2405 172280 1378240 6891200 2
2406 163020 3912480 12552540 5
2407 162664 2602624 12037136 2
2408 11804 141648 188864 1
2409 176680 2120160 5653760 4
2410 164183 4597124 11328627 5
2411 19396 465504 620672 5
2412 27584 110336 1158528 2
2413 141567 5945814 12741030 3
2414 80309 642472 4979158 3
2415 101302 405208 3646872 5
2416 43137 1811754 4054878 4
2417 168854 2532810 3039372 1
2418 156045 936270 4525305 2
2419 130497 391491 3131928 1
2420 33422 267376 1637678 5
2421 13464 0 26928 2
2422 88201 2822432 4762854 3
2423 40220 0 2332760 3
2424 113537 567685 2611351 5
2425 157574 2363610 10715032 1
2426 12496 299904 399872 3
2427 89957 2518796 4497850 1
2428 203442 1627536 5696376 5
2429 23363 140178 934520 4
2430 206198 5154950 7835524 2
2431 63121 315605 3156050 5
2432 5860 23440 169940 3
2433 200927 1808343 5425029 2
2434 168993 1351944 2703888 5
2435 146986 6173412 10436006 5
2436 142260 3983280 10669500 3
2437 76922 153844 615376 2
2438 175883 3693543 13542991 2
2439 119806 718836 7068554 4
2440 71137 284548 711370 5
2441 200819 1606552 3213104 5
2442 103142 1031420 1856556 2
2443 82265 1645300 3537395 3
2444 75375 226125 527625 5
2445 73553 294212 4339627 5
2446 24318 291816 1507716 3
2447 70797 353985 991158 4
2448 38822 1397592 2523430 4
2449 109273 655638 6556380 3
2450 51349 2053960 3132289 5
2451 128118 3074832 4868484 1
2452 44891 359128 1840531 2
2453 167241 3010338 11372388 1
2454 149929 3598296 10345101 2
2455 154415 3242715 9573730 1
2456 205845 3293520 9057180 4
2457 142418 0 3987704 4
2458 57606 576060 2880300 5
2459 28211 394954 902752 3
2460 153403 0 6596329 5
2461 128277 0 3591756 4
2462 170690 3584490 9900020 2
2463 160739 321478 1768129 5
2464 71397 1285146 4926393 3
2465 51698 0 1240752 5
2466 153823 615292 8767911 1
2467 8985 215640 269550 3
2468 159708 3992700 6867444 2
2469 73190 365950 3805880 1
2470 195130 1170780 7610070 3
2471 166566 832830 3331320 5
2472 69598 2435930 4732664 3
2473 128285 1026280 2565700 5
2474 198964 1193784 3979280 3
2475 58837 1059066 1882784 5
2476 140685 984795 1828905 1
2477 106709 1280508 1600635 5
2478 5418 32508 319662 1
2479 47650 1000650 1524800 1
2480 200811 1807299 12249471 4
2481 79624 238872 4458944 4
2482 8681 69448 390645 4
2483 137708 826248 2891868 2
2484 158681 1110767 2380215 4
2485 96115 1153380 2306760 5
2486 1786 62510 87514 2
2487 57164 1143280 3487004 4
2488 141712 2975952 6943888 1
2489 181628 1453024 10716052 1
2490 146058 0 5696262 2
2491 124668 1870020 5236056 3
2492 93897 1690146 6948378 4
2493 69488 1737200 2710032 5
2494 136630 4098900 6694870 5
2495 145445 3490680 5963245 4
2496 108040 6806520 12964800 5
2497 11244 202392 461004 1
2498 21263 340208 871783 3
2499 188811 3020976 10573416 5
2500 2124 10620 129564 1
2501 89530 895300 6088040 1
2502 155934 2494944 9511974 2
2503 73568 735680 3678400 4
2504 168099 1512891 4202475 1
2505 86460 1383360 4928220 1
2506 97377 2337048 6134751 5
2507 197124 0 2365488 2
2508 150026 2700468 7951378 2
2509 9602 19204 38408 5
2510 19345 541660 1450875 3
2511 119639 478556 4426643 5
2512 159312 4779360 10036656 1
2513 118100 1181000 2834400 5
2514 107892 215784 4963032 3
2515 22074 44148 993330 2
2516 145852 875112 9334528 4
2517 37210 0 1674450 2
2518 143198 859188 5011930 2
2519 97532 1365448 2633364 1
2520 138680 2218880 3467000 1
2521 108956 0 4358240 5
2522 190412 3427416 5331536 2
2523 6827 13654 375485 1
2524 158804 3970100 8099004 2
2525 155473 1554730 2953987 4
2526 201421 11279576 17926469 3
2527 140856 2957976 3380544 5
2528 33485 66970 1741220 1
2529 15505 46515 496160 1
2530 65325 914550 1502475 3
2531 185130 1666170 11292930 1
2532 65564 655640 3802712 5
2533 18399 147192 1214334 3
2534 100691 2416584 3926949 3
2535 33581 1813374 2249927 2
2536 200120 3001800 5803480 1
2537 53707 859312 3705783 3
2538 201752 4842048 10087600 4
2539 193506 1548048 6385698 5
2540 70085 140170 3854675 5
2541 193160 1545280 4635840 2
2542 52106 625272 1042120 1
2543 160317 1923804 8176167 3
2544 26667 106668 666675 2
2545 36427 109281 874248 2
2546 184670 0 10156850 3
2547 72392 0 723920 5
2548 160660 0 3373860 4
2549 42399 127197 975177 1
2550 196935 787740 1181610 3
2551 40062 200310 640992 5
2552 43717 524604 1267793 2
2553 148458 2226870 6086778 2
2554 149455 896730 9266210 1
2555 157040 942240 2983760 1
2556 58218 1397232 2794464 5
2557 149786 0 299572 2
2558 166179 664716 7810413 5
2559 62259 373554 2179065 3
2560 116925 935400 2572350 3
2561 143295 859770 2579310 2
2562 30943 92829 495088 3
2563 2240 40320 56000 4
2564 111096 1555344 6665760 1
2565 152663 2747934 9465106 3
2566 181800 3636000 5817600 3
2567 85980 1547640 6104580 4
2568 45189 316323 2485395 5
2569 197160 1182960 6506280 2
2570 46871 234355 843678 4
2571 65605 1574520 2492990 4
2572 136497 1091976 5323383 3
2573 32299 322990 387588 1
2574 150150 4204200 7507500 3
2575 163258 6856836 8815932 3
2576 156632 626528 5952016 2
2577 86781 2603430 3037335 4
2578 172362 1723620 7239204 5
2579 122418 244836 3794958 1
2580 46532 651448 744512 3
2581 205195 1846755 13337675 4
2582 173232 1039392 2598480 2
2583 59035 413245 2420435 5
2584 91990 2207760 7359200 4
2585 158197 1423773 2372955 3
2586 40019 840399 3161501 4
2587 22641 181128 973563 4
2588 116811 467244 4672440 4
2589 196566 4914150 8845470 1
2590 141726 2834520 3826602 1
2591 7529 158109 278573 1
2592 74180 296720 4302440 1
2593 188885 6799860 9633135 4
2594 24178 0 1402324 3
2595 24021 144126 1489302 4
2596 145539 1746468 2183085 2
2597 34815 313335 1810380 2
2598 28329 339948 736554 2
2599 93376 1307264 3081408 4
2600 175512 8424576 10530720 5
2601 203246 2438952 10568792 4
2602 111731 2681544 6703860 1
2603 81960 819600 2786640 2
2604 102512 1537680 7073328 3
2605 46307 555684 1250289 5
2606 17948 430752 1328152 2
2607 199271 5579588 12554073 1
2608 99416 596496 994160 5
2609 134917 1079336 1349170 4
2610 60557 60557 423899 5
2611 190346 2284152 3997266 1
2612 107205 1286460 6968325 2
2613 83644 334576 4182200 1
2614 65140 1172520 2540460 4
2615 153514 2149196 3070280 2
2616 191596 1915960 8047032 5
2617 37135 148540 742700 3
2618 134032 536128 804192 4
2619 178382 2497348 5708224 5
2620 137198 548792 3292752 2
2621 4485 35880 255645 4
2622 147709 4135852 8714831 4
2623 75522 604176 3776100 2
2624 156279 937674 5469765 3
2625 179024 358048 5191696 2
2626 150872 1810464 5129648 2
2627 159384 1912608 8606736 5
2628 15080 30160 889720 3
2629 73890 1477800 4728960 1
2630 71669 716690 4945161 1
2631 35036 350360 1296332 4
2632 153966 2463456 3079320 3
2633 45186 542232 722976 5
2634 181699 1635291 9448348 3
2635 61342 1104156 1840260 5
2636 20507 164056 697238 1
2637 94706 757648 6345302 3
2638 199410 1794690 2991150 1
2639 8833 353320 653642 2
2640 184475 184475 9592700 2
2641 16978 254670 475384 3
2642 203777 8151080 8762411 5
2643 125150 3754500 9010800 1
2644 122810 4912400 10807280 4
2645 100528 1507920 7338544 5
2646 197110 5519080 11432380 4
2647 68477 1438017 4040143 3
2648 192924 3858480 5594796 1
2649 197894 1385258 12269428 2
2650 141088 846528 2539584 1
2651 171242 1712420 2054904 1
2652 184424 0 7930232 1
2653 112905 564525 5645250 1
2654 79319 79319 3807312 4
2655 75748 1060472 1287716 5
2656 70052 140104 2521872 5
2657 178176 356352 3563520 5
2658 202685 1824165 13377210 5
2659 1759 26385 96745 5
2660 66123 396738 4033503 1
2661 93941 2818230 7233457 4
2662 156422 1877064 8290366 1
2663 6137 36822 368220 4
2664 4977 99540 388206 5
2665 27011 162066 1215495 4
2666 58009 1392216 3596558 1
2667 125445 5017800 9282930 1
2668 94196 470980 2825880 4
2669 37319 559785 2761606 5
2670 98253 1179036 6877710 5
2671 3376 27008 178928 4
2672 67815 406890 610335 3
2673 2416 36240 154624 2
2674 96568 386272 3862720 4
2675 53694 161082 1932984 1
2676 179670 179670 2156040 2
2677 51271 205084 1691943 2
2678 51426 411408 1594206 1
2679 188288 7908096 16004480 4
2680 91450 457250 4023800 5
2681 67602 676020 2771682 1
2682 143214 572856 7733556 3
2683 79938 319752 2318202 5
2684 106474 532370 4578382 2
2685 23793 999306 2069991 3
2686 189555 1137330 6255315 2
2687 41154 658464 3045396 1
2688 78278 156556 3992178 3
2689 1753 98168 198089 4
2690 56931 1366344 2561895 4
2691 29943 119772 928233 5
2692 40236 804720 965664 4
2693 112256 673536 3704448 2
2694 27514 385196 1513270 4
2695 12622 151464 555368 2
2696 139023 4170690 11955978 3
2697 152047 1824564 2432752 4
2698 92424 462120 2587872 5
2699 18378 110268 955656 1
2700 165174 330348 6111438 4
2701 79907 1278512 3675722 1
2702 74538 2981520 3130596 3
2703 204411 2044110 10424961 5
2704 117781 706686 3062306 1
2705 100182 400728 2504550 5
2706 183391 2200692 12287197 2
2707 107927 2266467 2698175 2
2708 34312 823488 1132296 3
2709 170379 1533411 3237201 3
2710 150546 3010920 6774570 3
2711 131695 1185255 1316950 2
2712 110400 3312000 4526400 3
2713 187025 1870250 8790175 4
2714 18687 130809 616671 5
2715 145397 4652704 6979056 5
2716 60470 181410 1330340 3
2717 193855 3877100 15120690 5
2718 188487 1130922 9047376 3
2719 99618 0 4881282 5
2720 13548 108384 650304 5
2721 155980 2807640 9670760 4
2722 180924 1085544 9950820 5
2723 157343 3146860 9755266 4
2724 100005 400020 5000250 2
2725 78949 1421082 2921113 3
2726 620 3720 27280 4
2727 110598 552990 2986146 4
2728 57268 1030824 3722420 1
2729 104783 2200443 2514792 3
2730 146310 585240 8632290 5
2731 48617 1166808 1652978 5
2732 200645 2809030 12640635 4
2733 37921 1213472 3337048 2
2734 34454 34454 447902 5
2735 62140 869960 2174900 2
2736 41102 1438570 3863588 3
2737 174321 348642 5055309 5
2738 65380 980700 1765260 1
2739 7791 46746 381759 4
2740 20942 209420 942390 3
2741 41818 292726 1589084 3
2742 34722 868050 1874988 4
2743 66236 1059776 3444272 1
2744 93214 1118568 3635346 4
2745 156661 5013152 11592914 5
2746 139532 1674384 4883620 3
2747 80791 80791 565537 1
2748 186540 4476960 10819320 3
2749 147697 886182 4874001 1
2750 105882 529410 847056 1
2751 193059 1544472 11004363 4
2752 98334 2753352 4621698 5
2753 119121 3573630 7742865 4
2754 109252 1529528 6227364 4
2755 43949 351592 1318470 4
2756 187848 2629872 12397968 3
2757 182547 3650940 11135367 5
2758 10281 370116 945852 2
2759 9091 90910 500005 4
2760 33878 846950 1592266 3
2761 21073 210730 1264380 3
2762 82859 1242885 4308668 2
2763 95498 2005458 4106414 4
2764 110499 662994 994491 1
2765 64166 0 2694972 4
2766 151973 3039460 10486137 5
2767 57843 115686 462744 5
2768 66860 1604640 2406960 4
2769 175983 1055898 7215303 2
2770 173471 4163304 6591898 1
2771 199019 1592152 11941140 1
2772 177893 12808296 18678765 5
2773 34862 418344 592654 4
2774 205070 4921680 15175180 1
2775 24031 120155 817054 5
2776 85357 341428 4267850 2
2777 106375 851000 4042250 3
2778 193829 0 7559331 1
2779 87579 262737 5342319 2
2780 95490 3819600 9453510 4
2781 89076 4275648 9085752 3
2782 106517 0 4793265 5
2783 135802 3259248 11135764 2
2784 190289 380578 3425202 1
2785 17631 264465 1216539 4
2786 74681 896172 3435326 5
2787 81086 810860 4054300 2
2788 11149 11149 33447 5
2789 95820 2012220 5174280 1
2790 59666 2088310 5071610 5
2791 116320 1163200 2559040 2
2792 162485 649940 4712065 2
2793 75909 607272 1518180 5
2794 70906 1276308 2410804 2
2795 195282 1366974 9764100 4
2796 121527 1458324 7048566 3
2797 34008 1360320 2890680 1
2798 83544 1253160 1670880 3
2799 24373 511833 1340515 4
2800 175434 175434 4736718 4
2801 13638 95466 450054 1
2802 23198 208782 719138 5
2803 27752 222016 638296 3
2804 62736 376416 3826896 5
2805 181424 544272 4898448 2
2806 154960 619840 2324400 3
2807 33783 675660 1385103 5
2808 124332 1118988 5843604 2
2809 23597 141582 1368626 2
2810 37825 1815600 3744675 2
2811 13407 53628 589908 3
2812 73771 147542 442626 4
2813 135542 1626504 4608428 3
2814 147011 1764132 9261693 5
2815 41019 820380 3199482 4
2816 168726 4049424 5567958 1
2817 184828 369656 9611056 4
2818 117088 1405056 7727808 2
2819 83985 1007820 5039100 4
2820 185803 3344454 13192013 2
2821 9037 180740 406665 4
2822 100732 503660 3727084 5
2823 116546 0 3263288 4
2824 112283 1796528 6287848 3
2825 82674 0 1736154 3
2826 185724 2228688 11143440 5
2827 120160 1201600 6488640 4
2828 111585 1339020 2120115 3
2829 76097 3728753 8218476 1
2830 73646 1325628 3166778 4
2831 109790 1097900 4062230 3
2832 206326 618978 5364476 1
2833 65432 1308640 5103696 3
2834 202565 1620520 9520555 5
2835 196133 2745862 7845320 2
2836 180111 360222 1080666 1
2837 165397 992382 3142543 4
2838 129372 3104928 8926668 3
2839 176665 1413320 1766650 4
2840 160645 2891610 10281280 2
2841 23521 94084 893798 5
2842 165971 1991652 10290202 5
2843 175086 1750860 7353612 4
2844 155631 4980192 9493491 1
2845 194924 1559392 7991884 5
2846 33782 1013460 1385062 4
2847 96380 2313120 4433480 4
2848 56173 224692 1404325 3
2849 51745 1241880 1448860 1
2850 205306 7185710 9033464 3
2851 61913 309565 3838606 4
2852 96238 2694664 4330710 2
2853 190570 1524560 12768190 3
2854 73252 439512 3735852 1
2855 181759 727036 9814986 5
2856 107120 535600 642720 3
2857 16263 81315 260208 1
2858 91574 1373610 3479812 2
2859 83239 1165346 2413931 5
2860 194140 6794900 14560500 4
2861 58808 940928 3940136 1
2862 174434 2790944 5756322 4
2863 111507 5463843 10593165 3
2864 42189 843780 2404773 2
2865 156205 1874460 2343075 5
2866 101252 1215024 3037560 2
2867 152464 1524640 4421456 2
2868 28956 115824 1650492 4
2869 176521 7413882 8826050 1
2870 58743 293715 2467206 1
2871 188116 0 6207828 1
2872 103470 931230 3517980 5
2873 184216 6447560 17132088 1
2874 110174 881392 6390092 1
2875 203750 7335000 8965000 3
2876 204889 1229334 11064006 4
2877 157608 315216 8038008 4
2878 171220 684880 8732220 3
2879 90879 727032 5998014 2
2880 15229 304580 791908 5
2881 154 1386 10164 5
2882 66913 200739 1605912 1
2883 148844 1488440 9972548 1
2884 127583 6123984 10206640 1
2885 26202 419232 655050 3
2886 24950 49900 923150 5
2887 26341 0 395115 3
2888 166952 1335616 2337328 2
2889 78880 1893120 5758240 1
2890 36115 361150 1227910 4
2891 47138 1131312 2875418 2
2892 95108 570648 951080 2
2893 4234 21170 143956 5
2894 13616 163392 953120 3
2895 5869 0 11738 3
2896 144736 5065760 13170976 4
2897 52480 367360 1364480 1
2898 7996 31984 111944 5
2899 184781 4619525 14782480 2
2900 113225 1358700 7472850 5
2901 37574 150296 1615682 3
2902 14610 204540 409080 5
2903 86991 4262559 4610523 3
2904 29539 738475 1240638 2
2905 38263 0 803523 5
2906 140317 561268 3086974 2
2907 96178 2308272 7117172 4
2908 170410 2556150 2896970 5
2909 86363 1036356 5354506 3
2910 73949 1331082 4806685 1
2911 1650 13200 66000 2
2912 153366 0 4140882 5
2913 166578 1499202 3997872 1
2914 36308 217848 2105864 4
2915 115514 924112 5313644 2
2916 22635 0 158445 2
2917 27788 500184 1472764 2
2918 195320 3515760 12891120 4
2919 17779 426696 657823 5
2920 1528 7640 74872 2
2921 16047 192564 818397 4
2922 102245 2862860 5214495 4
2923 31895 893060 956850 2
2924 101023 1616368 7172633 2
2925 47151 235755 1225926 2
2926 110161 1762576 1982898 4
2927 131179 262358 1311790 1
2928 186360 559080 5963520 3
2929 97201 291603 1166412 4
2930 107739 538695 6787557 2
2931 51603 412824 2734959 4
2932 20529 164232 513225 4
2933 74172 222516 1557612 2
2934 119079 3572370 8930925 2
2935 139767 2096505 4193010 2
2936 138590 0 2078850 3
2937 130862 2355516 6150514 3
2938 120566 3858112 10971506 3
2939 96147 0 96147 5
2940 49537 396296 2328239 3
2941 962 28860 33670 5
2942 49779 199116 2887182 4
2943 76708 0 1840992 2
2944 60678 364068 3094578 5
2945 21542 107710 129252 5
2946 83008 166016 1411136 2
2947 171086 513258 4448236 2
2948 135402 947814 2843442 1
2949 179085 1790850 11819610 5
2950 55139 110278 275695 1
2951 162083 1296664 5997071 4
2952 12153 291672 303825 3
2953 112566 0 1913622 3
2954 105259 105259 5789245 4
2955 116950 4210200 5613600 1
2956 55414 0 2493630 1
2957 148847 3125787 4911951 1
2958 129969 1299690 5198760 4
2959 204530 2454360 7976670 1
2960 32669 1306760 1731457 1
2961 21135 338160 1437180 4
2962 21891 153237 218910 2
2963 107500 215000 1075000 3
2964 169824 5434368 13076448 1
2965 73720 442320 2653920 4
2966 11559 69354 404565 2
2967 115150 1727250 5987800 2
2968 44916 269496 2111052 5
2969 181890 363780 2182680 1
2970 151205 2419280 10130735 4
2971 198623 794492 7547674 3
2972 179360 717440 11299680 4
2973 129926 1559112 7665634 3
2974 38108 685944 1333780 2
2975 136845 1094760 4242195 1
2976 74062 444372 4073410 5
2977 206287 3300592 10933211 2
2978 115605 1734075 7514325 3
2979 111154 666924 6113470 3
2980 71094 213282 355470 1
2981 11268 33804 191556 2
2982 57052 684624 3194912 4
2983 195438 0 2149818 2
2984 165973 1327784 1659730 1
2985 34353 1374120 2370357 4
2986 159726 3194520 8305752 5
2987 156318 468954 1094226 1
2988 66835 1336700 5213130 4
2989 17629 70516 581757 3
2990 20446 40892 613380 1
2991 57339 573390 2465577 5
2992 22319 446380 736527 4
2993 112608 900864 1689120 1
2994 7625 244000 510875 5
2995 26852 53704 241668 2
2996 120926 1934816 3144076 1
2997 162555 1950660 10891185 5
2998 149697 598788 4041819 1
2999 49047 1177128 1569504 4
3000 3155 28395 145130 2
3001 152150 2434400 10346200 2
3002 91511 1098132 3385907 3
3003 139530 2232480 9208980 1
3004 108544 434176 5969920 1
3005 134137 1609644 8718905 2
3006 99808 1596928 5289824 3
3007 135005 540020 1620060 3
3008 24512 857920 2230592 2
3009 71689 860268 1648847 3
3010 196470 2947050 5697630 4
3011 40615 852915 1949520 3
3012 194832 1168992 2727648 2
3013 186075 5954400 6698700 2
3014 118051 590255 4131785 3
3015 194995 4094895 7994795 1
3016 116147 1161470 7084967 2
3017 161341 3872184 7744368 1
3018 69874 1676976 4821306 2
3019 87980 263940 4926880 4
3020 7916 189984 498708 1
3021 125786 4025152 4654082 1
3022 170956 1538604 1709560 1
3023 131481 3155544 10912923 4
3024 13491 80946 836442 2
3025 67531 1890868 4997294 2
3026 84569 253707 4482157 4
3027 37396 224376 1944592 4
3028 126439 252878 2275902 5
3029 23807 166649 928473 4
3030 89133 891330 2406591 1
3031 51324 307944 3233412 3
3032 98040 588240 2941200 3
3033 82880 1989120 4475520 4
3034 164659 2305226 4939770 5
3035 72937 291748 4084472 2
3036 112629 450516 6757740 1
3037 25606 76818 1254694 5
3038 94758 1516128 5116932 3
3039 155789 2492624 5764193 1
3040 176799 530397 6364764 3
3041 92347 1108164 6464290 1
3042 194781 1558248 3506058 2
3043 123891 495564 6318441 2
3044 44119 352952 617666 5
3045 202261 1213566 12944704 1
3046 171515 1372120 9604840 2
3047 49988 599856 3449172 5
3048 78919 236757 2446489 3
3049 81876 491256 4503180 4
3050 34042 1634016 2655276 4
3051 28591 114364 314501 1
3052 101006 202012 808048 5
3053 24923 598152 947074 3
3054 187995 2255940 6579825 3
3055 182252 1093512 8383592 3
3056 54786 657432 876576 2
3057 122543 122543 1470516 2
3058 43577 1089425 3224698 1
3059 133755 4012650 6286485 2
3060 65238 1369998 5219040 5
3061 135451 1354510 4605334 2
3062 14706 264708 823536 5
3063 131894 0 5935230 2
3064 72395 1158320 1375505 4
3065 40632 609480 2316024 3
3066 106373 638238 5212277 1
3067 70590 282360 2894190 3
3068 173872 521616 4346800 2
3069 45763 0 411867 2
3070 111040 1332480 3664320 2
3071 2878 20146 181314 5
3072 152464 4573920 8080592 5
3073 112989 338967 6327384 3
3074 149752 1347768 6888592 5
3075 87657 87657 3243309 3
3076 178702 536106 1965722 4
3077 104858 838864 4089462 2
3078 89906 1078872 5214548 5
3079 131148 2622960 7868880 3
3080 185982 2975712 9485082 2
3081 79157 5066048 6411717 5
3082 145499 5092465 7420449 2
3083 109753 1536542 2195060 1
3084 112388 786716 3708804 2
3085 9873 157968 306063 4
3086 196700 4917500 13965700 3
3087 49095 245475 1914705 2
3088 11780 212040 789260 2
3089 140602 843612 5764682 4
3090 24354 73062 730620 2
3091 119625 1196250 3349500 4
3092 138541 277082 7204132 1
3093 21776 108880 914592 1
3094 42270 169080 1437180 3
3095 40289 322312 1168381 5
3096 144514 0 4479934 5
3097 83343 250029 3333720 4
3098 177863 2134356 2490082 5
3099 201485 4835640 7253460 2
3100 128457 1798398 3725253 1
3101 203328 4879872 13419648 3
3102 194866 2338392 11497094 4
3103 38852 815892 1826044 2
3104 179923 5757536 6657151 4
3105 9887 39548 88983 3
3106 88740 354960 2750940 3
3107 21648 21648 389664 4
3108 176580 2118960 3178440 5
3109 17675 424200 724675 5
3110 156252 0 4218804 2
3111 8546 179466 615312 1
3112 11787 70722 188592 3
3113 157929 315858 8844024 2
3114 127872 1534464 6009984 1
3115 136212 1634544 6538176 1
3116 142634 3993752 8130138 2
3117 45766 457660 2654428 3
3118 150936 0 2264040 2
3119 182379 4377096 13496046 5
3120 62641 2192435 4134306 3
3121 12432 372960 745920 5
3122 24036 288432 673008 3
3123 194804 4090884 6623336 5
3124 129539 1943085 8938191 4
3125 124825 1747550 3744750 1
3126 170885 2392390 5126550 4
3127 130707 3921210 10587267 3
3128 179846 2877536 8093070 3
3129 202106 6467392 14349526 5
3130 54823 438584 3563495 2
3131 194631 1557048 7979871 1
3132 72356 868272 5137276 4
3133 32630 228410 1925170 2
3134 23535 353025 1223820 1
3135 12572 0 666316 1
3136 31924 95772 670404 4
3137 22748 159236 909920 5
3138 80549 1208235 5880077 5
3139 1183 3549 13013 3
3140 127780 2683380 8816820 1
3141 115044 345132 4601760 2
3142 162532 1625320 9426856 2
3143 182876 1280132 8960924 3
3144 84769 0 3899374 3
3145 191106 764424 1719954 2
3146 19530 0 507780 4
3147 80273 2809555 5057199 3
3148 48583 971660 2963563 3
3149 32158 257264 1543584 5
3150 96358 4047036 9346726 1
3151 86759 1561662 1735180 4
3152 116263 813841 5115572 2
3153 195972 783888 2547636 1
3154 29883 478128 747075 4
3155 43559 43559 827621 1
3156 46711 186844 747376 4
3157 198083 1584664 9706067 5
3158 1493 5972 31353 1
3159 34982 0 384802 5
3160 180260 901300 9013000 1
3161 138640 4159200 6654720 5
3162 54761 0 109522 2
3163 204456 613368 3271296 5
3164 70587 988218 2329371 3
3165 54528 1090560 3762432 2
3166 145070 870420 4497170 2
3167 50535 101070 1667655 4
3168 137649 2064735 10048377 5
3169 189907 7976094 10634792 2
3170 112288 5502112 10555072 2
3171 17639 423336 917228 5
3172 160186 4004650 12975066 1
3173 3704 0 166680 3
3174 104935 1469090 6715840 4
3175 112139 0 224278 5
3176 14173 283460 1048802 2
3177 79345 1586900 5792185 4
3178 188551 1131306 4525224 1
3179 111012 666072 5661612 3
3180 179623 718492 2514722 3
3181 138085 552340 7732760 1
3182 100526 1809468 4121566 5
3183 47527 285162 1093121 4
3184 121022 968176 6898254 4
3185 46046 0 874874 4
3186 147421 1179368 6928787 4
3187 66625 932750 2065375 2
3188 42066 1177848 2818422 4
3189 24390 121950 414630 2
3190 179061 0 6804318 1
3191 116088 1044792 4295256 4
3192 120378 1444536 1685292 1
3193 76472 152944 1376496 2
3194 161611 323222 1616110 5
3195 6935 173375 249660 3
3196 61336 306680 2024088 5
3197 43707 87414 1879401 5
3198 158463 3803112 11250873 3
3199 129178 129178 4133696 5
3200 114713 2753112 7112206 5
3201 134466 4706310 4840776 1
3202 94291 1508656 1791529 4
3203 115689 115689 5437383 5
3204 26450 211600 476100 2
3205 4501 90020 162036 1
3206 74442 1042188 5210940 3
3207 188612 1508896 4715300 3
3208 101431 405724 3854378 4
3209 197838 7913520 11276766 3
3210 13818 193452 925806 1
3211 4984 104664 174440 3
3212 50152 150456 1404256 3
3213 118501 0 237002 1
3214 4689 112536 351675 5
3215 113940 3190320 5810940 4
3216 139331 1253979 2507958 5
3217 58550 936800 1112450 5
3218 98189 589134 4811261 2
3219 95046 1140552 5702760 1
3220 144782 579128 2316512 5
3221 113926 1708890 7177338 5
3222 177353 2482942 8335591 4
3223 29694 59388 1573782 5
3224 13292 279132 797520 1
3225 157438 2361570 9603718 3
3226 96636 966360 3092352 5
3227 167946 1007676 10748544 2
3228 124629 872403 3115725 2
3229 181522 4538050 6353270 4
3230 77007 1848168 4081371 1
3231 190668 1525344 2097348 5
3232 100258 401032 4010320 3
3233 117358 1408296 4342246 2
3234 184161 736644 4235703 2
3235 124645 3988640 5110445 4
3236 57954 0 811356 3
3237 136049 1360490 8843185 5
3238 14203 28406 426090 5
3239 76822 1843728 4532498 1
3240 4213 8426 139029 1
3241 200868 1205208 1606944 2
3242 164030 2624480 12138220 4
3243 203200 1625600 7518400 3
3244 19958 598740 798320 4
3245 186432 372864 7643712 2
3246 25833 464994 1601646 1
3247 25598 0 691146 3
3248 127912 1279120 5244392 4
3249 140351 561404 3508775 5
3250 49121 1178904 3291107 1
3251 15415 369960 894070 5
3252 71379 1142064 1427580 1
3253 151257 1815084 4991481 1
3254 40146 1405110 2850366 3
3255 90573 634011 5887245 2
3256 44701 268206 759917 4
3257 45803 732848 916060 4
3258 27750 83250 1443000 1
3259 92880 371520 743040 3
3260 5122 122928 261222 3
3261 189689 1517512 11191651 2
3262 19498 623936 935904 5
3263 92662 370648 1667916 5
3264 103612 1243344 3004748 4
3265 186295 1117770 5588850 5
3266 130275 1172475 3908250 3
3267 165698 2651168 6793618 2
3268 115934 115934 6956040 3
3269 7465 74650 246345 4
3270 151070 1812840 5891730 2
3271 183512 2202144 12111792 5
3272 99148 495740 1090628 5
3273 21625 756875 865000 5
3274 58924 235696 2298036 3
3275 62905 251620 3333965 2
3276 14841 178092 712368 3
3277 24561 589464 1645587 3
3278 58834 235336 1882688 4
3279 41518 996432 1868310 5
3280 163307 5225824 5715745 3
3281 202575 0 11951925 2
3282 100842 2420208 5142942 3
3283 167888 1343104 9401728 1
3284 201716 806864 2420592 3
3285 81860 2292080 4093000 3
3286 53721 107442 1987677 2
3287 132399 264798 5693157 2
3288 60658 1273818 4852640 1
3289 172657 6215652 9841449 4
3290 160945 2414175 7242525 4
3291 20332 0 752284 5
3292 28570 1199940 2457020 3
3293 33681 471534 1010430 4
3294 38747 774940 1549880 2
3295 83989 2687648 7559010 1
3296 75008 900096 1650176 2
3297 75748 1893700 2802676 1
3298 204714 1228284 10849842 2
3299 21823 611044 1418495 4
3300 180251 360502 540753 1
3301 153433 1227464 7671650 4
3302 56467 338802 3218619 3
3303 12722 508880 610656 2
3304 39532 474384 1778940 2
3305 190259 761036 3424662 4
3306 164806 1483254 6427434 5
3307 73861 1181776 3914633 5
3308 52334 2512032 3715714 2
3309 38432 307456 1614144 2
3310 96690 1450350 5704710 4
3311 59870 419090 898050 2
3312 71765 1148240 2152950 1
3313 110427 1987686 4085799 1
3314 117437 469748 3170799 2
3315 67274 201822 3834618 2
3316 202007 1010035 11716406 2
3317 19374 193740 910578 4
3318 29803 29803 536454 5
3319 89180 267540 4280640 4
3320 42905 128715 1759105 5
3321 41316 1156848 1570008 2
3322 23885 0 477700 3
3323 57978 1159560 1797318 2
3324 99133 1784394 1982660 1
3325 120729 3621870 9658320 1
3326 117018 3510540 8542314 3
3327 41214 164856 2555268 2
3328 179130 1074780 4119990 3
3329 9477 132678 170586 4
3330 152633 1526330 8089549 1
3331 191134 0 1720206 3
3332 44756 1566460 4072796 2
3333 124303 2237454 5345029 4
3334 98193 0 4516878 3
3335 107809 4312360 7438821 1
3336 203504 6105120 13431264 3
3337 1402 22432 42060 5
3338 95002 380008 4845102 5
3339 48276 1158624 2944836 4
3340 30403 182418 334433 1
3341 181341 544023 7616322 5
3342 170302 5109060 8515100 3
3343 187069 4489656 13843106 5
3344 201094 3217504 9049230 1
3345 94932 3037824 4556736 5
3346 3996 19980 87912 1
3347 110095 880760 6825890 4
3348 78116 1093624 4452612 1
3349 159955 3838920 9917210 4
3350 193633 580899 8326219 4
3351 26095 1252560 1304750 5
3352 197161 1182966 5126186 2
3353 86677 1560186 5807359 1
3354 144057 3457368 6338508 4
3355 42427 1187956 1994069 2
3356 104164 520820 5937348 5
3357 44397 710352 1997865 2
3358 22761 455220 910440 2
3359 54184 650208 2871752 2
3360 108637 0 1086370 3
3361 170336 1362688 2555040 5
3362 170127 4083048 4423302 5
3363 102902 1029020 1131922 1
3364 98285 2358840 7764515 4
3365 102213 3679668 6746058 3
3366 107146 857168 3107234 4
3367 51461 205844 2984738 2
3368 197708 0 9094568 2
3369 4575 32025 237900 3
3370 16925 33850 829325 2
3371 125131 375393 6506812 5
3372 19432 174888 874440 4
3373 2474 22266 168232 4
3374 199830 0 7993200 2
3375 76195 914340 1371510 5
3376 61879 556911 4022135 2
3377 205469 4109380 10273450 5
3378 130298 8339072 9381456 4
3379 188898 6044736 10956084 2
3380 35736 500304 1000608 2
3381 137909 2206544 5378451 4
3382 120294 3368232 4571172 1
3383 67129 201387 2685160 3
3384 3113 49808 133859 4
3385 195992 1175952 8231664 3
3386 147676 590704 7383800 1
3387 69563 486941 2852083 1
3388 167280 0 8531280 5
3389 60360 301800 3380160 3
3390 104119 3123570 9058353 4
3391 195357 195357 2344284 3
3392 12197 24394 439092 5
3393 17364 34728 468828 4
3394 55324 995832 2544904 2
3395 135037 405111 540148 5
3396 121329 242658 6794424 2
3397 121245 1818675 7032210 3
3398 76316 76316 1221056 5
3399 27440 246960 1042720 5
3400 96711 3868440 9380967 5
3401 107899 1618485 5179152 2
3402 100145 100145 500725 2
3403 69355 277420 4230655 3
3404 183541 550623 4037902 3
3405 107348 214696 4830660 5
3406 41731 500772 2462129 1
3407 8135 162700 545045 5
3408 37666 451992 903984 1
3409 200927 2411124 12658401 3
3410 129085 0 1161765 2
3411 116588 1399056 7345044 3
3412 47552 855936 2615360 4
3413 133530 3204720 5074140 1
3414 76552 1837248 4057256 3
3415 153035 918210 1836420 1
3416 98953 296859 2572778 4
3417 55216 828240 1380400 5
3418 55763 669156 2063231 2
3419 146516 732580 4395480 4
3420 180962 2895392 11581568 5
3421 15877 222278 952620 1
3422 189854 2278248 8923138 5
3423 124880 1998080 2247840 1
3424 130472 4175104 10829176 1
3425 83592 668736 4430376 3
3426 98008 2940240 3920320 3
3427 70414 1689936 5069808 4
3428 118694 712164 2967350 4
3429 82634 330536 4958040 3
3430 30513 457695 1312059 2
3431 121739 1095651 1460868 3
3432 150008 4200224 7650408 2
3433 109837 3844295 4503317 1
3434 157136 942816 5342624 4
3435 70452 2113560 4156668 3
3436 158356 950136 7601088 3
3437 205958 4942992 16682598 5
3438 80144 1923456 4407920 5
3439 85411 1281165 4526783 3
3440 122771 491084 3805901 5
3441 14626 526536 848308 3
3442 174819 2097828 7517217 2
3443 12863 231534 656013 1
3444 113727 227454 1478451 1
3445 14429 505015 952314 2
3446 149503 6279126 12857258 5
3447 162247 5840892 13142007 2
3448 144456 2600208 3322488 2
3449 197892 3562056 9696708 3
3450 26232 78696 262320 4
3451 70207 351035 1825382 5
3452 37187 780927 2900586 4
3453 30713 92139 522121 4
3454 50160 0 802560 1
3455 132809 1328090 9031012 2
3456 189358 7953036 17042220 4
3457 55323 663876 1936305 2
3458 176539 4236936 7414638 4
3459 38345 38345 1380420 2
3460 146137 0 730685 5
3461 144368 1154944 4619776 3
3462 5436 32616 81540 3
3463 18391 220692 1085069 5
3464 57057 399399 3138135 2
3465 37067 444804 518938 3
3466 13122 275562 433026 3
3467 5565 100170 306075 1
3468 190710 2288520 10870470 2
3469 92763 556578 5751306 2
3470 46895 656530 3001280 5
3471 106122 5942832 7746906 4
3472 22623 180984 1447872 5
3473 57110 856650 1142200 4
3474 84556 2029344 2198456 4
3475 187264 374528 8239616 1
3476 203139 5687892 8125560 4
3477 28530 570600 884430 2
3478 83890 1006680 3103930 1
3479 14047 56188 98329 3
3480 25985 155910 831520 3
3481 161360 3872640 6777120 5
3482 182451 729804 5838432 2
3483 27004 432064 513076 1
3484 117494 4112290 8224580 1
3485 152836 0 6571948 3
3486 40829 0 408290 4
3487 75976 911712 4102704 5
3488 187483 2249796 5624490 5
3489 29281 87843 1581174 3
3490 120870 2175660 5560020 3
3491 56063 392441 2803150 1
3492 129981 6239088 13777986 3
3493 91425 2194200 2468475 5
3494 172807 0 5529824 1
3495 38532 1155960 2966964 4
3496 40933 81866 2005717 5
3497 120803 724818 4711317 3
3498 80390 0 4260670 3
3499 118144 2835456 7679360 3
3500 153053 1224424 8724021 2
