0001 161453 807265 5973761 4
0002 90600 1087200 4439400 1
0003 19668 157344 354024 4
0004 86977 4261873 8697700 1
0005 16255 195060 357610 1
0006 123257 616285 2218626 4
0007 156269 312538 4688070 5
0008 135458 1625496 5553778 1
0009 91769 2753070 6790906 4
0010 67952 951328 1698800 1
0011 77239 154478 2703365 5
0012 140586 421758 6326370 2
0013 84016 672128 2016384 3
0014 23390 140340 935600 4
0015 116283 813981 1627962 3
0016 44691 446910 2770842 3
0017 148505 1782060 9652825 1
0018 29753 952096 1041355 3
0019 98566 3449810 5322564 5
0020 3165 75960 189900 5
0021 74413 892956 4613606 3
0022 66958 1874824 5356640 1
0023 154017 1848204 6160680 3
0024 31891 478365 1594550 5
0025 80977 728793 971724 2
0026 140442 2808840 5336796 4
0027 73102 1023428 4678528 1
0028 105724 4228960 7083508 2
0029 64033 512264 3201650 2
0030 17916 53748 232908 2
0031 120276 962208 1323036 2
0032 153955 307910 5080515 1
0033 2336 56064 81760 3
0034 75627 3025080 3176334 2
0035 136787 273574 4240397 4
0036 154893 464679 3097860 4
0037 40847 490164 1307104 2
0038 142725 3996300 5138100 1
0039 55466 665592 2495970 4
0040 121882 1462584 5362808 2
0041 130991 1309910 4584685 1
0042 105835 529175 5926760 4
0043 54521 654252 2780571 4
0044 71232 569856 712320 5
0045 46049 276294 1703813 2
0046 65420 588780 2158860 4
0047 91791 1835820 6058206 2
0048 151131 1209048 7405419 4
0049 154489 617956 2471824 1
0050 109899 0 1758384 1
0051 126127 0 3405429 2
0052 159545 1914540 5584075 5
0053 85504 769536 3078144 4
0054 104221 1667536 3856177 4
0055 6000 240000 408000 3
0056 108508 217016 5967940 2
0057 155887 1870644 5611932 5
0058 82736 330944 661888 3
0059 56994 0 398958 5
0060 48834 1172016 2295198 4
0061 127678 3191950 7660680 4
0062 70414 281656 4013598 5
0063 96245 384980 2791105 4
0064 138619 0 1247571 1
0065 80958 1942992 5019396 2
0066 4906 19624 98120 3
0067 31013 0 1023429 3
0068 77800 389000 4434600 2
0069 133420 1601040 6537580 1
0070 147883 2661894 5175905 1
0071 61759 0 926385 5
0072 106162 1273944 4140318 5
0073 18915 378300 453960 1
0074 42335 338680 381015 2
0075 59888 359328 3593280 5
0076 78020 0 2418620 4
0077 108615 2715375 6734130 3
0078 56151 1572228 3032154 3
0079 126799 1014392 3677171 1
0080 132015 3168360 9241050 5
0081 116519 4893798 5243355 2
0082 25966 155796 830912 5
0083 142131 1989834 7106550 3
0084 36703 1027684 2348992 1
0085 68047 136094 2109457 3
0086 121203 1939248 4120902 5
0087 93086 930860 5585160 3
0088 117646 941168 4470548 3
0089 49491 1583712 3167424 3
0090 36331 217986 472303 3
0091 64076 64076 3075648 3
0092 13312 0 146432 4
0093 31751 762024 984281 3
0094 1661 66440 131219 4
0095 69554 1460634 2851714 1
0096 122505 122505 3307635 2
0097 120031 2880744 7201860 2
0098 141289 2119335 2401913 2
0099 38530 308240 1618260 2
0100 105097 3152910 4624268 5
0101 64218 64218 128436 3
0102 137593 550372 5366127 1
0103 24113 217017 1253876 2
0104 108820 652920 4788080 1
0105 133043 2394774 8913881 5
0106 16781 151029 839050 1
0107 149699 2245485 8083746 5
0108 27283 436528 763924 5
0109 155692 1245536 2179688 4
0110 2326 27912 144212 5
0111 117689 706134 6002139 2
0112 68508 822096 3973464 1
0113 149613 3590712 7929489 3
0114 160678 7873222 15103732 2
0115 141348 3957744 9328968 5
0116 80417 482502 4583769 5
0117 37545 788445 2215155 3
0118 149042 1192336 9091562 4
0119 64278 1349838 4435182 1
0120 140071 2241136 9804970 2
0121 136766 820596 1094128 2
0122 11081 33243 254863 2
0123 23289 652092 954849 5
0124 101861 509305 3565135 3
0125 115101 1381212 3107727 3
0126 104005 1664080 4160200 2
0127 83833 167666 1257495 5
0128 75145 300580 2554930 4
0129 12495 699720 1062075 3
0130 53790 753060 968220 1
0131 18368 146944 679616 1
0132 143412 1434120 5019420 4
0133 24913 49826 921781 1
0134 26038 312456 676988 2
0135 124122 2978928 6330222 1
0136 86616 1385856 1818936 3
0137 93980 939800 4699000 2
0138 97335 2920050 4672080 4
0139 109987 2639688 3629571 2
0140 117669 1882704 4471422 4
0141 116609 2798616 3964706 1
0142 55207 662484 1269761 5
0143 61156 1100808 1773524 1
0144 35195 281560 1267020 5
0145 84773 1017276 5340699 2
0146 47017 564204 2774003 1
0147 121412 607060 1821180 2
0148 99079 1188948 1981580 5
0149 50340 1208160 3423120 1
0150 74824 598592 2768488 3
0151 107314 1609710 7082724 3
0152 59948 839272 3057348 4
0153 70631 565048 2542716 4
0154 13306 26612 598770 5
0155 101655 1016550 2134755 5
0156 73237 585896 732370 3
0157 118151 2835624 8152419 4
0158 132475 1589700 5166525 1
0159 134565 672825 2018475 4
0160 34983 279864 1189422 2
0161 36297 217782 1923741 4
0162 132138 1321380 8324694 3
0163 60425 120850 2839975 2
0164 52827 264135 1954599 1
0165 48272 386176 1592976 1
0166 72262 1517502 4191196 1
0167 160421 5133472 8983576 4
0168 22220 933240 2044240 2
0169 48495 775920 1503345 4
0170 96978 678846 3976098 1
0171 21340 384120 448140 1
0172 82363 1647260 2965068 1
0173 60926 731112 1096668 5
0174 77691 4350696 8312937 5
0175 107933 863464 6583913 3
0176 110580 2653920 8404080 3
0177 107909 3453088 5611268 3
0178 33951 237657 1867305 2
0179 139893 0 5176041 5
0180 8975 17950 484650 4
0181 134972 0 5263908 3
0182 138297 1659564 4010613 2
0183 127913 127913 383739 1
0184 103513 4968624 8281040 4
0185 55240 2209600 2872480 2
0186 139925 139925 2938425 2
0187 132811 5312440 10624880 1
0188 125311 501244 2255598 5
0189 157432 2518912 2991208 3
0190 3172 111020 256932 1
0191 161031 805155 3542682 1
0192 84961 1189454 2973635 4
0193 136892 2737840 3285408 4
0194 131936 527744 6596800 5
0195 69489 833868 2571093 5
0196 103039 1854702 5254989 4
0197 156185 2811330 9214915 1
0198 147296 589184 4124288 5
0199 47783 716745 2819197 2
0200 98172 392688 2061612 5
0201 147049 882294 6470156 2
0202 23800 357000 952000 1
0203 14507 464224 928448 4
0204 128611 514444 5401662 2
0205 78555 2513760 6441510 2
0206 144537 722685 6215091 3
0207 102471 1537065 1742007 4
0208 85660 342640 2484140 3
0209 85852 686816 2918968 1
0210 91851 367404 1194063 4
0211 209 2508 12958 3
0212 97058 291174 3494088 2
0213 2668 2668 114724 5
0214 99420 397680 1391880 1
0215 19047 38094 628551 4
0216 87045 1305675 5222700 2
0217 149913 1798956 7795476 4
0218 151257 1361313 8772906 4
0219 36918 664524 738360 4
0220 95298 1524768 2668344 2
0221 34909 139636 209454 1
0222 86106 3444240 4391406 4
0223 65661 525288 2166813 4
0224 1251 10008 27522 4
0225 51769 414152 1967222 1
0226 91516 274548 1830320 3
0227 113871 797097 1708065 4
0228 116450 1397400 7103450 3
0229 101289 202578 2127069 2
0230 149650 897900 2394400 1
0231 44429 933009 2265879 3
0232 118863 2139534 7963821 3
0233 33588 67176 839700 5
0234 153174 3676176 10262658 4
0235 92179 368716 4608950 5
0236 56102 1963570 3085610 1
0237 72916 1020824 2843724 4
0238 46948 140844 1690128 5
0239 149337 4778784 9856242 3
0240 88539 0 3630099 5
0241 116214 697284 2208066 5
0242 3152 0 22064 2
0243 17801 213612 729841 3
0244 1240 14880 42160 1
0245 108716 108716 2500468 4
0246 85750 514500 3858750 1
0247 63868 1277360 2682456 3
0248 12620 50480 416460 4
0249 99723 199446 5285319 2
0250 114262 2399502 3199336 2
0251 59575 595750 2859600 2
0252 84615 507690 2030760 2
0253 113654 227308 454616 2
0254 74965 1799160 2773705 1
0255 94078 188156 2069716 5
0256 47415 284490 1043130 3
0257 32105 963150 1573145 4
0258 69289 415734 3395161 3
0259 76777 767770 1842648 5
0260 68345 956830 1366900 4
0261 35020 560320 1155660 4
0262 134845 3236280 7416475 1
0263 10344 124128 548232 5
0264 127226 6106848 11450340 1
0265 112195 2243900 7629260 2
0266 114498 915984 3091446 1
0267 136035 3264840 8434170 4
0268 63134 1325814 3851174 3
0269 31168 374016 1122048 3
0270 102771 1849878 2260962 1
0271 125966 503864 2771252 5
0272 25238 50476 277618 1
0273 72033 1008462 4826211 2
0274 113729 2729496 8529675 1
0275 119981 479924 1799715 3
0276 49302 1232550 2514402 4
0277 6928 48496 235552 3
0278 21937 219370 241307 1
0279 93051 1116612 3815091 5
0280 93577 1403655 1871540 1
0281 50245 1055145 2763475 1
0282 46615 186460 2377365 2
0283 42316 169264 2031168 2
0284 115720 2430120 4860240 2
0285 45855 320985 1008810 1
0286 23173 69519 1019612 3
0287 120705 3017625 8570055 4
0288 103609 414436 3211879 2
0289 70019 1120304 3851045 4
0290 155242 1241936 6830648 3
0291 17026 34052 323494 5
0292 9716 77728 301196 1
0293 113634 2386314 6818040 4
0294 99953 399812 2398872 5
0295 90888 545328 2181312 4
0296 39475 1263200 1736900 2
0297 28761 345132 1265484 1
0298 157788 2840184 8993916 2
0299 45173 542076 677595 4
0300 23050 230500 1060300 5
0301 49820 348740 2491000 5
0302 46670 0 933400 3
0303 63007 504056 3402378 5
0304 74422 223266 3274568 4
0305 143219 1145752 3294037 4
0306 76792 1612632 4607520 3
0307 124774 1497288 2370706 3
0308 25687 102748 590801 2
0309 143946 575784 1583406 3
0310 37620 451440 1730520 5
0311 136024 1904336 9249632 4
0312 98645 1775610 2663415 4
0313 13444 322656 336100 5
0314 146702 2053828 3814252 5
0315 161080 6443200 11275600 5
0316 76026 456156 1748598 2
0317 91284 2738520 5750892 3
0318 80572 2578304 2739448 5
0319 11044 88352 342364 4
0320 4473 13419 89460 1
0321 127406 3057744 6115488 4
0322 24696 296352 1185408 4
0323 35872 573952 2116448 2
0324 104143 208286 3332576 1
0325 3470 86750 253310 5
0326 88196 2645880 3616036 5
0327 47039 2304911 4750939 2
0328 104757 1676112 4295037 5
0329 156 1092 4056 3
0330 8614 129210 422086 2
0331 33929 475006 2069669 5
0332 138566 2217056 4434112 5
0333 57351 229404 2638146 5
0334 56606 2377452 5037934 5
0335 130089 1300890 6894717 4
0336 145692 5827680 11509668 2
0337 10271 123252 421111 5
0338 31943 1118005 2587383 5
0339 145210 2032940 9729070 1
0340 49951 0 1748285 5
0341 23231 557544 1231243 3
0342 117101 468404 6557656 2
0343 76958 307832 1770034 3
0344 56177 56177 617947 3
0345 130222 390666 6380878 2
0346 109062 0 4580604 2
0347 103015 0 1442210 3
0348 109516 985644 3285480 5
0349 23233 232330 1231349 2
0350 72994 583952 3430718 5
0351 63671 509368 2610511 1
0352 56762 567620 1929908 1
0353 19638 0 726606 3
0354 130983 1964745 3405558 2
0355 49827 996540 1046367 2
0356 37865 908760 1817520 3
0357 139479 4881765 10460925 4
0358 11922 47688 393426 2
0359 125840 7047040 9186320 2
0360 116965 0 5965215 3
0361 79002 474012 1343034 5
0362 12101 338828 786565 5
0363 19708 630656 847444 1
0364 26070 0 1147080 3
0365 16170 679140 1471470 3
0366 9179 55074 330444 5
0367 93733 1124796 3280655 1
0368 104675 2093500 2407525 5
0369 104752 1257024 1466528 3
0370 41570 872970 1787510 2
0371 81623 163246 1387591 2
0372 84556 676448 1437452 2
0373 11548 161672 450372 3
0374 76619 689571 4750378 3
0375 84617 1776957 2876978 5
0376 10399 0 488753 2
0377 23283 46566 302679 5
0378 67095 805140 872235 5
0379 23015 92060 874570 3
0380 118273 354819 5677104 3
0381 156903 2510448 9414180 1
0382 152882 458646 1681702 5
0383 72494 869928 1377386 4
0384 14138 113104 311036 3
0385 80040 1200600 5122560 3
0386 48000 720000 1632000 4
0387 102341 204682 3684276 4
0388 26844 187908 483192 3
0389 39150 939600 2818800 2
0390 26917 161502 457589 3
0391 4984 4984 29904 3
0392 20204 363672 1333464 1
0393 42551 255306 1148877 3
0394 64242 128484 1349082 4
0395 62586 312930 1940166 5
0396 62102 1738856 4222936 3
0397 37051 74102 1482040 5
0398 75068 2101904 4504080 2
0399 141947 283894 3548675 3
0400 15132 272376 892788 5
0401 97750 879750 4594250 1
0402 12873 25746 244587 5
0403 159004 636016 7155180 4
0404 99956 99956 2598856 2
0405 63211 1327431 3097339 3
0406 85674 856740 1285110 3
0407 5389 53890 210171 1
0408 157166 1571660 6758138 3
0409 117129 1639806 4216644 1
0410 143509 2870180 5309833 4
0411 67041 2413476 2480517 3
0412 161970 0 4373190 5
0413 86474 1556532 6053180 2
0414 119252 1788780 2146536 3
0415 39427 630832 946248 5
0416 73037 876444 3870961 4
0417 103070 5771920 6699550 1
0418 75563 2644705 6498418 5
0419 79300 1665300 3885700 3
0420 160428 1283424 2566848 5
0421 70118 2103540 2524248 3
0422 31520 126080 724960 4
0423 124383 373149 1368213 2
0424 97719 7035768 8892429 3
0425 48623 194492 1750428 1
0426 106964 1283568 5562128 3
0427 120143 1201430 2523003 2
0428 17492 437300 454792 5
0429 5650 226000 519800 5
0430 78312 5638464 6343272 4
0431 135482 2709640 8399884 2
0432 4436 141952 363752 1
0433 145153 1451530 3193366 1
0434 120225 1082025 6732600 3
0435 118390 1183900 3788480 1
0436 90406 813654 2712180 2
0437 132633 795798 7162182 4
0438 40556 243336 1216680 2
0439 135419 812514 4739665 4
0440 62742 501936 941130 1
0441 10385 20770 62310 2
0442 126214 3533992 9592264 1
0443 75556 906672 3248908 2
0444 10498 125976 367430 1
0445 143475 1434750 8895450 3
0446 86162 1723240 5686692 3
0447 119391 1910256 6088941 1
0448 118938 1427256 6779466 5
0449 108028 1944504 4105064 5
0450 82684 1240260 5622512 3
0451 107276 1287312 6972940 4
0452 101183 202366 303549 4
0453 72094 865128 1658162 2
0454 99471 795768 4476195 1
0455 52636 1894896 2315984 5
0456 159716 638864 8784380 5
0457 71193 1281474 3773229 5
0458 86806 173612 4166688 5
0459 139760 2096400 8245840 3
0460 71266 142532 213798 1
0461 124923 249846 4622151 1
0462 92931 1951551 2509137 5
0463 148084 1184672 5331024 1
0464 23120 92480 601120 3
0465 146907 1469070 6904629 1
0466 44909 1347270 2784358 2
0467 55703 0 1893902 2
0468 67324 0 605916 3
0469 8123 194952 381781 3
0470 143630 3447120 5745200 4
0471 40579 121737 2110108 2
0472 42628 426280 1023072 5
0473 40063 1201890 1322079 4
0474 85342 2730944 3499022 1
0475 8072 121080 169512 3
0476 68428 136856 2600264 4
0477 45984 551808 2391168 5
0478 85701 685608 4456452 5
0479 115680 2313600 5321280 5
0480 82831 579817 3230409 2
0481 93382 1400730 2427932 4
0482 85305 1364880 2473845 3
0483 105639 1901502 7394730 3
0484 77307 2164596 3865350 4
0485 161107 3866568 6927601 2
0486 111218 889744 4115066 2
0487 62847 251388 2702421 5
0488 11691 105219 502713 2
0489 39330 550620 1297890 1
0490 97862 195724 2348688 3
0491 67797 610173 2033910 3
0492 155482 2487712 3265122 1
0493 74756 448536 897072 5
0494 14768 59072 147680 4
0495 144027 2592486 10369944 3
0496 151805 1214440 8349275 3
0497 64263 257052 3148887 3
0498 107949 431796 3886164 2
0499 70002 1680048 3570102 5
0500 138822 3887016 11244582 5
0501 108286 324858 5306014 5
0502 125218 3506104 9641786 5
0503 3079 64659 169345 1
0504 32859 197154 1675809 5
0505 135633 271266 6510384 1
0506 11531 0 184496 5
0507 147110 882660 4560410 3
0508 63623 3053904 5598824 5
0509 108890 4573380 4900050 1
0510 102931 1646896 5043619 4
0511 79283 1427094 1823509 3
0512 56352 0 338112 1
0513 105809 2539416 6454349 2
0514 7700 69300 200200 2
0515 40456 161824 1092312 2
0516 160727 1928724 4821810 4
0517 77850 0 1012050 3
0518 52803 844848 2006514 2
0519 7091 141820 340368 3
0520 63332 1519968 1646632 2
0521 33192 331920 398304 4
0522 8094 202350 307572 5
0523 14807 444210 621894 3
0524 109015 1308180 5559765 5
0525 159624 3830976 5267592 2
0526 63556 2033792 4258252 5
0527 92750 2782500 3617250 4
0528 144400 1010800 2454800 2
0529 136091 816546 8165460 4
0530 123552 988416 3953664 4
0531 135820 4074600 10186500 4
0532 25502 382530 1045582 5
0533 125498 3764940 7027888 3
0534 144874 2317984 8692440 1
0535 119268 0 1311948 2
0536 55901 279505 1397525 2
0537 141587 3964436 5663480 2
0538 18809 169281 470225 2
0539 21158 0 1036742 3
0540 123403 1234030 5676538 5
0541 154081 616324 4314268 3
0542 143961 1295649 7773894 4
0543 85058 2551740 4337958 1
0544 110943 1331316 3661119 1
0545 125350 3008400 4512600 4
0546 59443 713316 2080505 1
0547 87057 1044684 3395223 2
0548 50171 401368 2257695 3
0549 29330 117320 1261190 1
0550 119448 1433376 5733504 1
0551 151701 2730618 5461236 5
0552 34055 272440 408660 2
0553 104004 1664064 2912112 2
0554 547 16410 43213 1
0555 29416 529488 1206056 4
0556 77475 4338600 5268300 3
0557 149550 3738750 4037850 1
0558 109398 546990 2844348 2
0559 95035 570210 4086505 5
0560 34992 1469664 3289248 1
0561 143720 2012080 2586960 5
0562 19849 158792 555772 1
0563 139924 1259316 4757416 5
0564 79848 1916352 3353616 5
0565 86928 869280 2955552 3
0566 142206 1706472 8105742 4
0567 17287 207444 1071794 2
0568 149165 2237475 6861590 1
0569 118437 2842488 4026858 2
0570 109297 1748752 4153286 5
0571 9879 79032 434676 3
0572 146416 3074736 6735136 1
0573 46136 92272 1107264 3
0574 61366 920490 2577372 5
0575 26331 421296 789930 5
0576 75967 1063538 4178185 4
0577 10388 41552 155820 2
0578 108895 2613480 7187070 2
0579 62068 931020 3972352 1
0580 35017 350170 910442 2
0581 137920 4413440 8413120 1
0582 62947 1888410 4154502 2
0583 140598 6748704 9982458 2
0584 149662 897972 5836818 4
0585 45705 685575 1828200 3
0586 50681 2432688 3801075 5
0587 25956 51912 1142064 5
0588 147785 4433550 9162670 2
0589 107046 2140920 2247966 5
0590 132332 132332 3043636 1
0591 116613 1399356 5014359 1
0592 24138 96552 772416 5
0593 112093 672558 2353953 4
0594 40974 245844 1761882 3
0595 39252 471024 1138308 2
0596 8665 242620 563225 2
0597 10070 30210 130910 3
0598 100177 801416 4708319 3
0599 98437 1378118 4626539 5
0600 18920 37840 889240 2
0601 103734 1556010 6950178 3
0602 116603 932824 1515839 5
0603 26134 130670 653350 1
0604 128648 1286480 1672424 3
0605 102623 2462952 2668198 1
0606 160556 4816680 4977236 5
0607 74828 897936 3965884 1
0608 52540 1260960 1786360 2
0609 152750 1069250 4582500 5
0610 80737 322948 968844 4
0611 9132 54792 420072 3
0612 150787 1809444 4372823 2
0613 88232 1058784 2117568 5
0614 28934 0 144670 1
0615 63421 507368 634210 1
0616 152862 1528620 9783168 4
0617 146497 1171976 3369431 2
0618 49130 1572160 2751280 3
0619 97516 390064 5558412 4
0620 61862 927930 2412618 4
0621 161442 2583072 5327586 4
0622 156923 0 7061535 5
0623 149156 1491560 7606956 3
0624 50738 1522140 3754612 3
0625 60400 362400 1812000 1
0626 72521 4061176 5439075 4
0627 68057 2858394 5240389 2
0628 81106 648848 3000922 4
0629 60853 486824 3042650 1
0630 20598 432558 1277076 4
0631 146717 2347472 5428529 4
0632 4365 78570 248805 5
0633 51980 311880 467820 2
0634 62475 62475 874650 3
0635 127398 2293164 3821940 2
0636 42818 1027632 3040078 4
0637 58219 815066 3784235 2
0638 94463 1416945 6045632 3
0639 76055 912660 2509815 2
0640 126521 3795630 5693445 5
0641 54154 649848 1678774 5
0642 11743 411005 810267 3
0643 109058 1308696 4362320 5
0644 64790 129580 907060 1
0645 92691 370764 2409966 1
0646 114484 228968 915872 5
0647 132840 3188160 4782240 1
0648 33637 0 1816398 4
0649 82838 1325408 5632984 3
0650 33537 167685 268296 3
0651 53853 1346325 2638797 5
0652 1325 13250 35775 1
0653 112095 336285 5941035 4
0654 110673 885384 3873555 3
0655 132707 1990605 8095127 2
0656 147129 2648322 7650708 3
0657 12416 347648 620800 2
0658 66100 264400 1057600 4
0659 24992 149952 874720 1
0660 117407 3522210 5752943 3
0661 53118 106236 1115478 5
0662 67271 941794 1009065 4
0663 71933 719330 863196 3
0664 142507 2565126 6555322 1
0665 150512 602048 5869968 4
0666 134061 4289952 6971172 5
0667 80524 1449432 5073012 2
0668 37153 37153 1151743 3
0669 56798 1363152 3578274 2
0670 43274 346192 2206974 3
0671 75319 451914 2711484 3
0672 122372 489488 5384368 5
0673 14311 343464 558129 5
0674 16167 64668 258672 2
0675 45221 361768 2713260 4
0676 84896 2037504 5433344 1
0677 22586 542064 903440 4
0678 31145 0 467175 4
0679 25128 50256 1306656 3
0680 16756 134048 519436 2
0681 73730 1327140 1474600 5
0682 125029 250058 1750406 5
0683 40088 641408 1362992 5
0684 142149 0 3838023 5
0685 65117 2279095 4883775 1
0686 7460 59680 156660 1
0687 75049 750490 4577989 5
0688 27750 416250 1026750 4
0689 60651 1455624 4488174 4
0690 150887 1207096 3017740 2
0691 8643 207432 250647 2
0692 55491 665892 2164149 3
0693 124212 993696 1738968 3
0694 112260 2694240 7296900 1
0695 80350 1285600 3615750 3
0696 73975 1849375 2959000 1
0697 71008 497056 3834432 2
0698 3907 15628 85954 1
0699 39495 987375 1184850 3
0700 150943 0 7999979 1
0701 41082 287574 1807608 3
0702 132989 398967 7447384 3
0703 140704 422112 5206048 1
0704 143564 1435640 4019792 1
0705 70387 2463545 3519350 2
0706 47112 659568 2920944 1
0707 95604 1912080 3250536 1
0708 147557 5164495 7672964 3
0709 100868 1815624 5648608 4
0710 71444 285776 857328 2
0711 14184 170208 524808 5
0712 19354 232248 445142 2
0713 146643 3519432 8065365 2
0714 100233 1603728 6916077 3
0715 143038 0 7008862 4
0716 111270 2670480 4450800 1
0717 109010 1635150 7412680 3
0718 123231 1478772 4559547 5
0719 53249 638988 745486 3
0720 10176 305280 783552 2
0721 1152 48384 59904 3
0722 143129 572516 8158353 3
0723 136415 1091320 1773395 1
0724 95402 1144824 1335628 3
0725 82194 2630208 4191894 2
0726 24127 1013334 1761271 4
0727 76928 76928 615424 5
0728 124875 2997000 7117875 3
0729 57731 461848 3002012 4
0730 116238 2092284 4765758 1
0731 45666 0 1963638 2
0732 129768 3114432 7396776 3
0733 86971 1304565 1826391 4
0734 49478 742170 3117114 3
0735 50917 101834 1578427 1
0736 1177 5885 30602 1
0737 113897 911176 6833820 4
0738 128938 1547256 7994156 3
0739 61467 737604 1290807 5
0740 118006 3304168 3422174 2
0741 85042 170084 3401680 4
0742 15323 122584 275814 1
0743 111787 1341444 4359693 1
0744 126938 1015504 7235466 2
0745 60948 914220 1523700 2
0746 100349 702443 1605584 4
0747 108388 650328 1950984 3
0748 9614 19228 211508 2
0749 93076 2233824 5398408 2
0750 63459 253836 2855655 5
0751 55137 275685 1598973 5
0752 64478 128956 2965988 3
0753 129713 1556556 8431345 4
0754 54916 658992 3569540 1
0755 141827 4538464 6949523 1
0756 92353 184706 3878826 4
0757 85886 515316 4208414 4
0758 17011 714462 901583 1
0759 61102 549918 2627386 2
0760 98014 196028 784112 2
0761 53721 483489 3276981 3
0762 46037 460370 2393924 5
0763 69102 414612 2280366 3
0764 126135 1135215 6937425 1
0765 139883 559532 2098245 4
0766 7647 114705 497055 4
0767 17884 375564 1269764 4
0768 90498 1809960 3257928 5
0769 37598 902352 2932644 2
0770 114693 3440790 7569738 1
0771 55998 895968 1735938 2
0772 37104 259728 1521264 3
0773 47107 565284 1083461 1
0774 152365 1828380 3199665 4
0775 9926 119112 496300 4
0776 37571 1127130 1164701 1
0777 75408 301632 904896 4
0778 154399 308798 2007187 4
0779 98742 98742 1777356 2
0780 136780 683900 3282720 2
0781 51648 103296 2065920 5
0782 20366 488784 1140496 2
0783 144606 867636 6941088 2
0784 71740 3013080 6313120 5
0785 76646 1226336 4292176 5
0786 94795 758360 5213725 4
0787 133978 3751384 10986196 1
0788 149644 897864 2394304 4
0789 108671 1956078 4781524 5
0790 130076 910532 5983496 3
0791 6552 19656 137592 2
0792 99004 0 1188048 4
0793 79291 475746 3488804 2
0794 37106 371060 1410028 5
0795 16020 96120 224280 1
0796 156914 3138280 10356324 5
0797 60646 1940672 2789716 5
0798 100093 1201116 1801674 5
0799 55281 1105620 1216182 1
0800 67702 473914 2098762 5
0801 90473 0 1990406 3
0802 77121 1233936 2159388 5
0803 19855 555940 694925 1
0804 76141 1218256 4492319 3
0805 142446 2848920 3988488 3
0806 17289 155601 1020051 3
0807 152525 0 8083825 3
0808 22410 537840 1030860 1
0809 141701 2125515 4817834 3
0810 102782 822256 4316844 1
0811 10606 106060 625754 5
0812 127722 1915830 7407876 2
0813 85982 1031784 4471064 2
0814 5485 76790 153580 5
0815 37074 1038072 2039070 4
0816 51056 1225344 2450688 3
0817 102345 1842210 3377385 5
0818 80681 322724 3953369 3
0819 124559 747354 4608683 2
0820 19798 237576 1128486 4
0821 74423 223269 4167688 4
0822 142369 2135535 7972664 1
0823 103743 1452402 5083407 1
0824 27182 163092 897006 5
0825 71643 1003002 1934361 4
0826 107912 107912 647472 4
0827 23211 417798 835596 3
0828 71276 142552 3278696 3
0829 128502 2570040 3598056 3
0830 58291 582910 3089423 4
0831 122831 736986 4913240 3
0832 160258 2403870 4647482 2
0833 158896 3813504 9374864 5
0834 105544 1266528 4538392 4
0835 116499 582495 6174447 3
0836 123838 743028 2105246 2
0837 47211 660954 1180275 4
0838 149727 3593448 9582528 5
0839 15801 142209 853254 2
0840 37877 37877 946925 4
0841 93058 1488928 3443146 2
0842 106732 320196 1387516 4
0843 154654 773270 8505970 1
0844 38333 191665 1801651 4
0845 44982 539784 2204118 4
0846 43890 87780 1053360 2
0847 21039 420780 1367535 4
0848 108189 1298268 3786615 3
0849 63579 1907370 4386951 2
0850 62744 752928 815672 5
0851 15151 363624 424228 3
0852 99074 396296 5250922 3
0853 84742 1355872 2881228 1
0854 160039 4801170 13123198 2
0855 4297 34376 262117 3
0856 43927 439270 1888861 1
0857 155870 935220 6702410 2
0858 108585 2280285 5646420 3
0859 25922 1088724 2462590 2
0860 67047 1206846 3084162 3
0861 125255 375765 4884945 5
0862 6863 164712 233342 5
0863 101927 2446248 5504058 5
0864 3609 64962 137142 4
0865 136597 1229373 3414925 1
0866 99165 1586640 3470775 2
0867 7694 92328 353924 1
0868 45408 1453056 2406624 1
0869 52038 1092798 1665216 1
0870 75216 451296 2782992 1
0871 37059 778239 2186481 2
0872 62381 374286 3119050 4
0873 31425 188550 1508400 5
0874 58399 1051182 1459975 4
0875 24933 149598 1321449 4
0876 70086 841032 1822236 1
0877 158551 2378265 9354509 5
0878 155235 3259935 5898930 4
0879 79515 795150 3101085 2
0880 92576 2221824 2592128 5
0881 84589 1015068 4821573 3
0882 65202 978030 2282070 2
0883 46372 278232 1669392 5
0884 20068 80272 802720 4
0885 103706 518530 725942 4
0886 143966 719830 2015524 5
0887 80288 1284608 3612960 5
0888 71789 574312 1005046 1
0889 48703 584436 2337744 5
0890 18478 73912 221736 3
0891 109179 0 3821265 4
0892 136645 819870 7788765 2
0893 157857 315714 3788568 1
0894 20884 0 1023316 2
0895 2434 19472 58416 1
0896 144694 1736328 7668782 1
0897 72701 1163216 4507462 3
0898 28367 340404 794276 2
0899 115953 2782872 8580522 5
0900 77661 310644 1320237 4
0901 117262 4925004 9967270 4
0902 39507 1264224 3318588 4
0903 152327 3046540 9444274 5
0904 142478 3419472 8121246 5
0905 152295 1370655 2132130 4
0906 6212 0 6212 4
0907 40843 490116 1061918 4
0908 151369 605476 1513690 1
0909 113319 453276 906552 5
0910 136372 818232 6136740 4
0911 98620 1972400 4339280 4
0912 49601 396808 2728055 1
0913 81701 0 1470618 5
0914 25717 77151 540057 4
0915 97035 1552560 5628030 2
0916 49035 784560 2206575 5
0917 61432 491456 3010168 5
0918 100838 2117598 6554470 1
0919 142093 1989302 7530929 1
0920 45946 1102704 3170274 4
0921 113306 4758852 7704808 4
0922 51885 51885 155655 4
0923 94533 472665 5388381 1
0924 115634 0 2543948 3
0925 2404 19232 67312 4
0926 56996 341976 1139920 1
0927 90655 1087860 2266375 1
0928 111724 3128272 7932404 4
0929 31689 443646 1647828 1
0930 63168 884352 2147712 4
0931 156868 5490380 11137628 3
0932 16767 150903 888651 5
0933 31664 474960 1551536 3
0934 37895 227370 682110 5
0935 88108 1585944 5638912 3
0936 53106 955908 3558102 2
0937 112501 3600032 4387539 2
0938 104415 1252980 2401545 3
0939 26714 641136 1282272 3
0940 107637 645822 3121473 3
0941 82045 1230675 2133170 2
0942 121605 3648150 4742595 5
0943 9125 0 127750 4
0944 116944 2806656 5847200 3
0945 94277 1696986 2828310 1
0946 20082 602460 1465986 3
0947 135830 543320 3395750 2
0948 108107 2162140 5621564 2
0949 26021 78063 1170945 4
0950 36134 433608 1373092 3
0951 160270 1602700 3365670 3
0952 141601 2832020 6513646 4
0953 106823 1068230 6088911 5
0954 45040 270240 1576400 4
0955 58420 701040 1402080 1
0956 40880 981120 1798720 3
0957 86727 2081448 3122172 3
0958 29554 147770 797958 1
0959 36618 109854 2050608 3
0960 4320 8640 151200 4
0961 38336 536704 958400 1
0962 28135 0 1491155 5
0963 125999 0 1133991 1
0964 42477 84954 1699080 1
0965 59619 238476 655809 1
0966 11742 70452 551874 3
0967 60140 601400 2044760 2
0968 89187 0 267561 1
0969 112314 1010826 2695536 5
0970 82088 492528 2955168 4
0971 135571 4067130 8812115 1
0972 101210 1518150 3845980 5
0973 53730 214920 591030 1
0974 67531 540248 877903 4
0975 55587 277935 2279067 3
0976 18593 37186 74372 3
0977 121813 1827195 3410764 5
0978 87351 698808 1048212 2
0979 22170 0 1019820 4
0980 151303 302606 3933878 2
0981 55189 883024 2814639 2
0982 8678 26034 242984 2
0983 100848 1210176 5445792 5
0984 34299 205794 342990 3
0985 5092 30552 50920 5
0986 3768 56520 207240 2
0987 27737 277370 582477 2
0988 39625 634000 911375 4
0989 90210 1082520 2435670 3
0990 161263 3870312 4999153 5
0991 89604 627228 3942576 2
0992 55214 883424 3809766 4
0993 11218 78526 661862 4
0994 112188 673128 3141264 4
0995 154346 5402110 13119410 3
0996 6879 103185 137580 4
0997 24854 149124 944452 4
0998 79218 237654 1505142 5
0999 155149 2327235 6516258 5
1000 20023 500575 860989 3
1001 11529 368928 979965 4
1002 46053 921060 3315816 5
1003 62561 750732 2940367 4
1004 3621 36210 228123 2
1005 144389 3465336 10396008 1
1006 78605 628840 3537225 4
1007 117919 117919 3183813 3
1008 7574 90888 121184 3
1009 93380 1494080 5135900 1
1010 7632 68688 145008 2
1011 3862 92688 169928 4
1012 37538 225228 1689210 1
1013 117250 3517500 3634750 1
1014 119549 5738352 11596253 2
1015 64031 384186 2113023 4
1016 80976 2024400 5668320 4
1017 30840 740160 1572840 5
1018 69359 1248462 2774360 4
1019 49891 1047711 1696294 3
1020 108435 4554270 9867585 3
1021 44079 440790 1763160 2
1022 140986 7895216 13675642 2
1023 150845 7240560 9050700 2
1024 145208 2178120 3484992 2
1025 12112 145344 266464 5
1026 89028 623196 3294036 3
1027 59304 1423296 3143112 2
1028 157856 631424 6629952 1
1029 7673 322266 728935 2
1030 83590 2674880 5266170 4
1031 88854 1066248 1865934 5
1032 148048 1184384 5921920 4
1033 11491 482622 988226 2
1034 2186 43720 142090 3
1035 131672 3160128 6583600 5
1036 125805 1258050 3019320 1
1037 157395 3147900 8656725 4
1038 118925 3329900 9038300 4
1039 101810 3563350 7941180 3
1040 104216 625296 2292752 2
1041 15604 280872 343288 1
1042 3864 38640 77280 1
1043 127605 510420 1914075 1
1044 114450 915600 1144500 2
1045 7819 273665 602063 2
1046 81244 1706124 6012056 5
1047 85074 255222 3573108 3
1048 29508 472128 531144 4
1049 129765 1297650 5060835 1
1050 121487 1093383 6317324 2
1051 158439 5070048 5545365 5
1052 114708 0 3785364 1
1053 3016 12064 60320 3
1054 17133 68532 85665 3
1055 121321 3882272 10190964 1
1056 45565 318955 2688335 1
1057 82237 2302636 3125006 2
1058 122719 490876 6013231 3
1059 32154 257232 1704162 4
1060 69176 2421160 4150560 3
1061 114438 457752 3433140 4
1062 106445 1596675 5960920 5
1063 66943 803316 2811606 1
1064 29863 716712 1582739 1
1065 42221 844420 1773282 1
1066 61487 1475688 2582454 4
1067 22284 133704 891360 5
1068 139960 559840 2519280 3
1069 15528 326088 450312 1
1070 67949 0 2310266 2
1071 153092 2755656 4898944 1
1072 83906 3524052 4279206 5
1073 153469 2455504 4143663 5
1074 24033 96132 985353 2
1075 12769 255380 612912 3
1076 72137 288548 865644 1
1077 55320 165960 1770240 2
1078 140330 4209900 10524750 3
1079 91916 0 4871548 2
1080 46486 557832 1998898 3
1081 85478 1709560 4273900 5
1082 27451 27451 576471 5
1083 91710 2751300 3760110 5
1084 120298 360894 4330728 3
1085 92877 2229048 6872898 3
1086 125600 753600 6656800 2
1087 104370 1252440 4279170 5
1088 12151 85057 558946 1
1089 107427 3007956 6338193 5
1090 48986 1028706 3429020 1
1091 53639 268195 643668 1
1092 42370 677920 1779540 2
1093 2851 2851 11404 1
1094 113690 2387490 2501180 2
1095 129629 1037032 5055531 3
1096 2745 54900 123525 1
1097 150910 3621840 7394590 3
1098 45273 407457 1629828 2
1099 129936 1559232 2858592 2
1100 159287 4460036 11627951 5
1101 139603 1396030 4606899 5
1102 144581 1734972 3469944 5
1103 98217 883953 3830463 1
1104 75260 1881500 2935140 4
1105 59511 0 833154 5
1106 15899 381576 508768 4
1107 37233 1191456 1861650 3
1108 122066 732396 4638508 1
1109 39764 159056 278348 5
1110 137846 1929844 7030146 4
1111 35379 212274 1768950 3
1112 124065 2233170 3721950 5
1113 14253 28506 356325 5
1114 46455 464550 1254285 5
1115 137012 1233108 2466216 3
1116 64038 512304 3009786 3
1117 78830 157660 4177990 1
1118 67953 339765 1698825 4
1119 32047 0 1570303 3
1120 156654 939924 1723194 5
1121 28957 173742 202699 5
1122 10364 165824 424924 5
1123 131237 787422 1443607 1
1124 161289 1290312 8870895 1
1125 128752 2060032 5665088 2
1126 80747 807470 4037350 4
1127 106981 3423392 3637354 5
1128 143054 572216 2431918 3
1129 92975 743800 1394625 4
1130 61252 551268 1715056 1
1131 129223 3101352 6202704 2
1132 64171 577539 898394 3
1133 73113 2339616 5044797 3
1134 21197 127182 1038653 4
1135 143894 2158410 6475230 1
1136 21896 350336 1029112 3
1137 73300 439800 1319400 2
1138 98224 2062704 4125408 1
1139 135204 1892856 6219384 1
1140 86895 173790 4344750 1
1141 53019 0 2491893 1
1142 116777 1401324 2452317 4
1143 105737 2537688 4123743 5
1144 82351 411755 3623444 5
1145 52189 2505072 3548852 1
1146 108054 972486 2161080 4
1147 136310 545240 5997640 4
1148 95813 95813 383252 4
1149 44681 536172 2412774 2
1150 85171 1022052 1277565 2
1151 85448 1538064 4272400 1
1152 9526 142890 523930 4
1153 74538 298152 1043532 1
1154 34581 414972 829944 2
1155 156968 1883616 5336912 1
1156 7492 59936 299680 1
1157 118061 2833464 3423769 1
1158 111496 891968 3456376 4
1159 147051 441153 7058448 4
1160 151748 1820976 6525164 5
1161 11440 0 572000 1
1162 161798 808990 4692142 3
1163 160440 2406600 5775840 1
1164 20410 204100 1306240 2
1165 20800 83200 894400 2
1166 122474 5878752 8940602 5
1167 70398 1478358 2252736 5
1168 138944 555776 2917824 1
1169 114355 2058390 2172745 4
1170 75223 902676 4287711 1
1171 91436 1645848 4480364 1
1172 6586 79032 388574 2
1173 128902 0 5284982 1
1174 7536 301440 527520 5
1175 25620 25620 1050420 2
1176 10949 328470 700736 5
1177 105643 845144 5916008 2
1178 81534 1141476 5462778 1
1179 27137 162822 624151 1
1180 13983 167796 880929 4
1181 25322 50644 607728 1
1182 91170 2552760 7020090 2
1183 85200 170400 2385600 5
1184 97346 584076 3309764 2
1185 10103 20206 353605 3
1186 86719 3035165 6417206 4
1187 115158 1842528 5527584 3
1188 125144 2502880 4254896 3
1189 113427 1361124 4990788 5
1190 118094 5668512 6258982 2
1191 9831 412902 422733 5
1192 83667 669336 1422339 2
1193 31579 126316 789475 4
1194 112137 560685 5382576 2
1195 80835 970020 2829225 1
1196 10150 0 91350 1
1197 80535 483210 3060330 2
1198 94762 189524 2084764 1
1199 135471 2167536 7179963 3
1200 122536 735216 2450720 1
1201 110359 772513 5849027 2
1202 45009 720144 1260252 5
1203 102784 1027840 3803008 4
1204 96888 1162656 5135064 5
1205 29364 1027740 1262652 5
1206 81472 81472 3747712 2
1207 137932 1103456 3724164 2
1208 43284 1082100 3116448 4
1209 128669 514676 6562119 2
1210 84603 2538090 5583798 2
1211 91154 273462 3099236 5
1212 54226 1301424 1735232 4
1213 68138 136276 545104 4
1214 115391 923128 4961813 1
1215 148361 445083 3263942 2
1216 42097 252582 589358 3
1217 47849 1148376 3445128 1
1218 117910 3301480 6249230 1
1219 25776 77328 309312 2
1220 83568 668544 1754928 1
1221 70039 1680936 2801560 5
1222 42251 2028048 2197052 1
1223 18807 263298 827508 4
1224 81916 737244 1884068 5
1225 62759 941385 2008288 1
1226 146150 4384500 11399700 1
1227 89748 3230928 6282360 5
1228 65520 1375920 3538080 3
1229 36702 440424 990954 2
1230 7744 46464 402688 2
1231 74598 745980 1044372 2
1232 81699 163398 2696067 4
1233 42439 509268 1060975 5
1234 19404 407484 1164240 5
1235 32013 64026 480195 2
1236 139976 1399760 8118608 5
1237 66550 266200 2595450 5
1238 5711 45688 291261 5
1239 11955 334740 824895 4
1240 54255 325530 542550 1
1241 44928 898560 2381184 1
1242 68301 1639224 1707525 1
1243 35983 539745 1115473 1
1244 160267 2404005 4968277 1
1245 110406 3864210 6293142 3
1246 92663 1853260 4540487 3
1247 90567 2898144 3079278 4
1248 123405 1974480 2838315 1
1249 157705 630820 3311805 3
1250 50227 0 502270 2
1251 79191 475146 3088449 5
1252 1881 37620 120384 5
1253 141235 1129880 6073105 4
1254 53372 160116 640464 2
1255 24185 169295 749735 2
1256 159013 1431117 9222754 2
1257 98477 196954 3939080 3
1258 72925 2041900 4448425 5
1259 52419 104838 995961 2
1260 6278 188340 458294 1
1261 12127 97016 254667 3
1262 32837 328370 755251 1
1263 13751 192514 522538 2
1264 61073 0 1710044 4
1265 138589 3326136 4989204 4
1266 6441 154584 173907 2
1267 125574 3767220 3892794 5
1268 82226 1233390 2960136 2
1269 148070 1776840 7255430 2
1270 100579 2816212 3117949 2
1271 62402 748824 3244904 1
1272 1555 4665 59090 3
1273 22416 179328 448320 3
1274 90787 1906527 2088101 4
1275 752 7520 12784 3
1276 78229 938748 1877496 5
1277 71821 215463 2585556 2
1278 110055 1320660 2751375 4
1279 48050 432450 1345400 4
1280 124043 1488516 7318537 2
1281 126507 759042 2530140 4
1282 155778 2804004 4673340 2
1283 125215 876505 1252150 4
1284 68723 549784 1718075 4
1285 2961 103635 225036 3
1286 125146 1501752 5756716 3
1287 19729 118374 769431 4
1288 90980 363920 4185080 1
1289 115891 2433711 5330986 1
1290 126618 759708 4178394 2
1291 111066 444264 2110254 2
1292 20388 366984 754356 3
1293 79488 476928 2066688 3
1294 98748 1184976 2172456 1
1295 48812 0 829804 1
1296 41638 333104 2081900 2
1297 91284 1916964 2373384 3
1298 18973 455352 1214272 3
1299 146510 3516240 6006910 5
1300 106837 854696 4914502 2
1301 132616 1989240 2121856 3
1302 120446 361338 4938286 5
1303 4828 77248 255884 5
1304 93666 561996 2903646 4
1305 21815 218150 785340 5
1306 23507 470140 681703 5
1307 86891 1390256 3649422 4
1308 90417 180834 4882518 4
1309 80923 161846 2751382 4
1310 17378 139024 695120 1
1311 26340 158040 632160 2
1312 145109 725545 4353270 1
1313 135547 2033205 3930863 3
1314 12418 310450 571228 4
1315 34670 693400 1733500 5
1316 88556 1416896 4339244 2
1317 14137 452384 777535 2
1318 68824 3854144 4955328 3
1319 100379 602274 2910991 5
1320 65740 788880 2563860 5
1321 49986 1749510 4298796 1
1322 135980 407940 5983120 1
1323 158734 952404 6825562 3
1324 135765 2172240 3529890 1
1325 85025 170050 1700500 4
1326 85792 343168 2230592 2
1327 143757 3450168 6037794 3
1328 44717 1073208 3398492 4
1329 71141 284564 2845640 5
1330 149516 4485480 10765152 4
1331 36022 0 756462 3
1332 161354 484062 3388434 5
1333 9568 133952 172224 1
1334 51732 1551960 2431404 4
1335 140221 3365304 8132818 3
1336 134483 2017245 6993116 1
1337 112300 1347600 3032100 1
1338 37728 150912 490464 4
1339 92717 2225208 4543133 3
1340 123914 743484 2602194 4
1341 26330 315960 1369160 3
1342 153533 153533 3531259 4
1343 127185 763110 2798070 4
1344 26384 1266432 1820496 3
1345 112929 2032722 4291302 2
1346 73956 295824 1035384 3
1347 88480 1769600 4070080 4
1348 86633 2165825 3898485 1
1349 40759 978216 1508083 3
1350 42302 634530 1311362 1
1351 22889 137334 640892 3
1352 57417 689004 1837344 1
1353 136912 410736 3970448 3
1354 58409 0 1810679 3
1355 34421 275368 1858734 4
1356 129797 259594 3374722 2
1357 32398 485970 809950 2
1358 37582 187910 1089878 4
1359 86699 1300485 5201940 4
1360 51692 620304 3204904 1
1361 66137 1058192 2711617 1
1362 104228 2501472 4273348 1
1363 98281 1375934 4619207 1
1364 136346 818076 3954034 1
1365 6907 124326 359164 3
1366 80269 1284304 2247532 2
1367 67035 670350 2882505 3
1368 140119 420357 7706545 1
1369 86836 694688 3126096 5
1370 34325 480550 1407325 3
1371 3902 124864 144374 4
1372 71262 1068930 4845816 2
1373 4305 137760 309960 3
1374 101041 1818738 6668706 2
1375 153915 4309620 10620135 4
1376 55998 1119960 3079890 4
1377 127742 1149678 6387100 5
1378 96313 0 3370955 1
1379 133936 133936 2946592 5
1380 66527 199581 1862756 1
1381 79451 953412 1668471 3
1382 119279 715674 4174765 4
1383 96627 3865080 6763890 5
1384 55127 826905 1764064 1
1385 124522 2490440 4233748 4
1386 132806 1062448 4781016 3
1387 112697 676182 3719001 5
1388 85602 684816 3766488 1
1389 125215 751290 7387685 2
1390 101445 1420230 2941905 3
1391 72326 1157216 4050256 4
1392 13933 27866 208995 5
1393 52935 476415 1111635 2
1394 159231 5095392 13056942 5
1395 102592 410368 2051840 4
1396 10486 167776 304094 4
1397 96446 578676 1543136 1
1398 155816 1869792 8569880 1
1399 133308 1599696 4532472 5
1400 125903 1510836 7554180 2
1401 110304 441216 5184288 1
1402 129056 3097344 4000736 5
1403 94602 2838060 7851966 2
1404 140508 0 5479812 1
1405 129376 1552512 6080672 4
1406 4474 125272 237122 5
1407 33477 66954 1104741 5
1408 26295 262950 1051800 1
1409 114737 688422 1147370 4
1410 15179 303580 531265 4
1411 31361 125444 909469 5
1412 15032 150320 751600 3
1413 71437 642933 3286102 2
1414 135397 270794 676985 1
1415 135475 2709500 5148050 3
1416 36956 665208 1552152 4
1417 144615 3470760 10123050 4
1418 100294 200588 1604704 5
1419 126985 1015880 1269850 5
1420 59335 237340 2432735 1
1421 79599 557193 2069574 2
1422 77210 2702350 4864230 4
1423 156455 625820 3598465 5
1424 56995 2279800 5072555 2
1425 22354 178832 491788 3
1426 122781 3069525 6630174 4
1427 22648 45296 135888 5
1428 103605 621630 2590125 3
1429 146411 1464110 5856440 2
1430 114266 799862 6170364 2
1431 131956 7389536 10292568 4
1432 51042 0 1582302 5
1433 20146 241752 1148322 4
1434 153251 5363785 9961315 3
1435 101883 815064 2852724 2
1436 121925 243850 3048125 1
1437 125182 751092 1752548 3
1438 128507 3855210 6425350 4
1439 99939 2498475 7595364 2
1440 91639 2565892 7422759 5
1441 93253 1398795 3730120 3
1442 12143 364290 1007869 1
1443 147484 2654712 5014456 5
1444 40001 640016 2200055 2
1445 137866 275732 413598 1
1446 94108 658756 3293780 4
1447 60238 2108330 5059992 2
1448 60541 1452984 1513525 3
1449 143161 1145288 4294830 1
1450 71405 214215 3213225 5
1451 144831 3475944 6517395 5
1452 17438 209256 488264 1
1453 110755 4651710 9524930 5
1454 60031 360186 660341 5
1455 990 14850 25740 5
1456 70324 210972 1828424 5
1457 80099 0 1922376 2
1458 92510 1110120 3237850 3
1459 107628 1614420 4089864 3
1460 18085 90425 542550 3
1461 22640 0 1132000 5
1462 56881 910096 2787169 4
1463 116627 933016 5947977 3
1464 84300 505800 927300 5
1465 81203 812030 2842105 1
1466 126486 2276748 3162150 4
1467 52688 263440 948384 2
1468 88867 710936 1777340 3
1469 73736 1548456 4940312 1
1470 47764 477640 2722548 1
1471 24335 681380 924730 3
1472 111617 1339404 7255105 5
1473 38873 77746 1943650 2
1474 85323 0 1023876 3
1475 99652 1993040 5680164 1
1476 57883 463064 520947 4
1477 73607 1030498 4563634 1
1478 25832 206656 413312 4
1479 114028 456112 5815428 3
1480 67765 813180 948710 3
1481 58912 1237152 2003008 5
1482 41509 996216 3071666 3
1483 6811 40866 115787 3
1484 122446 2448920 7714098 2
1485 12142 109278 631384 3
1486 59799 2391960 5621106 2
1487 1473 10311 89853 3
1488 154359 1234872 1697949 5
1489 80570 1611400 5398190 1
1490 116211 464844 2789064 5
1491 84234 2527020 4969806 4
1492 150453 150453 3009060 5
1493 75197 451182 3835047 2
1494 59884 1437216 2814548 2
1495 129326 3103824 4785062 4
1496 101090 1213080 2325070 1
1497 64539 2065248 3743262 4
1498 151675 2730150 5460300 4
1499 27975 391650 1790400 2
1500 155393 3729432 9478973 2
1501 22797 113985 387549 5
1502 97894 1762092 4405230 1
1503 41784 626760 919248 1
1504 50197 602364 1505910 1
1505 109504 1314048 3832640 5
1506 34971 524565 699420 4
1507 105149 1892682 7360430 3
1508 41892 41892 460812 1
1509 110057 2641368 6713477 3
1510 85238 2130950 6733802 1
1511 48034 768544 1008714 3
1512 42664 1023936 1877216 5
1513 21854 393372 743036 4
1514 40984 819680 2786912 3
1515 100807 604842 3729859 2
1516 111731 893848 6815591 1
1517 153425 1227400 4602750 1
1518 122657 4292995 7727391 5
1519 156667 4386676 5796679 3
1520 131839 527356 659195 3
1521 106217 955953 3292727 5
1522 150609 1807308 4217052 5
1523 142592 2851840 8127744 3
1524 44233 353864 486563 3
1525 129845 1298450 6232560 2
1526 2791 33492 106058 3
1527 100070 200140 2201540 2
1528 64354 772248 4054302 2
1529 114782 1147820 6198228 2
1530 126508 1518096 7590480 5
1531 36429 1748592 2440743 4
1532 3278 39336 75394 5
1533 111607 446428 2455354 2
1534 154585 1855020 5255890 3
1535 45786 0 228930 1
1536 91951 1103412 1195363 4
1537 6138 24552 282348 1
1538 111077 555385 5220619 1
1539 159268 1433412 7644864 3
1540 59821 119642 2093735 2
1541 157891 3157820 4894621 4
1542 79548 477288 2625084 1
1543 126078 1008624 3151950 2
1544 96067 384268 3938747 3
1545 27078 649872 704028 1
1546 110642 331926 2987334 3
1547 45375 544500 1089000 5
1548 100046 3001380 4402024 4
1549 21339 85356 533475 1
1550 156105 3278205 6400305 2
1551 66664 1066624 2866552 4
1552 132758 531032 5443078 5
1553 138942 972594 3751434 5
1554 19806 39612 594180 5
1555 119226 1669164 4530588 1
1556 141815 0 7516195 3
1557 75583 2418656 4610563 1
1558 12378 123780 210426 5
1559 40014 280098 1960686 3
1560 131473 2760933 7231015 1
1561 21123 21123 718182 5
1562 52906 1269744 3068548 5
1563 130892 1570704 5759248 5
1564 154924 2168936 9915136 5
1565 133248 1598976 8794368 2
1566 114755 1721325 2983630 4
1567 109232 4369280 6444688 2
1568 95286 476430 3716154 1
1569 156351 0 5628636 2
1570 100094 3002820 7707238 2
1571 76422 1146330 2598348 2
1572 10644 170304 266100 3
1573 128616 1543392 4115712 4
1574 64088 1538112 2755784 2
1575 132877 930139 4783572 3
1576 65951 791412 1187118 1
1577 98992 0 1781856 2
1578 119234 1073106 4173190 2
1579 120224 1683136 2404480 2
1580 120075 1921200 6003750 5
1581 83080 332320 1661600 2
1582 59704 1074672 2567272 4
1583 87640 1840440 2278640 2
1584 134632 4308224 7404760 2
1585 119168 357504 3217536 3
1586 65548 2097536 2163084 2
1587 158334 1266672 9658374 3
1588 95057 285171 3897337 1
1589 26613 159678 1304037 3
1590 47015 752240 2585825 5
1591 82524 2063100 4043676 5
1592 82533 0 3053721 4
1593 29164 466624 1604020 3
1594 36198 1737504 2787246 3
1595 68693 412158 2610334 1
1596 57670 2018450 2537480 1
1597 108371 1950678 7369228 2
1598 129700 1167300 4798900 4
1599 90318 2528904 4606218 2
1600 98204 4713792 9918604 3
1601 86045 2065080 3355755 1
1602 15807 31614 774543 4
1603 102202 2452848 4803494 5
1604 74833 2993320 4040982 4
1605 15449 139041 370776 4
1606 2308 9232 80780 3
1607 8054 80540 201350 5
1608 116493 465972 582465 3
1609 33745 269960 2024700 3
1610 123999 1487988 3719970 2
1611 28241 282410 1299086 5
1612 83254 499524 3912938 2
1613 56165 56165 954805 2
1614 96137 288411 3172521 3
1615 77538 0 2403678 1
1616 60128 481024 2044352 2
1617 53730 1289520 3008880 4
1618 81979 1311664 1639580 4
1619 31419 251352 282771 2
1620 90504 1629072 3167640 2
1621 33295 133180 632605 4
1622 1727 12089 62172 4
1623 42208 506496 1435072 2
1624 30555 733320 1619415 4
1625 32187 675927 1512789 5
1626 104670 732690 2198070 4
1627 93584 842256 5802208 1
1628 103120 3093600 6290320 5
1629 63765 1020240 3124485 3
1630 124603 996824 1370633 4
1631 156195 937170 5623020 4
1632 39988 199940 1399580 4
1633 89803 628621 3053302 2
1634 160748 3214960 3536456 5
1635 64430 1159740 4123520 4
1636 19444 116664 894424 3
1637 4027 112756 132891 1
1638 89832 1437312 5928912 2
1639 95311 953110 6099904 2
1640 144103 2161545 3746678 1
1641 18366 73464 844836 3
1642 625 5625 17500 4
1643 35101 702020 2386868 1
1644 60879 365274 2374281 5
1645 4644 23220 208980 1
1646 47493 712395 2802087 3
1647 1690 10140 40560 1
1648 50902 203608 407216 1
1649 17749 283984 745458 5
1650 40590 852390 2029500 5
1651 150516 2709288 9934056 4
1652 100733 2417592 3424922 1
1653 68084 0 204252 5
1654 115536 115536 6354480 1
1655 12333 172662 665982 4
1656 137647 1101176 7432938 3
1657 26103 365442 1279047 5
1658 106754 427016 2775604 2
1659 148370 2225550 6676650 4
1660 19578 411138 606918 5
1661 92229 184458 2674641 2
1662 92210 1383150 4518290 3
1663 79536 159072 1193040 4
1664 159892 5596220 10233088 1
1665 159133 1432197 3500926 1
1666 102976 617856 4324992 3
1667 141315 1978410 3815505 4
1668 53578 1285872 1821652 5
1669 69896 69896 3005528 3
1670 149004 2235060 9685260 1
1671 64270 1285400 4434630 2
1672 68854 1445934 3993532 3
1673 76518 2678130 3902418 4
1674 12536 75216 702016 1
1675 91761 1835220 6147987 5
1676 109206 218412 5241888 3
1677 110865 886920 4102005 4
1678 92841 742728 2878071 5
1679 65070 1301400 2667870 5
1680 45283 724528 1041509 5
1681 93062 930620 1768178 2
1682 160471 1283768 6579311 5
1683 111341 1113410 5121686 3
1684 150149 3002980 4504470 2
1685 143429 143429 2725151 1
1686 109861 1977498 3735274 2
1687 137066 4797310 7264498 2
1688 139464 2091960 7391592 3
1689 22259 89036 489698 4
1690 36106 216636 1119286 1
1691 68182 136364 1363640 5
1692 153433 1227464 3222093 5
1693 30204 634284 664488 3
1694 155104 3722496 6359264 5
1695 130291 1172619 2605820 3
1696 130995 916965 2750895 4
1697 117826 2474346 8836950 2
1698 146062 146062 1460620 1
1699 42934 1202152 2275502 5
1700 104779 1257348 4610276 3
1701 155459 5441065 9327540 3
1702 122536 1838040 4411296 1
1703 151635 3639240 7278480 5
1704 151923 607692 3038460 5
1705 4906 14718 88308 3
1706 85980 1375680 2837340 4
1707 97146 4663008 6508782 5
1708 24199 1355144 2323104 1
1709 49069 736035 1521139 4
1710 33686 101058 1549556 5
1711 32896 131584 888192 3
1712 93173 0 93173 5
1713 117989 1415868 4955538 1
1714 150979 754895 2566643 5
1715 91465 2195160 4390320 1
1716 145019 4640608 9136197 2
1717 29322 351864 1055592 3
1718 38178 0 76356 1
1719 7453 67077 305573 3
1720 76647 153294 1532940 2
1721 71681 430086 1146896 1
1722 77261 231783 2317830 2
1723 76590 919080 3829500 4
1724 139039 3336936 9732730 5
1725 55373 1328952 1439698 1
1726 26444 846208 2089076 1
1727 79969 319876 2319101 3
1728 8506 51036 408288 4
1729 130940 0 2618800 4
1730 74974 2399168 3448804 2
1731 114069 912552 2965794 4
1732 85323 5460672 6911163 5
1733 23965 359475 814810 3
1734 22049 88196 242539 2
1735 100340 4916660 9331620 2
1736 43711 611954 1311330 2
1737 10286 82288 627446 5
1738 57831 925296 1272282 3
1739 7150 42900 264550 5
1740 89841 3144435 6468552 5
1741 100364 2810192 5319292 4
1742 117456 352368 3876048 3
1743 34564 622152 1244304 2
1744 12088 290112 314288 1
1745 137584 825504 3439600 1
1746 128287 1539444 6799211 1
1747 73837 295348 2362784 4
1748 147045 3529080 9410880 4
1749 51788 828608 2123308 4
1750 96499 1157988 6272435 2
1751 113878 5580022 6377168 1
1752 36914 1181248 2657808 1
1753 123516 247032 6299316 5
1754 68375 0 820500 2
1755 62956 125912 2014592 5
1756 45835 962535 2016740 5
1757 93216 745728 5686176 1
1758 1806 25284 92106 2
1759 65718 1577232 2760156 5
1760 42361 1270830 2838187 2
1761 142381 3986668 10109051 2
1762 89615 3226140 3853445 5
1763 153879 2769822 6616797 4
1764 130931 1047448 1571172 3
1765 70202 491414 1755050 4
1766 150855 452565 1810260 3
1767 160675 2892150 8837125 2
1768 90340 361360 2168160 4
1769 132258 1587096 8067738 3
1770 127418 3567704 4332212 4
1771 151678 1516780 1668458 2
1772 140527 1686324 3513175 2
1773 110128 4405120 9030496 1
1774 151374 2270610 2573358 4
1775 121908 731448 1584804 2
1776 125751 251502 6287550 5
1777 70526 705260 3949456 4
1778 161863 2266082 3237260 4
1779 160284 3205680 11861016 4
1780 58860 353160 941760 5
1781 84383 1265745 4472299 5
1782 120031 3840992 9122356 5
1783 142119 1136952 7816545 5
1784 145121 1741452 9142623 5
1785 10774 107740 161610 2
1786 59997 1679916 2039898 1
1787 75501 906012 3548547 1
1788 77146 3240132 5091636 2
1789 83008 3984384 6889664 3
1790 146037 5841480 7009776 1
1791 77310 2783160 3710880 2
1792 111450 1337400 5349600 2
1793 61990 123980 2045670 4
1794 16108 193296 676536 1
1795 161379 806895 6293781 3
1796 68823 1927044 5574663 4
1797 16757 33514 871364 2
1798 113123 1357476 3393690 1
1799 111301 3895535 9126682 5
1800 120240 2885760 6613200 1
1801 96300 3081600 6837300 2
1802 40988 327904 1106676 2
1803 72418 1520778 4489916 2
1804 104520 418080 2926560 3
1805 150324 300648 7666524 2
1806 62071 744852 2482840 3
1807 98069 392276 4511174 1
1808 35763 858312 1966965 2
1809 63655 63655 700205 3
1810 95558 3344530 7931314 2
1811 148713 892278 5799807 5
1812 52683 1106343 1633173 1
1813 18680 186800 541720 4
1814 121608 364824 6202008 1
1815 146153 584612 3069213 3
1816 159332 955992 7329272 2
1817 79800 1995000 2394000 3
1818 159111 1431999 2227554 5
1819 93088 1489408 2234112 3
1820 32282 64564 1065306 4
1821 59836 538524 2213932 2
1822 139076 2086140 2364292 2
1823 145361 6977328 8867021 5
1824 47850 0 1148400 4
1825 66534 1330680 2994030 1
1826 159509 319018 4466252 1
1827 37168 260176 297344 3
1828 90390 180780 2440530 2
1829 38170 38170 1603140 4
1830 60122 1202440 2885856 5
1831 34613 138452 173065 4
1832 14566 145660 189358 1
1833 61705 987280 2283085 5
1834 66554 598986 2928376 1
1835 101363 3040890 4662698 1
1836 126902 3045648 6852708 1
1837 150985 452955 1358865 4
1838 63366 2027712 2154444 3
1839 10022 180396 340748 3
1840 130050 4551750 5462100 3
1841 56612 0 1528524 2
1842 30589 367068 1896518 2
1843 17473 209676 768812 3
1844 160511 4815330 6580951 4
1845 106106 424424 5517512 4
1846 5134 123216 215628 5
1847 35218 704360 739578 5
1848 7627 38135 236437 4
1849 31991 767784 799775 4
1850 120518 723108 3374504 3
1851 131180 262360 6821360 3
1852 110695 553475 2656680 2
1853 109667 1096670 6909021 4
1854 62655 250620 939825 4
1855 92496 1664928 5734752 5
1856 115882 1854112 4171752 4
1857 41452 663232 1492272 5
1858 119946 0 1079514 2
1859 51002 0 1377054 4
1860 80289 160578 3131271 5
1861 28077 673848 1431927 4
1862 24271 776672 1310634 5
1863 69210 830520 4221810 5
1864 64918 1622950 4739014 5
1865 44214 353712 972708 2
1866 90637 2537836 4531850 1
1867 4706 9412 108238 4
1868 39874 239244 1355716 4
1869 76516 459096 4131864 5
1870 27810 194670 1307070 1
1871 73913 443478 4139128 2
1872 146302 1170416 8631818 3
1873 33913 271304 712173 5
1874 51053 765795 2501597 5
1875 23423 374768 983766 4
1876 84663 2370564 5672421 3
1877 35429 850296 1204586 3
1878 125982 1511784 3527496 4
1879 153289 3065780 3219069 2
1880 104391 3340512 6785415 3
1881 81324 650592 2033100 5
1882 57907 868605 1968838 5
1883 37849 794829 1968148 3
1884 149938 1199504 4947954 4
1885 97217 1944340 3694246 2
1886 139122 695610 5008392 4
1887 101265 2531625 5164515 1
1888 79784 79784 1037192 2
1889 41458 663328 2611854 4
1890 101194 1214328 4250148 5
1891 128419 1027352 7833559 4
1892 113183 339549 5659150 2
1893 60019 240076 420133 2
1894 122464 1469568 7592768 3
1895 106083 848664 1379079 5
1896 140221 1963094 4206630 2
1897 23998 191984 1007916 3
1898 130491 521964 5872095 5
1899 82063 492378 4349339 5
1900 23753 950120 2066511 1
1901 134671 1885394 8888286 4
1902 61593 369558 2463720 3
1903 15628 625120 797028 4
1904 8277 173817 198648 5
1905 134611 538444 2961442 5
1906 57229 228916 1945786 3
1907 100244 801952 2205368 5
1908 42376 254256 1101776 5
1909 24344 0 24344 5
1910 147050 0 5293800 5
1911 123518 3952576 8893296 4
1912 22629 362064 1425627 4
1913 60365 1690220 4285915 3
1914 83875 1006500 4109875 4
1915 111109 1555526 7222085 4
1916 128217 3077208 5128680 1
1917 157408 3777792 5194464 1
1918 40885 245310 2248675 4
1919 51953 259765 3013274 2
1920 49896 399168 1945944 2
1921 15808 284544 885248 4
1922 11831 35493 153803 4
1923 6227 112086 442117 4
1924 30573 733752 1528650 2
1925 41873 0 1298063 4
1926 139021 1668252 5004756 2
1927 90532 2172768 6970964 5
1928 1679 3358 41975 2
1929 2153 17224 34448 4
1930 143149 2290384 4867066 4
1931 46815 1638525 3370680 1
1932 160190 1922280 2563040 3
1933 138524 4848340 8172916 5
1934 14211 0 298431 2
1935 92971 1394565 4462608 5
1936 126402 4044864 9480150 2
1937 72539 435234 4062184 1
1938 154958 3099160 7437984 1
1939 149483 4783456 12556572 1
1940 43513 348104 2654293 2
1941 99866 599196 2896114 4
1942 43490 0 434900 4
1943 132452 2781492 5960340 1
1944 141303 4239090 8478180 3
1945 59946 719352 2517732 5
1946 52864 264320 1215872 1
1947 38033 1331155 1369188 2
1948 15405 277290 801060 4
1949 161743 485229 2911374 4
1950 129012 4515420 9933924 3
1951 153476 613904 2762568 2
1952 155633 4357724 10116145 2
1953 160184 480552 5926808 3
1954 23715 47430 996030 2
1955 24708 1037736 2050764 1
1956 98059 392236 1863121 4
1957 29707 118828 712968 5
1958 76678 1916950 4447324 1
1959 119379 4297644 10744110 1
1960 13767 137670 151437 4
1961 74773 224319 822503 2
1962 17804 284864 801180 2
1963 33122 231854 529952 2
1964 36676 183380 1870476 4
1965 112683 1352196 6197565 1
1966 130719 784314 5359479 1
1967 41883 628245 1842852 5
1968 142950 1715400 8577000 3
1969 2284 18272 70804 4
1970 18501 74004 444024 3
1971 106225 531125 1912050 1
1972 145874 1166992 3500976 3
1973 108930 1742880 6317940 5
1974 97195 485975 4179385 4
1975 129038 516152 1806532 1
1976 52163 312978 2608150 3
1977 64804 907256 1749708 4
1978 53377 960786 1868195 3
1979 23814 285768 1405026 3
1980 138856 833136 1805128 2
1981 32655 195930 1730715 4
1982 118365 473460 5089695 3
1983 60431 906465 3565429 4
1984 122068 1098612 3784108 2
1985 29239 29239 467824 4
1986 124854 2996496 5743284 3
1987 136350 2045250 7499250 2
1988 34805 696100 2505960 4
1989 88627 531762 1418032 1
1990 137817 1929438 3307608 1
1991 118789 950312 4632771 4
1992 46367 2596552 3987562 5
1993 1531 36744 84205 5
1994 44413 1554455 1776520 5
1995 19190 0 230280 4
1996 161490 645960 1291920 3
1997 74056 888672 1851400 2
1998 19366 929568 1781672 2
1999 137684 1652208 3442100 5
2000 159957 639828 5278581 5
2001 53813 161439 2583024 4
2002 62120 1490880 3975680 5
2003 9780 29340 361860 5
2004 99442 3182144 6165404 4
2005 128018 512072 1024144 2
2006 24956 99824 224604 3
2007 87835 1054020 5621440 2
2008 148813 595252 892878 4
2009 110468 662808 1104680 1
2010 61573 246292 1293033 3
2011 114698 4014430 7684766 2
2012 5934 29670 332304 4
2013 78836 394180 1734392 3
2014 15025 120200 345575 2
2015 33300 1198800 2630700 4
2016 43741 656115 1793381 1
2017 133593 267186 667965 2
2018 123554 3706620 4077282 1
2019 119297 0 4294692 4
2020 154941 1549410 3408702 2
2021 128225 7180600 9745100 2
2022 119133 1072197 5003586 2
2023 46233 647262 2034252 4
2024 83163 665304 2328564 4
2025 135604 6508992 6780200 1
2026 142684 856104 5707360 4
2027 121198 0 727188 1
2028 101848 3564680 6212728 3
2029 80082 240246 2162214 3
2030 43294 1731760 3420226 4
2031 140962 5074632 8457720 2
2032 61793 741516 1050481 5
2033 38286 459432 1416582 1
2034 64735 517880 1942050 5
2035 155310 931860 2484960 1
2036 34759 834216 2676443 1
2037 28404 340848 596484 3
2038 127414 127414 5478802 3
2039 145162 1306458 6096804 4
2040 43625 654375 2486625 5
2041 91198 3830316 6110266 3
2042 128308 769848 6287092 2
2043 117575 2821800 7759950 5
2044 61652 1294692 1541300 2
2045 121012 968096 3267324 1
2046 14256 0 613008 3
2047 122725 1840875 4418100 1
2048 95543 0 2388575 3
2049 73486 293944 2351552 2
2050 51758 155274 2225594 3
2051 116407 1746105 6751606 5
2052 97031 485155 2328744 5
2053 1292 12920 47804 1
2054 101342 2432208 4965758 4
2055 51229 0 409832 5
2056 114016 2052288 4446624 2
2057 92494 2589832 6289592 3
2058 101375 202750 1622000 3
2059 87934 1758680 3957030 2
2060 94619 1419285 4068617 5
2061 66527 2394972 2461499 2
2062 105503 422012 1371539 3
2063 110051 440204 4732193 2
2064 88231 705848 4499781 5
2065 111693 0 1116930 3
2066 53519 802785 1926684 5
2067 83143 1995432 5986296 5
2068 93516 187032 5143380 3
2069 131970 791820 1055760 1
2070 61289 1961248 3554762 4
2071 125453 1505436 5645385 3
2072 54481 1089620 3813670 5
2073 784 1568 35280 2
2074 69842 0 2095260 5
2075 26299 78897 184093 1
2076 106550 639300 1172050 3
2077 99004 1188048 5841236 2
2078 24630 369450 911310 2
2079 119892 959136 3836544 4
2080 119442 238884 5136006 5
2081 81775 1962600 4252300 5
2082 45479 1091496 1318891 5
2083 19174 76696 690264 2
2084 3095 24760 95945 4
2085 46352 695280 1668672 1
2086 154123 8322642 9555626 1
2087 11773 176595 588650 5
2088 12359 148308 506719 5
2089 88910 1066920 1244740 4
2090 117322 938576 5748778 2
2091 93496 2617888 4487808 4
2092 40213 321704 1206390 4
2093 82950 1161300 2322600 2
2094 63672 764064 3056256 4
2095 56295 450360 2758455 4
2096 159512 1914144 2871216 5
2097 29316 586320 762216 5
2098 34049 1430058 2485577 2
2099 157489 2519824 10551763 2
2100 57065 855975 3024445 1
2101 136568 1092544 3960472 1
2102 28752 115008 460032 3
2103 104682 1046820 3559188 1
2104 6121 61210 128541 3
2105 147329 1178632 1620619 1
2106 41533 166132 789127 5
2107 113543 1021887 2157317 4
2108 137834 2756680 7167368 2
2109 125317 2005072 8646873 2
2110 110051 1320612 6493009 4
2111 87437 174874 262311 5
2112 159340 6692280 9879080 4
2113 123312 0 2712864 4
2114 158371 633484 3484162 4
2115 13477 0 215632 5
2116 121041 2904984 9078075 5
2117 154301 462903 6017739 3
2118 153882 4616460 5693634 3
2119 137419 549676 1511609 5
2120 56091 168273 392637 1
2121 90225 1624050 2165400 5
2122 130736 261472 1699568 2
2123 72599 72599 290396 1
2124 47740 286440 572880 5
2125 7280 72800 196560 2
2126 50532 404256 555852 3
2127 7108 35540 369616 2
2128 35061 210366 1051830 1
2129 127608 1276080 2169336 4
2130 8485 127275 322430 1
2131 92428 92428 1478848 4
2132 40871 0 694807 5
2133 75465 1131975 4603365 4
2134 139179 835074 6123876 5
2135 22967 1125383 2204832 3
2136 109952 2748800 6267264 5
2137 124986 0 4999440 3
2138 1764 21168 112896 5
2139 14711 176532 456041 3
2140 159307 1274456 4460596 5
2141 58521 1170420 4154991 5
2142 64466 1289320 4319222 1
2143 99927 1598832 3297591 3
2144 140095 420285 3362280 5
2145 86343 1813203 3194691 2
2146 128836 1030688 3736244 5
2147 30227 181362 967264 5
2148 106539 1491546 5966184 3
2149 15869 380856 714105 2
2150 122001 1464012 7198059 2
2151 39010 702180 2301590 5
2152 158109 3794616 9802758 3
2153 5074 30444 172516 2
2154 156968 627872 8162336 4
2155 7577 22731 151540 4
2156 72823 436938 3859619 5
2157 32373 291357 485595 4
2158 132311 1190799 1455421 4
2159 137547 2750940 9903384 1
2160 57447 459576 1206387 4
2161 90602 2718060 2899264 1
2162 75935 911220 1746505 1
2163 14427 57708 461664 1
2164 11595 371040 660915 2
2165 133020 1197180 3458520 5
2166 6231 93465 199392 1
2167 110520 331560 4862880 3
2168 140043 2520774 6301935 1
2169 51184 921312 2456832 2
2170 157726 3785424 11513998 5
2171 126409 1137681 5941223 4
2172 143637 2585466 7181850 3
2173 26996 323952 512924 1
2174 126861 1902915 3298386 4
2175 19059 381180 1105422 1
2176 11622 0 592722 1
2177 50809 457281 3200967 2
2178 85672 342688 2827176 4
2179 117967 707802 3421043 4
2180 105363 1264356 2317986 5
2181 115994 2783856 2899850 3
2182 85556 513336 5047804 3
2183 14430 404040 865800 3
2184 85979 343916 601853 1
2185 149612 4189136 11968960 1
2186 104441 835528 3655435 4
2187 111545 3123260 7361970 2
2188 69913 1118608 1747825 5
2189 77014 0 1386252 3
2190 99055 1386770 2278265 5
2191 108986 0 1089860 1
2192 161681 808405 8084050 3
2193 19237 115422 269318 5
2194 103412 827296 1964828 2
2195 20348 0 813920 2
2196 16976 203712 1018560 2
2197 83535 2004840 2088375 2
2198 29067 1395216 2005623 1
2199 124529 124529 1618877 2
2200 11906 142872 785796 4
2201 61920 0 3219840 4
2202 77689 233067 3884450 4
2203 111280 333840 1669200 1
2204 19077 286155 1259082 1
2205 29503 531054 855587 4
2206 149737 2096318 10182116 1
2207 47478 474780 2563812 3
2208 159333 1433997 6054654 5
2209 41506 1162168 1867770 1
2210 33780 135120 675600 1
2211 93201 1677618 4753251 4
2212 5503 220120 253138 4
2213 129966 2599320 7148130 5
2214 126038 630190 7058128 2
2215 12838 51352 166894 2
2216 51226 307356 768390 2
2217 97454 1169448 2143988 5
2218 64210 128420 963150 5
2219 81628 3265120 5305820 5
2220 13513 270260 608085 5
2221 58941 471528 3241755 5
2222 108843 435372 4462563 1
2223 53588 267940 910996 4
2224 141031 2256496 5923302 2
2225 156535 3287235 5009120 2
2226 49583 594996 2231235 4
2227 95251 2000271 2571777 5
2228 8593 137488 506987 3
2229 104714 942426 2408422 1
2230 15969 239535 590853 1
2231 44864 538368 1615104 4
2232 159931 1439379 8156481 5
2233 25032 525672 1051344 1
2234 70851 495957 2621487 3
2235 150038 8402128 12153078 3
2236 2453 39248 85855 4
2237 6609 66090 231315 3
2238 36836 736720 810392 2
2239 78645 629160 4246830 3
2240 60002 480016 540018 1
2241 72500 1160000 2972500 2
2242 64183 192549 2503137 4
2243 118503 1896048 4147605 3
2244 28949 810572 1100062 1
2245 157770 5048640 13410450 5
2246 87079 0 4528108 1
2247 35891 717820 1650986 5
2248 5652 180864 412596 3
2249 62695 313475 2570495 5
2250 137726 2065890 7712656 3
2251 99457 2088597 4077737 3
2252 59330 355980 1661240 1
2253 8867 0 469951 1
2254 154467 4634010 11430558 3
2255 79670 398350 1434060 3
2256 99408 3479280 6461520 2
2257 16580 0 613460 5
2258 108235 649410 974115 2
2259 76367 305468 4276552 1
2260 14016 56064 658752 4
2261 132840 5313600 11689920 4
2262 60781 364686 3039050 3
2263 21943 263316 1097150 4
2264 79821 1277136 2314809 3
2265 399 1596 8379 3
2266 93386 1307404 1680948 5
2267 136300 545200 954100 1
2268 29371 528678 1468550 2
2269 27620 331440 994320 1
2270 97490 584940 1072390 2
2271 4190 12570 125700 2
2272 76436 2140208 3439620 3
2273 105642 633852 2007198 5
2274 26227 104908 1075307 3
2275 31055 652155 1739080 5
2276 139130 2921730 6678240 2
2277 33894 813456 1491336 3
2278 102642 410568 4413606 1
2279 22864 457280 685920 3
2280 122856 2211408 4668528 5
2281 50304 1207296 3571584 3
2282 89718 3588720 7446594 5
2283 57235 228940 3033455 4
2284 76446 229338 4357422 1
2285 104162 937458 3853994 4
2286 6312 132552 265104 5
2287 140053 2801060 7702915 4
2288 146587 1759044 3078327 3
2289 32127 578286 1060191 4
2290 119175 357525 4171125 2
2291 56716 226864 907456 4
2292 113164 1131640 3168592 1
2293 136276 4088280 8176560 1
2294 70736 1131776 4597840 5
2295 132012 4224384 9372852 2
2296 48791 731865 2195595 3
2297 41421 994104 1201209 2
2298 86995 2087880 6698615 5
2299 135178 1892492 2568382 2
2300 78635 235905 3617210 1
2301 95983 1727694 4511201 5
2302 101833 509165 3767821 3
2303 99693 3190176 6081273 4
2304 90044 450220 2161056 4
2305 114716 1835456 7571256 2
2306 29616 177696 1451184 1
2307 131651 1053208 2633020 2
2308 108884 4573128 8492952 4
2309 130583 1044664 5223320 3
2310 92191 2212584 3318876 3
2311 107529 3010812 8387262 1
2312 34901 837624 1291337 3
2313 57014 285070 855210 2
2314 80283 1926792 4094433 5
2315 74977 299908 2399264 3
2316 78043 702387 3668021 5
2317 122346 2202228 3915072 1
2318 106199 2654975 3504567 2
2319 57802 404614 3468120 2
2320 48201 48201 819417 2
2321 82131 985572 1149834 5
2322 21490 257880 1181950 3
2323 150260 901560 6310920 1
2324 31809 286281 1749495 4
2325 161748 323496 970488 5
2326 161068 966408 5476312 3
2327 63470 0 2919620 2
2328 76048 228144 2053296 2
2329 46138 830484 1845520 4
2330 148179 2963580 4000833 3
2331 73975 887700 3106950 2
2332 106455 638730 1490370 2
2333 87977 1055724 4486827 3
2334 31407 565326 2072862 1
2335 114228 2284560 3997980 3
2336 119427 955416 6090777 3
2337 44382 887640 1819662 5
2338 126250 3030000 9721250 2
2339 138392 553568 2075880 4
2340 150796 3166716 8896964 4
2341 161692 0 8407984 4
2342 13586 217376 230962 2
2343 132331 1323310 7542867 5
2344 147047 4411410 12351948 2
2345 150777 301554 7689627 2
2346 6011 36066 174319 2
2347 100461 2009220 5023050 5
2348 145080 435240 2901600 3
2349 39352 472224 905096 5
2350 156840 627360 2666280 4
2351 97737 1954740 5277798 2
2352 54424 3047744 4789312 2
2353 142627 285254 998389 3
2354 51117 1073457 3578190 3
2355 45187 316309 1220049 1
2356 69098 1381960 4629566 1
2357 10590 158850 698940 3
2358 98744 0 2666088 4
2359 11560 138720 196520 1
2360 81373 976476 1546087 2
2361 97662 1953240 3808818 4
2362 69532 834384 973448 4
2363 140177 280354 7429381 2
2364 36692 1100760 3008744 5
2365 146145 0 3653625 5
2366 37621 112863 639557 4
2367 109882 0 2197640 1
2368 6283 100528 383263 3
2369 46566 139698 745056 5
2370 50427 252135 2269215 2
2371 64375 1545000 2768125 4
2372 108908 871264 4574136 4
2373 150141 600564 2402256 3
2374 87578 1226092 1401248 5
2375 48072 1201800 2163240 5
2376 152850 1222800 3362700 1
2377 25141 502820 1458178 2
2378 80331 803310 4177212 1
2379 108817 0 108817 3
2380 80526 2254728 2576832 1
2381 129028 3870840 6451400 2
2382 40486 0 2186244 4
2383 149316 298632 3583584 5
2384 94255 377020 1508080 2
2385 105025 2100500 4726125 3
2386 115633 3700256 4278421 5
2387 61187 978992 1835610 1
2388 129299 3103176 6206352 3
2389 138102 4143060 8976630 1
2390 28501 114004 1368048 3
2391 1558 18696 90364 5
2392 107481 4299240 6448860 4
2393 59674 238696 656414 3
2394 18454 73816 332172 1
2395 112401 2360421 3147228 1
2396 137377 1648524 6044588 4
2397 142283 4268490 7825565 5
2398 149528 2093392 6728760 2
2399 12597 352716 604656 3
2400 60409 724908 3684949 1
2401 126025 3024600 9325850 4
2402 76519 0 1300823 1
2403 7125 228000 463125 1
2404 110341 772387 1103410 4
2405 87735 1316025 3421665 4
2406 62888 1509312 2138192 3
2407 141588 2265408 6796224 5
2408 119736 718416 2155248 5
2409 62792 313960 690712 1
2410 62752 0 3200352 1
2411 29050 522900 900550 4
2412 97633 488165 585798 2
2413 14139 169668 706950 3
2414 7885 110390 370595 2
2415 106634 2665850 3412288 2
2416 155655 933930 5447925 4
2417 115657 1156570 1503541 2
2418 38505 462060 1347675 3
2419 85187 0 2981545 4
2420 79098 1107372 4983174 1
2421 10853 108530 596915 3
2422 128833 5410986 10048974 2
2423 3664 21984 124576 5
2424 20337 854154 1199883 3
2425 31121 93363 435694 5
2426 102999 411996 617994 5
2427 141327 423981 4239810 3
2428 56762 113524 2043432 2
2429 47661 190644 2240067 5
2430 91468 548808 5488080 5
2431 48336 290016 2368464 2
2432 14200 71000 781000 2
2433 102602 5745712 10568006 3
2434 103045 412180 5358340 3
2435 37732 1207424 2377116 1
2436 96856 1549696 6198784 2
2437 148972 3575328 6554768 5
2438 15124 45372 257108 4
2439 41307 82614 165228 5
2440 83091 1495638 2658912 3
2441 62605 2003360 5258820 4
2442 26150 313800 1255200 2
2443 112636 1351632 3379080 2
2444 24073 0 168511 4
2445 56058 560580 2690784 3
2446 7578 113670 462258 3
2447 42382 84764 890022 2
2448 129445 1941675 6731140 4
2449 30439 487024 1521950 5
2450 123613 370839 741678 3
2451 41346 248076 2480760 3
2452 21352 1024896 1174360 2
2453 90231 541386 5143167 1
2454 28742 804776 2328102 2
2455 3203 76872 131323 5
2456 145461 581844 4509291 5
2457 21288 510912 1213416 4
2458 31964 255712 1726056 2
2459 39597 158388 831537 4
2460 48488 436392 2618352 1
2461 61460 184380 1106280 3
2462 48232 289392 2411600 1
2463 17402 139216 261030 5
2464 53134 1594020 3188040 5
2465 401 1604 3609 2
2466 136152 544608 2314584 3
2467 142969 3431256 4575008 4
2468 55045 55045 1431170 4
2469 139808 1258272 3774816 2
2470 108614 651684 1520596 2
2471 18971 474275 588101 3
2472 121893 2437860 5850864 4
2473 122623 2452460 4782297 3
2474 72547 0 3119521 5
2475 109086 2727150 6108816 5
2476 37655 112965 1769785 4
2477 29306 615426 1670442 2
2478 11017 22034 88136 5
2479 29026 174156 522468 3
2480 6432 57888 141504 2
2481 113436 907488 5671800 3
2482 159642 2394630 4150692 1
2483 88959 711672 1067508 1
2484 52519 1102899 1733127 1
2485 133667 4678345 9356690 2
2486 11100 266400 499500 5
2487 136457 1364570 5048909 2
2488 112153 1009377 5607650 3
2489 102915 1543725 4631175 4
2490 107039 1070390 5030833 2
2491 55716 334296 557160 5
2492 94978 4653922 5413746 3
2493 113665 2841625 3750945 3
2494 7287 0 255045 4
2495 125192 1877880 6384792 5
2496 121811 487244 1827165 1
2497 62173 186519 1305633 2
2498 157495 472485 1259960 2
2499 66394 1859032 2390184 5
2500 110647 2323587 7192055 2
2501 14113 169356 578633 4
2502 104508 940572 4075812 2
2503 91001 455005 1820020 2
2504 132012 1056096 3168288 5
2505 18911 151288 869906 3
2506 157171 1886052 8801576 3
2507 50749 456741 1826964 2
2508 99711 598266 4985550 4
2509 87360 3144960 7775040 4
2510 75289 2409248 3237427 1
2511 24010 480200 1224510 4
2512 151100 2719800 4533000 3
2513 78378 548646 1254048 4
2514 101494 4262748 6292628 2
2515 149661 0 8081694 5
2516 12895 77370 747910 5
2517 33431 601758 2306739 5
2518 125107 2502140 7005992 4
2519 145562 4657984 11499398 4
2520 39678 1428408 3412308 5
2521 3538 14152 24766 3
2522 114423 4576920 8124033 2
2523 109541 0 3505312 3
2524 83663 585641 2928205 5
2525 51465 360255 669045 5
2526 120634 2171412 4101556 1
2527 62432 249728 437024 5
2528 30407 121628 1763606 1
2529 137530 4125900 7151560 2
2530 106192 1061920 4778640 1
2531 121714 121714 3529706 1
2532 1550 49600 75950 3
2533 10823 129876 671026 3
2534 35483 745143 1951565 3
2535 139150 2087250 2226400 1
2536 150798 0 2412768 2
2537 69891 2516076 3913896 1
2538 117315 703890 4575285 5
2539 161582 1292656 3070058 2
2540 97105 1359470 3204465 5
2541 2441 12205 51261 4
2542 158889 794445 6037782 1
2543 65413 784956 915782 5
2544 141901 283802 1277109 3
2545 146347 3512328 10829678 1
2546 55048 495432 1100960 3
2547 70527 0 634743 4
2548 30163 482608 1749454 5
2549 78521 1099294 5025344 2
2550 30626 61252 1194414 1
2551 13148 157776 512772 1
2552 68969 965566 3241543 2
2553 142159 568636 7107950 4
2554 123008 2583168 4920320 5
2555 22551 157857 473571 4
2556 4114 82280 193358 5
2557 72815 1092225 4587345 5
2558 53736 322416 2848008 1
2559 144477 2311632 4045356 3
2560 111357 890856 4454280 5
2561 3472 55552 90272 1
2562 98707 1974140 4639229 3
2563 86919 4867464 8083467 1
2564 36374 218244 1236716 4
2565 16208 259328 956272 5
2566 96675 193350 5123775 1
2567 54216 216864 1409616 5
2568 1389 33336 62505 2
2569 37714 301712 1734844 1
2570 140050 2941050 8262950 1
2571 120998 0 604990 5
2572 68097 2451492 2996268 1
2573 126807 1141263 6593964 4
2574 22994 551856 1586586 2
2575 76192 2438144 3276256 4
2576 160424 1122968 1283392 3
2577 131062 3931860 10222836 3
2578 81093 2027325 3892464 2
2579 62773 941595 3954699 1
2580 36609 146436 658962 2
2581 90096 540576 3243456 4
2582 71935 431610 2229985 3
2583 110353 1103530 2207060 1
2584 27806 27806 973210 3
2585 69312 831744 3534912 4
2586 145296 1017072 6393024 2
2587 71432 1000048 4357352 5
2588 39518 632288 2331562 4
2589 61378 245512 368268 1
2590 101645 813160 2439480 4
2591 4484 107616 192812 1
2592 28830 86490 605430 4
2593 60954 2438160 5242044 2
2594 89676 179352 3766392 3
2595 154987 2479792 6974415 4
2596 154265 2468240 4936480 3
2597 30767 246136 1322981 5
2598 136984 5479360 9177928 3
2599 84000 504000 3360000 5
2600 70484 563872 916292 3
2601 21334 192006 576018 4
2602 42508 255048 1360256 2
2603 143669 574676 6752443 1
2604 27525 660600 963375 2
2605 20924 627720 1652996 5
2606 144737 868422 7236850 3
2607 156362 1250896 4378136 5
2608 7111 35555 71110 2
2609 104497 1671952 5433844 2
2610 73652 662868 1252084 1
2611 7280 131040 254800 3
2612 154102 924612 4931264 1
2613 146594 586376 7476294 2
2614 20622 329952 556794 5
2615 97090 582540 3592330 1
2616 57282 916512 2692254 5
2617 6273 150552 338742 5
2618 105175 315525 4101825 2
2619 8052 48312 370392 3
2620 57494 344964 1092386 3
2621 105159 0 420636 1
2622 149824 4494720 5094016 4
2623 89720 1076640 1256080 3
2624 93157 2235768 5216792 1
2625 78366 470196 2115882 4
2626 59556 1429344 3394692 4
2627 14984 59936 449520 1
2628 4179 66864 229845 2
2629 58152 174456 2674992 2
2630 94807 758456 1896140 2
2631 130147 780882 6767644 4
2632 51638 413104 2478624 1
2633 77306 1855344 4483748 2
2634 71956 503692 2662372 2
2635 68683 549464 1923124 2
2636 111750 447000 3017250 1
2637 136726 273452 957082 1
2638 53622 1715904 2949210 2
2639 44498 622972 1201446 4
2640 26777 481986 696202 4
2641 3403 81672 210986 2
2642 85809 1801989 2488461 2
2643 150019 1200152 7500950 2
2644 93266 186532 4290236 5
2645 8104 129664 542968 4
2646 10442 375912 710056 5
2647 25834 387510 878356 3
2648 44733 670995 2281383 1
2649 77770 1088780 3577420 2
2650 79838 319352 2554816 5
2651 139998 1119984 5739918 4
2652 152702 152702 5802676 3
2653 127882 3069168 4987398 3
2654 14171 85026 751063 4
2655 161711 161711 5983307 4
2656 114566 229132 5728300 3
2657 20500 307500 1066000 1
2658 46900 750400 1125600 5
2659 5340 10680 165540 2
2660 51392 154176 411136 1
2661 125257 1127313 3757710 1
2662 125102 1501224 7881426 2
2663 152633 457899 3052660 3
2664 103645 414580 1761965 3
2665 53979 1295496 3238740 2
2666 85524 513144 1111812 2
2667 154293 4320204 5091669 4
2668 139239 1670868 6404994 4
2669 44367 177468 1819047 4
2670 101647 1626352 2032940 2
2671 77373 77373 3094920 3
2672 143094 858564 2003316 3
2673 17092 68368 717864 4
2674 104520 1254240 3867240 2
2675 83106 1163484 3241134 3
2676 154903 4956896 9449083 4
2677 78845 630760 4809545 2
2678 67830 1017450 1153110 5
2679 132908 531632 2259436 2
2680 43339 260034 1603543 3
2681 157302 1101114 9123516 5
2682 28028 420420 812812 3
2683 3036 60720 206448 3
2684 23655 165585 236550 1
2685 51800 103600 2331000 2
2686 94888 664216 4744400 1
2687 107517 860136 1075170 3
2688 17495 34990 664810 3
2689 107667 5168016 7106022 2
2690 49920 99840 948480 3
2691 44889 628446 2828007 2
2692 120678 965424 6637290 1
2693 123213 1232130 6160650 4
2694 83732 167464 4019136 2
2695 146873 2937460 9840491 4
2696 95088 285264 4374048 4
2697 65333 2613320 3397316 4
2698 68274 204822 3208878 2
2699 103677 725739 4043403 1
2700 55318 3097808 5144574 1
2701 126349 758094 7580940 4
2702 136994 547976 3424850 5
2703 120576 120576 1929216 1
2704 99141 2379384 3271653 2
2705 47100 1648500 2072400 5
2706 36850 884400 1068650 3
2707 85386 683088 3244668 1
2708 26053 130265 182371 5
2709 151699 5461164 7888348 3
2710 90044 720352 4592244 4
2711 23192 347880 440648 5
2712 150441 2256615 8424696 5
2713 22972 275664 1079684 2
2714 2825 70625 104525 2
2715 47677 0 333739 5
2716 146351 585404 2341616 2
2717 87700 87700 3771100 5
2718 83922 2014128 2937270 2
2719 124933 999464 5247186 1
2720 68101 0 817212 4
2721 33318 333180 1765854 2
2722 30826 123304 801476 3
2723 9391 0 394422 1
2724 23440 351600 1007920 3
2725 96703 2707684 7542834 3
2726 140470 2247520 7304440 5
2727 82942 1327072 2985912 1
2728 126760 1901400 6464760 1
2729 152403 914418 2743254 2
2730 32959 263672 1285401 3
2731 144610 2602980 6652060 4
2732 118949 832643 5828501 5
2733 119062 2143116 4762480 2
2734 133018 3724504 6517882 4
2735 66941 267764 736351 3
2736 48153 385224 2215038 4
2737 96996 581976 4461816 4
2738 135183 3244392 5542503 1
2739 59694 59694 2387760 2
2740 99483 1193796 2586558 1
2741 103009 824072 4017351 1
2742 105756 634536 2115120 5
2743 10621 127452 626639 4
2744 65957 1187226 4616990 4
2745 129258 517032 6721416 4
2746 8547 179487 564102 1
2747 17562 210744 720042 5
2748 40832 244992 1388288 3
2749 8443 16886 168860 5
2750 21524 904008 1549728 1
2751 84551 0 2198326 2
2752 144136 8071616 9368840 2
2753 10392 41568 301368 3
2754 148765 4165420 7735780 1
2755 13030 416960 925130 5
2756 130401 1564812 8476065 3
2757 123013 984104 5412572 5
2758 19907 418047 1313862 2
2759 156308 1875696 9222172 3
2760 134482 1075856 2017230 3
2761 108505 1627575 4014685 1
2762 106491 2129820 7347879 4
2763 23519 352785 1011317 4
2764 89747 717976 1615446 4
2765 89916 539496 3956304 5
2766 119493 358479 3823776 5
2767 21548 344768 1034304 2
2768 3194 19164 89432 4
2769 58429 525861 1928157 1
2770 67076 1878128 4628244 2
2771 122860 1965760 2580060 5
2772 94166 1883320 3578308 5
2773 13373 160476 481428 1
2774 56067 560670 2971551 4
2775 72289 867468 1012046 3
2776 86061 1032732 3786684 2
2777 84127 252381 757143 3
2778 8833 185493 317988 3
2779 97676 586056 1855844 5
2780 20788 249456 1122552 3
2781 82348 988176 2635136 2
2782 63660 509280 827580 4
2783 116661 1866576 3616491 5
2784 28144 0 1463488 4
2785 154991 774955 1859892 4
2786 39012 156048 1794552 3
2787 112307 2358447 6626113 5
2788 95994 959940 2879820 3
2789 56755 454040 2440465 2
2790 114447 457788 2861175 5
2791 64565 645650 1549560 3
2792 92653 3706120 5929792 5
2793 8442 50652 160398 1
2794 57959 57959 231836 3
2795 148955 297910 2681190 5
2796 38862 544068 893826 5
2797 157796 473388 788980 4
2798 134133 1877862 5097054 1
2799 94772 1516352 3790880 5
2800 29578 207046 1538056 4
2801 113757 341271 3981495 1
2802 65212 521696 978180 3
2803 19461 77844 797901 3
2804 134910 404730 7285140 3
2805 63579 254316 3115371 5
2806 43708 1092700 1398656 2
2807 140690 1125520 5205530 5
2808 96658 1449870 5122874 5
2809 106885 3420320 8978340 2
2810 2352 32928 56448 4
2811 34344 1373760 3022272 2
2812 12933 181062 232794 1
2813 99019 1188228 1683323 5
2814 3170 177520 310660 1
2815 6848 164352 253376 2
2816 45262 0 1629432 2
2817 7566 22698 30264 2
2818 109483 1094830 3941388 1
2819 134315 402945 6984380 4
2820 8928 178560 616032 5
2821 72339 1736136 5353086 4
2822 145797 291594 3353331 1
2823 98526 788208 3941040 3
2824 125473 3136825 9661421 3
2825 895 42960 76970 3
2826 37393 224358 1832257 5
2827 144390 3465360 5631210 1
2828 103351 206702 4237391 5
2829 12668 101344 456048 5
2830 119735 0 838145 3
2831 137150 3840200 5623150 2
2832 45745 0 2058525 5
2833 46123 461230 2213904 3
2834 75662 151324 378310 2
2835 55182 1379550 2979828 3
2836 80236 1283776 2487316 4
2837 129779 389337 519116 2
2838 99387 2087127 6161994 1
2839 30838 493408 986816 1
2840 95911 959110 5850571 2
2841 72386 2171580 4705090 5
2842 108930 3485760 9367980 1
2843 147750 4728000 9751500 2
2844 30354 121416 242832 3
2845 60053 1261113 1681484 1
2846 68021 1020315 2312714 5
2847 103363 930267 1033630 5
2848 42916 257496 1974136 4
2849 126666 126666 5066640 3
2850 132271 1058168 7010363 1
2851 150858 2262870 5883462 2
2852 125385 376155 4012320 1
2853 41802 125406 1588476 3
2854 120705 482820 6035250 4
2855 64206 642060 2504034 4
2856 50298 804768 2816688 5
2857 60491 1693748 4536825 2
2858 112406 1348872 2585338 2
2859 9273 111276 315282 1
2860 40810 326480 2366980 1
2861 127816 766896 7413328 2
2862 41311 578354 1074086 5
2863 54948 274740 824220 2
2864 77144 77144 3085760 2
2865 28314 113256 1415700 2
2866 5023 140644 190874 2
2867 144364 4330920 10249844 3
2868 45703 731248 1782417 5
2869 88295 529770 4061570 1
2870 126077 2017232 2143309 3
2871 123086 492344 861602 3
2872 51200 1075200 1228800 5
2873 116471 1397652 5590608 5
2874 794 9528 12704 2
2875 117363 0 5985513 4
2876 80554 1208310 3544376 5
2877 108261 216522 3247830 2
2878 49388 493880 987760 5
2879 87726 263178 1491342 5
2880 142579 1710948 7984424 5
2881 147887 8281672 10795751 2
2882 116473 465892 4775393 5
2883 102153 2758131 4290426 3
2884 105180 1682880 5784900 5
2885 31818 477270 1209084 1
2886 34788 278304 1565460 5
2887 71535 2289120 5794335 1
2888 75027 1575567 5251890 4
2889 155051 2170714 2945969 4
2890 21778 108890 696896 4
2891 156959 1883508 5022688 5
2892 118325 1419900 1656550 2
2893 67848 1356960 2238984 3
2894 39955 1438380 3595950 2
2895 46020 0 1748760 1
2896 37204 297632 1190528 1
2897 148702 148702 6691590 3
2898 57315 343890 2349915 5
2899 49760 199040 1642080 2
2900 122720 981760 6749600 5
2901 34261 411132 2261226 4
2902 141330 2261280 5511870 3
2903 5606 89696 151362 2
2904 111845 447380 5256715 3
2905 58202 465616 3084706 2
2906 72965 729650 1459300 1
2907 96720 2321280 7060560 3
2908 48228 675192 1832664 5
2909 87149 610043 1045788 2
2910 80212 320848 1122968 1
2911 42842 128526 642630 1
2912 121043 121043 3631290 2
2913 118502 2133036 7939634 2
2914 49060 490600 932140 1
2915 153363 1226904 4907616 5
2916 80229 641832 3289389 5
2917 84995 2719840 6289630 2
2918 50357 201428 2165351 3
2919 91109 1457744 6377630 2
2920 93033 1302462 2604924 5
2921 47331 47331 2603205 5
2922 126737 2027792 5069480 4
2923 1093 21860 68859 1
2924 156749 2351235 2978231 1
2925 154473 926838 2471568 1
2926 5592 44736 78288 2
2927 68895 1446795 1515690 3
2928 2755 11020 93670 5
2929 1896 30336 106176 4
2930 130798 523192 1700374 2
2931 109267 983403 1092670 5
2932 109898 1318776 5714696 1
2933 76035 912420 3953820 2
2934 45677 137031 2192496 4
2935 59291 1245111 4091079 2
2936 50691 912438 2585241 2
2937 130046 1560552 5071794 1
2938 81188 974256 1136632 1
2939 111559 4462360 9259397 5
2940 7285 87420 203980 2
2941 130716 522864 3660048 3
2942 27655 55310 1050890 4
2943 33547 805128 2214102 1
2944 86244 172488 517464 2
2945 3348 83700 167400 3
2946 114382 1143820 7320448 5
2947 23077 553848 1407697 1
2948 153507 1074549 8903406 1
2949 25000 525000 1675000 1
2950 82445 742005 2143570 3
2951 93623 1872460 3651297 1
2952 126575 2278350 5695875 5
2953 5946 95136 416220 4
2954 73908 1330344 3030228 2
2955 63944 255776 447608 4
2956 100987 201974 5655272 1
2957 149265 4179420 11791935 4
2958 131257 918799 4856509 4
2959 124963 1499556 7747706 4
2960 140887 2535966 5776367 4
2961 146974 2645532 9700284 4
2962 65015 1560360 3250750 5
2963 4363 4363 39267 2
2964 69317 138634 1178389 3
2965 40351 484212 1614040 2
2966 106028 2120560 3180840 3
2967 55244 276220 497196 3
2968 16435 32870 65740 1
2969 92766 2226384 6771918 5
2970 138789 416367 1804257 4
2971 21726 195534 412794 5
2972 151413 1211304 3785325 5
2973 98083 1176996 3138656 3
2974 80634 2580288 5725014 5
2975 4033 12099 145188 2
2976 39682 198410 1547598 2
2977 41574 166296 1995552 5
2978 152031 3040620 5929209 3
2979 90320 361280 5057920 5
2980 23706 94824 1043064 5
2981 15856 95136 539104 2
2982 122028 1464336 3172728 1
2983 113716 1023444 4548640 1
2984 144772 5790880 11147444 5
2985 97602 780816 3220866 4
2986 78982 78982 3633172 3
2987 122422 1101798 5141724 1
2988 106146 424584 5201154 3
2989 108163 1730608 3569379 1
2990 53805 1129905 3120690 2
2991 84310 1348960 5227220 4
2992 150881 1207048 5280835 1
2993 15808 553280 932672 2
2994 156219 937314 2655723 3
2995 41216 577024 1195264 3
2996 155598 1400382 3111960 2
2997 100335 602010 2909715 4
2998 31315 250520 1910215 2
2999 1089 1089 3267 1
3000 103382 413528 2894696 4
