0001 145459 872754 4072852 2
0002 20615 20615 700910 4
0003 136559 1365590 5052683 4
0004 159090 1590900 6681780 1
0005 10036 60216 220792 3
0006 126753 3802590 4816614 1
0007 7811 70299 242141 3
0008 41761 1002264 1712201 5
0009 143176 4581632 6442920 4
0010 64134 1603350 3655638 2
0011 150407 1052849 5565059 3
0012 97189 5442584 7677931 3
0013 32487 64974 1266993 1
0014 68837 826044 2959991 1
0015 64331 64331 3087888 5
0016 105884 0 1588260 2
0017 129997 389991 5719868 4
0018 79272 1268352 5469768 5
0019 101524 203048 913716 5
0020 145190 2177850 7404690 5
0021 9638 0 433710 3
0022 13254 278334 622938 4
0023 20876 751536 1795336 3
0024 49710 1193040 2684340 5
0025 95026 1140312 3515962 4
0026 116550 932400 5244750 1
0027 61680 370080 2220480 3
0028 115712 2082816 5438464 3
0029 14103 56412 465399 5
0030 81908 1720068 5160204 2
0031 117026 351078 2340520 2
0032 81200 324800 2273600 2
0033 158330 5066560 10608110 3
0034 82938 1244070 5308032 5
0035 70772 849264 990808 2
0036 103666 3731976 8085948 1
0037 117020 2925500 7840340 3
0038 11685 116850 595935 5
0039 109848 1318176 2087112 2
0040 16965 101790 237510 4
0041 57988 2435496 4349100 1
0042 101888 0 5400064 2
0043 118051 1416612 5194244 4
0044 131826 395478 5404866 4
0045 99998 899982 3799924 3
0046 70320 843840 1898640 4
0047 98470 3151040 7385250 5
0048 18921 56763 189210 3
0049 63193 758316 3475615 1
0050 67065 1073040 1341300 1
0051 103400 827200 2895200 4
0052 136929 2053935 5340231 3
0053 123531 2223558 4447116 2
0054 16103 32206 96618 3
0055 68068 272272 3947944 4
0056 26228 734384 1049120 2
0057 126620 253240 6710860 5
0058 125308 5012320 6891940 1
0059 102747 3082410 5856579 5
0060 59161 709932 1952313 2
0061 109214 873712 1201354 3
0062 109409 0 2078771 5
0063 68389 820668 1436169 4
0064 63183 63183 1390026 3
0065 103567 1242804 5696185 5
0066 93191 652337 2795730 1
0067 109106 872848 6328148 5
0068 153853 1846236 4154031 1
0069 159249 955494 2707233 3
0070 24206 847210 871416 1
0071 37279 149116 260953 1
0072 45892 550704 2982980 3
0073 144858 2172870 4490598 2
0074 75293 0 1279981 3
0075 39895 119685 638320 2
0076 135884 0 2310028 2
0077 36044 504616 2270772 1
0078 124671 1496052 7106247 4
0079 76276 610208 686484 2
0080 98680 394720 3651160 4
0081 48694 0 97388 3
0082 82027 3445134 4511485 1
0083 18060 379260 1065540 2
0084 33878 609804 1998802 2
0085 122643 2943432 4047219 4
0086 138077 1242693 1518847 3
0087 107564 430256 1398332 2
0088 155121 7445808 11944317 2
0089 33599 100797 167995 3
0090 123097 492388 2092649 1
0091 44053 264318 1762120 5
0092 109243 983187 5899122 1
0093 67682 541456 676820 5
0094 36007 288056 864168 2
0095 126941 1015528 6981755 4
0096 67400 1078400 4178800 3
0097 47314 993594 2176444 5
0098 126869 761214 4186677 5
0099 117245 1055205 1993165 1
0100 55730 835950 3845370 3
0101 130487 2609740 7959707 3
0102 46434 139302 1207284 2
0103 7719 216132 625239 1
0104 95585 0 3441060 5
0105 106507 4473294 5751378 1
0106 21175 592900 868175 1
0107 56430 451440 1636470 5
0108 138408 415224 5121096 1
0109 150127 2702286 10358763 4
0110 30310 363720 545580 3
0111 138526 2909046 7203352 4
0112 323 2907 4199 3
0113 27605 552100 1601090 5
0114 74579 894948 3505213 1
0115 146402 3513648 4977668 2
0116 72301 578408 2892040 1
0117 23243 650804 1348094 2
0118 2029 71015 140001 3
0119 107894 1942092 7768368 4
0120 94898 948980 2941838 5
0121 139048 1668576 2920008 5
0122 74347 892164 1784328 4
0123 147479 1179832 9143698 2
0124 78738 472428 3149520 3
0125 160567 3371907 7707216 3
0126 93695 0 4778445 4
0127 65715 1182870 1380015 3
0128 64209 3082032 3980958 3
0129 30052 360624 1412444 5
0130 24575 24575 172025 1
0131 139638 1675656 6004434 1
0132 150100 2401600 3752500 3
0133 147880 2661840 2809720 5
0134 935 8415 32725 2
0135 119261 1431132 3339308 5
0136 28530 399420 912960 4
0137 30403 851284 1246523 5
0138 102077 2449848 3266464 1
0139 57553 345318 2877650 4
0140 88758 1065096 2662740 3
0141 138594 4157820 5266572 4
0142 57918 463344 2142966 4
0143 90325 2167800 5238850 3
0144 95547 1433205 2675316 1
0145 16424 98544 492720 5
0146 88992 266976 2936736 5
0147 217 1302 2604 4
0148 689 2756 7579 5
0149 5388 53880 167028 3
0150 131575 526300 2368350 1
0151 18046 866208 1786554 1
0152 107426 966834 1074260 2
0153 46799 280794 2246352 5
0154 63291 886074 2658222 5
0155 77555 1628655 2016430 5
0156 58181 116362 1745430 4
0157 77955 1247280 4911165 3
0158 142249 1706988 2418233 2
0159 48196 867528 1976036 1
0160 80265 1284240 5136960 2
0161 5599 16797 307945 5
0162 124810 1872150 8611890 4
0163 57848 1156960 3123792 1
0164 90173 1082076 2073979 1
0165 63486 761832 2285496 4
0166 100055 600330 4402420 1
0167 53140 1275360 3135260 3
0168 38063 228378 304504 4
0169 124576 2242368 4235584 1
0170 153996 3079920 7083816 1
0171 46010 1150250 2300500 1
0172 127284 509136 5345928 5
0173 126479 252958 1517748 1
0174 69581 556648 4244441 3
0175 158860 0 4606940 2
0176 84538 2536140 5748584 4
0177 52182 834912 3235284 3
0178 110112 1321344 1761792 4
0179 139519 1255671 7952583 4
0180 65127 1302540 1432794 5
0181 70097 1472037 1682328 5
0182 76795 691155 3532570 2
0183 83090 747810 3406690 4
0184 880 880 2640 3
0185 83101 498606 1911323 2
0186 142828 285656 571312 4
0187 135138 4324416 6486624 1
0188 53826 807390 2906604 4
0189 113480 907840 3631360 1
0190 106290 212580 2444670 3
0191 63037 1575925 2521480 4
0192 156917 1569170 5178261 1
0193 2501 17507 130052 1
0194 77236 386180 2085372 4
0195 146054 1460540 3359242 3
0196 43368 1387776 3165864 5
0197 17557 421368 456482 1
0198 157385 472155 5508475 4
0199 78100 1640100 4998400 1
0200 7128 85536 163944 4
0201 42215 0 1224235 1
0202 95325 190650 5338200 5
0203 37693 226158 829246 3
0204 128992 3095808 5417664 2
0205 117929 1768935 3066154 5
0206 72126 1731024 1803150 1
0207 36436 182180 364360 2
0208 91923 0 4412304 4
0209 112620 1351440 6419340 5
0210 69871 1117936 1467291 2
0211 20508 205080 656256 2
0212 128028 2048448 5889288 1
0213 51163 358141 665119 2
0214 142400 0 3987200 1
0215 4198 8396 218296 1
0216 52433 1048660 1153526 4
0217 106390 319170 425560 4
0218 154666 618664 5877308 5
0219 36343 872232 1235662 1
0220 112832 338496 2707968 5
0221 22910 137460 756030 5
0222 45132 812376 2076072 2
0223 49860 797760 2891880 1
0224 6907 41442 117419 2
0225 68152 1431192 2385320 4
0226 16634 133072 282778 2
0227 22071 176568 750414 3
0228 110740 1661100 6865880 5
0229 120369 3611070 4574022 3
0230 83380 416900 3001680 1
0231 128347 513388 2181899 2
0232 70614 847368 2471490 2
0233 57908 2084688 4690548 5
0234 8818 61726 88180 4
0235 107885 1726160 1941930 4
0236 46240 277440 2358240 5
0237 156955 2197370 4237785 3
0238 91431 2560068 4205826 1
0239 145575 873450 5823000 1
0240 66680 400080 2067080 3
0241 140561 1124488 5903562 3
0242 109294 655764 5901876 4
0243 24405 195240 244050 3
0244 157004 942024 1413036 1
0245 31648 506368 601312 4
0246 130456 1565472 6783712 5
0247 71314 2495990 6061690 5
0248 105049 3676715 7773626 2
0249 77678 466068 1631238 4
0250 93588 1123056 3556344 5
0251 11061 22122 99549 4
0252 25975 77925 1376675 3
0253 120925 2902200 8948450 5
0254 106176 0 3397632 2
0255 18811 150488 583141 2
0256 4190 25140 33520 1
0257 150358 3007160 5713604 3
0258 13609 108872 762104 5
0259 34873 209238 627714 3
0260 60436 483488 2296568 4
0261 89775 1077300 4219425 4
0262 51332 0 2515268 5
0263 4161 49932 166440 3
0264 17097 410328 1282275 1
0265 157503 6300120 7717647 3
0266 41428 207140 745704 1
0267 12845 205520 321125 4
0268 9905 277340 406105 2
0269 39067 1093876 1328278 5
0270 147785 1182280 6354755 3
0271 129680 2074880 3501360 1
0272 155840 467520 935040 4
0273 30020 360240 1711140 4
0274 132837 1992555 6907524 4
0275 144921 1159368 7680813 5
0276 5291 158730 439153 2
0277 65377 980655 3203473 5
0278 23596 566304 1250588 1
0279 35165 210990 1160445 3
0280 138776 4440832 8881664 1
0281 120404 0 2167272 1
0282 147204 736020 2060856 1
0283 27388 109552 794252 1
0284 140301 2104515 3928428 1
0285 36703 1174496 1358011 5
0286 110340 3972240 9047880 2
0287 19884 278376 477216 2
0288 21449 450429 900858 5
0289 84018 1680360 2100450 2
0290 143602 3446448 5456876 1
0291 152469 1372221 8843202 3
0292 125194 1126746 3004656 3
0293 104203 104203 5210150 1
0294 66886 1337720 1872808 4
0295 1353 5412 8118 5
0296 150349 3157329 5863611 1
0297 126027 252054 2394513 4
0298 17111 0 923994 2
0299 33059 528944 1090947 1
0300 78924 473544 1815252 1
0301 22056 705792 1786536 3
0302 99512 1393168 5373648 1
0303 95509 573054 4966468 1
0304 124730 249460 3991360 2
0305 126483 252966 6197667 5
0306 158378 1583780 3167560 2
0307 77122 308488 4395954 2
0308 66586 799032 1864408 5
0309 124214 1490568 7825482 3
0310 6527 365512 463417 1
0311 88625 1418000 2924625 5
0312 52960 52960 1959520 3
0313 153045 1836540 6274845 4
0314 136486 545944 7233758 1
0315 42322 507864 1862168 5
0316 73167 1097505 4536354 3
0317 145424 872544 1745088 5
0318 130871 1308710 2748291 3
0319 61411 0 3131961 1
0320 6855 109680 383880 1
0321 33416 33416 1370056 5
0322 144285 6059970 10388520 3
0323 118825 1425900 2495325 5
0324 49714 397712 2137702 5
0325 94959 949590 2089098 2
0326 306 6426 12852 1
0327 54501 1090020 3488064 1
0328 27862 780136 975170 5
0329 46938 751008 844884 3
0330 48349 96698 2224054 5
0331 115923 811461 6723534 4
0332 47452 711780 1945532 3
0333 31715 444010 2093190 5
0334 36866 0 663588 4
0335 92710 278130 4171950 1
0336 27814 111256 1168188 3
0337 116073 1392876 2785752 1
0338 117458 234916 2114244 5
0339 38142 762840 1220544 1
0340 110031 3520992 9462666 2
0341 50641 151923 607692 1
0342 41117 1644680 2425903 2
0343 105415 421660 2846205 3
0344 114514 2404794 4809588 1
0345 135786 135786 5431440 5
0346 39915 79830 1915920 5
0347 71634 1289412 3151896 3
0348 112600 337800 1689000 5
0349 98584 394336 2168848 3
0350 1713 0 27408 5
0351 128283 2565660 9492942 5
0352 111632 223264 2344272 4
0353 158969 1271752 2225566 1
0354 147932 739660 5473484 2
0355 103251 516255 4233291 5
0356 118757 2968925 6769149 3
0357 137533 1650396 3575858 1
0358 51602 1806070 2425294 5
0359 148603 4755296 9064783 2
0360 141888 851328 6810624 3
0361 72282 505974 3830946 4
0362 12202 292848 683312 1
0363 42211 337688 1097486 4
0364 128879 1546548 4381886 2
0365 36110 541650 2094380 1
0366 39462 947088 2170410 5
0367 42285 1183980 2917665 4
0368 80516 644128 4106316 3
0369 81798 736182 4417092 5
0370 110404 1987272 6293028 2
0371 17747 283952 851856 4
0372 110303 1764848 5184241 4
0373 157698 2207772 6781014 1
0374 27213 326556 1251798 3
0375 94957 1139484 3608366 1
0376 142633 142633 6703751 1
0377 121100 484400 3511900 4
0378 92340 1108080 5725080 5
0379 71591 1145456 3436368 2
0380 61088 855232 3359840 4
0381 103095 309285 3505230 5
0382 15453 123624 386325 2
0383 129943 2338974 5717492 5
0384 57797 809158 1676113 4
0385 94919 474595 2562813 5
0386 18629 74516 726531 1
0387 48212 192848 1880268 2
0388 59471 1427304 4519796 4
0389 47598 856764 1713528 2
0390 15893 95358 158930 4
0391 37948 265636 1631764 3
0392 92602 1481632 3704080 1
0393 28308 1188936 2094792 1
0394 150485 300970 4815520 4
0395 127724 6130752 6258476 1
0396 139211 5846862 6264495 5
0397 136465 818790 5731530 3
0398 66342 398052 995130 5
0399 134758 1886612 5255562 1
0400 34330 720930 823920 2
0401 32733 65466 1767582 2
0402 128299 4105568 10392219 2
0403 62730 1568250 2070090 4
0404 51272 1025440 3332680 3
0405 76790 921480 4607400 5
0406 131766 3952980 9487152 1
0407 130073 520292 2991679 5
0408 53156 106312 1541524 1
0409 136683 1093464 7517565 3
0410 157549 315098 2993431 2
0411 93319 1119828 2146337 5
0412 21652 303128 606256 1
0413 24196 145176 653292 2
0414 5578 223120 524332 3
0415 100774 3224768 5341022 5
0416 28291 113164 480947 3
0417 81749 163498 4169199 4
0418 81136 162272 1703856 4
0419 99208 396832 2877032 5
0420 102947 205894 3500198 1
0421 12395 86765 594960 5
0422 110505 884040 1989090 2
0423 8749 209976 664924 4
0424 155954 2339310 7797700 2
0425 138060 2485080 4694040 5
0426 149554 598216 4337066 4
0427 32952 197712 626088 5
0428 84445 5404480 9711175 5
0429 53285 319710 479565 2
0430 108444 542220 4554648 2
0431 140524 1405240 1545764 3
0432 62626 751512 3507056 2
0433 86263 4658202 6987303 5
0434 99217 198434 4861633 2
0435 147922 1775064 6508568 2
0436 110099 4403960 6495841 1
0437 37945 1328075 2162865 1
0438 79329 1983225 5077056 2
0439 115804 694824 5558592 2
0440 25473 764190 840609 2
0441 128362 2310516 3722498 3
0442 160429 1123003 7861021 3
0443 72417 579336 2172510 3
0444 68647 205941 1166999 1
0445 22122 309708 1305198 5
0446 42464 254784 679424 3
0447 57587 518283 863805 1
0448 104880 1258560 5873280 2
0449 35305 176525 812015 5
0450 57155 1828960 3029215 5
0451 141898 2270368 7094900 2
0452 71841 2514435 5747280 3
0453 125731 754386 6789474 5
0454 55302 829530 1548456 1
0455 25865 129325 1086330 3
0456 41181 205905 1441335 5
0457 56783 1192443 3066282 5
0458 5750 161000 379500 3
0459 110697 1660455 4538577 2
0460 146618 2639124 8063990 2
0461 111026 2664624 7549768 3
0462 96005 1440075 2496130 3
0463 90427 904270 5696901 2
0464 59830 837620 2512860 1
0465 83788 167576 1089244 3
0466 152108 2281620 6692752 2
0467 108943 5229264 8388611 5
0468 23231 278772 418158 3
0469 12094 145128 532136 5
0470 134300 671500 7117900 3
0471 158458 2218412 6813694 3
0472 82426 2472780 6017098 1
0473 129295 1163655 7240520 3
0474 51331 1026620 2104571 5
0475 133942 0 6027390 1
0476 139634 4887190 8238406 1
0477 122524 1837860 7106392 3
0478 19223 76892 422906 3
0479 32128 1285120 2216832 2
0480 66426 2125632 4118412 1
0481 154979 2479664 7903929 4
0482 138579 3325896 6097476 2
0483 71916 0 431496 5
0484 41524 498288 1287244 1
0485 48789 292734 1853982 4
0486 158018 3792432 8216936 1
0487 159677 479031 5908049 1
0488 31454 251632 1195252 3
0489 63287 759444 2215045 3
0490 103811 622866 2076220 5
0491 81378 1302048 4150278 1
0492 58671 1877472 3109563 1
0493 147837 2365392 4139436 5
0494 7547 52829 347162 3
0495 158006 1896072 9954378 1
0496 57746 1154920 2252094 2
0497 34912 418944 1780512 3
0498 132770 1858780 7966200 2
0499 141389 1413890 5372782 2
0500 128009 1792126 2432171 1
0501 60755 729060 1518875 4
0502 2274 95508 111426 3
0503 33981 0 713601 5
0504 92997 557982 929970 4
0505 61244 122488 2449760 2
0506 79714 956568 4782840 2
0507 59004 944064 1062072 3
0508 60188 1685264 2106580 5
0509 119939 359817 719634 1
0510 151545 2273175 8638065 5
0511 31120 124480 1462640 4
0512 120476 1445712 6264752 1
0513 142277 5691080 6687019 5
0514 21155 338480 1459695 5
0515 112277 1347324 1459601 4
0516 52936 105872 1746888 4
0517 116731 817117 4202316 4
0518 141169 1694028 3952732 4
0519 62535 1313235 2063655 5
0520 50085 500850 2153655 2
0521 160585 5620475 7547495 1
0522 146137 0 4530247 3
0523 80285 160570 3532540 1
0524 30389 60778 1397894 2
0525 127520 3060480 7906240 4
0526 131481 0 262962 5
0527 120424 1445088 7707136 4
0528 43761 787698 2581899 4
0529 19707 98535 748866 4
0530 148292 3114132 6376556 3
0531 37468 899232 1011636 4
0532 126303 3157575 3915393 2
0533 101143 606858 5158293 2
0534 40020 720360 1600800 1
0535 72601 0 2395833 3
0536 49182 737730 2950920 1
0537 95660 765280 1243580 3
0538 145973 145973 4233217 5
0539 87096 2177400 6706392 5
0540 157929 4422012 8528166 3
0541 109616 1644240 5700032 5
0542 96808 774464 1258504 5
0543 156111 312222 624444 1
0544 49529 693406 841993 2
0545 17520 210240 718320 5
0546 105197 841576 3576698 5
0547 34983 69966 1469286 4
0548 49356 493560 2862648 5
0549 63792 446544 3125808 1
0550 102961 308883 1853298 4
0551 52252 313512 2821608 3
0552 63988 1791664 3391364 5
0553 159451 1594510 7334746 5
0554 22841 319774 890799 3
0555 114103 3194884 5476944 2
0556 79748 2232944 4067148 5
0557 131041 5503722 9565993 4
0558 120608 241216 6271616 4
0559 10653 127836 607221 2
0560 34080 613440 817920 5
0561 96172 2308128 3558364 5
0562 74623 2611805 6417578 4
0563 98818 1383452 4249174 2
0564 17876 71504 1001056 4
0565 30526 457890 1984190 2
0566 124795 6114955 7737290 5
0567 27415 0 1343335 2
0568 67100 0 805200 1
0569 131221 1312210 4330293 1
0570 95973 383892 1631541 1
0571 154295 1851540 7406160 1
0572 108869 326607 5116843 2
0573 9099 163782 509544 4
0574 81538 1467684 2690754 2
0575 87073 2089752 6269256 3
0576 125627 3517556 5025080 2
0577 126830 4439050 10146400 4
0578 49933 1198392 3894774 2
0579 78300 2349000 6342300 3
0580 26177 837664 1649151 5
0581 149418 3137778 9114498 5
0582 88576 265728 2834432 1
0583 23737 0 474740 4
0584 144207 721035 3028347 1
0585 34341 961548 1923096 3
0586 49717 795472 3480190 2
0587 3939 47268 133926 5
0588 27737 970795 2274434 3
0589 109578 876624 1095780 2
0590 18806 601792 977912 4
0591 6727 6727 47089 4
0592 91641 2565948 4215486 4
0593 62453 374718 2935291 2
0594 108832 544160 3809120 2
0595 13804 27608 704004 4
0596 84434 1013208 3883964 1
0597 143907 1726884 3597675 1
0598 28778 345336 1007230 5
0599 149959 1199672 5398524 5
0600 81273 1706733 5526564 3
0601 64585 3100080 4908460 2
0602 68823 3372327 6744654 2
0603 97399 1460985 5649142 4
0604 66318 928452 3249582 5
0605 160578 6744276 14130864 1
0606 65856 395136 3490368 5
0607 149010 1490100 4023270 3
0608 112802 2256040 7896140 1
0609 114922 1379064 6665476 3
0610 122680 736080 4661840 2
0611 77492 232476 3099680 4
0612 41985 1007640 2603070 4
0613 75082 900984 3754100 1
0614 10221 245304 296409 1
0615 113146 0 1584044 5
0616 65595 196785 3673320 2
0617 37792 1322720 3287904 4
0618 60960 1706880 4998720 5
0619 4527 4527 203715 2
0620 93731 1874620 6186246 5
0621 153813 1230504 6460146 1
0622 85972 171944 1203608 4
0623 71735 0 1793375 3
0624 72702 218106 3853206 2
0625 52847 211388 2483809 3
0626 84261 758349 2190786 2
0627 114003 2736072 7638201 3
0628 60558 545022 1271718 4
0629 153284 3678816 9963460 4
0630 45520 364160 1547680 2
0631 121568 729408 3403904 3
0632 84490 506940 3464090 5
0633 88719 266157 3105165 1
0634 3424 41088 188320 1
0635 130279 0 2345022 5
0636 154344 0 7099824 5
0637 129732 3632496 5448744 5
0638 89068 1068816 5522216 3
0639 127162 254324 3433374 4
0640 21106 422120 1160830 3
0641 45396 408564 2496780 2
0642 128170 1794380 4998630 2
0643 146232 3070872 5556816 5
0644 58735 176205 1585845 3
0645 85225 1278375 2641975 1
0646 82965 1161510 4729005 1
0647 56335 225340 901360 4
0648 2126 12756 68032 5
0649 118504 0 711024 4
0650 143213 4296390 11600253 4
0651 38156 686808 2213048 2
0652 92253 2767590 6457710 3
0653 97224 1166688 6125112 2
0654 114789 688734 2410569 2
0655 88615 1063380 4253520 2
0656 151062 6344604 12840270 3
0657 118797 1069173 7127820 5
0658 65810 1052960 2040110 2
0659 100121 800968 4305203 5
0660 93435 934350 2616180 4
0661 128201 5128040 9999678 4
0662 69520 1112320 4796880 5
0663 156704 156704 3134080 2
0664 80865 3396330 6388335 2
0665 131596 394788 7237780 3
0666 129583 1295830 3369158 3
0667 120534 723204 2892816 4
0668 82131 1314096 2546061 2
0669 126429 1517148 4677873 1
0670 152573 610292 1068011 5
0671 62978 1259560 4282504 4
0672 18389 275835 1195285 3
0673 118337 5680176 10650330 3
0674 119532 478128 3107832 5
0675 66556 465892 2329460 4
0676 146980 1763760 9406720 5
0677 35106 35106 1790406 5
0678 89013 1602234 5696832 1
0679 126055 1008440 3907705 1
0680 98825 2371800 7708350 2
0681 127874 3068976 5242834 4
0682 62224 746688 2613408 4
0683 123921 1239210 2602341 3
0684 64204 513632 1155672 5
0685 84568 338272 591976 2
0686 148548 1188384 4307892 4
0687 120220 961760 5530120 2
0688 89643 806787 2241075 4
0689 104138 312414 4165520 5
0690 129244 0 5169760 4
0691 44895 1122375 2469225 5
0692 20810 166480 769970 5
0693 12599 100792 390569 2
0694 52493 839888 3044594 4
0695 30515 762875 1495235 3
0696 161104 3222080 10310656 1
0697 28391 85173 1533114 3
0698 38515 577725 616240 5
0699 57202 915232 2116474 1
0700 62922 503376 2579802 2
0701 155281 1397529 3416182 4
0702 94264 2639392 6221424 5
0703 52341 471069 1570230 2
0704 110085 330255 3522720 1
0705 148929 4467870 11318604 3
0706 3564 42768 106920 2
0707 71802 1005228 4451724 4
0708 119650 3589500 5862850 3
0709 8679 34716 234333 2
0710 52006 0 520060 1
0711 1327 19905 55734 5
0712 69359 277436 1109744 5
0713 135549 2168784 4202019 1
0714 128150 256300 384450 5
0715 94088 1129056 3763520 3
0716 92352 738816 831168 2
0717 25775 309300 438175 1
0718 77495 1162425 1704890 5
0719 115651 1387812 2428671 2
0720 97828 0 2445700 2
0721 89235 356940 4818690 5
0722 127608 638040 2934984 4
0723 11436 11436 160104 4
0724 138614 2772280 6930700 2
0725 8287 16574 381202 1
0726 93810 562860 3564780 5
0727 14724 220860 265032 3
0728 50307 603684 1861359 2
0729 133912 0 6695600 1
0730 78045 1092630 1404810 4
0731 74114 2964560 6596146 5
0732 23479 281748 1432219 1
0733 75042 900504 3526974 4
0734 96298 481490 4140814 5
0735 13105 39315 720775 4
0736 17173 137384 944515 1
0737 104383 1252596 4488469 3
0738 35396 1132672 1628216 4
0739 106572 1918296 6074604 5
0740 46786 187144 2620016 2
0741 52011 416088 1300275 2
0742 111968 2687232 4030848 1
0743 1839 55170 145281 1
0744 70758 283032 2759562 5
0745 49904 149712 2145872 1
0746 90997 1455952 2365922 1
0747 81410 407050 3174990 1
0748 39076 781520 1445812 1
0749 68983 4414912 4759827 1
0750 157793 3313653 7100685 1
0751 89411 357644 3487029 2
0752 38893 155572 1555720 1
0753 45283 0 1177358 2
0754 41043 328344 1477548 5
0755 110306 1103060 4743158 2
0756 73118 877416 3948372 5
0757 20904 627120 1588704 5
0758 44345 88690 1463385 2
0759 18718 299488 449232 3
0760 157673 0 3153460 2
0761 9706 388240 854128 2
0762 124725 623625 4989000 3
0763 161719 7924231 10188297 1
0764 144471 3033891 7079079 1
0765 126486 2529720 2782692 3
0766 22783 68349 1048018 1
0767 16503 330060 511593 3
0768 63891 1533384 2236185 2
0769 12 0 420 1
0770 124465 497860 2987160 3
0771 94423 755384 3965766 2
0772 29353 704472 1966651 3
0773 121633 486532 6811448 2
0774 121093 242186 5691371 4
0775 128324 384972 6544524 4
0776 151249 302498 6503707 3
0777 29536 1890304 2540096 3
0778 154101 7396848 11865777 4
0779 117623 0 2117214 1
0780 66576 2663040 4260864 3
0781 150672 3013440 5725536 5
0782 102866 2880248 3291712 5
0783 106458 1277496 2022702 2
0784 134522 1345220 2555918 2
0785 152677 4274956 12061483 3
0786 48045 480450 2017890 2
0787 21197 190773 763092 5
0788 59116 1418784 3133148 5
0789 84572 338288 3044592 1
0790 70831 1133296 1912437 3
0791 70105 140210 2033045 3
0792 64250 0 1285000 1
0793 67761 0 1422981 5
0794 5261 63132 168352 4
0795 15814 316280 695816 4
0796 39318 353862 943632 3
0797 86396 2073504 2851068 5
0798 39151 939624 3014627 5
0799 110506 884048 2541638 3
0800 161876 647504 2590016 1
0801 96787 387148 3677906 2
0802 28861 57722 1298745 2
0803 71091 1279638 4407642 1
0804 154579 1854948 5410265 5
0805 36425 437100 1894100 1
0806 140593 6748464 7732615 2
0807 138032 2898672 9938304 5
0808 122699 1472388 6993843 2
0809 65455 0 1112735 2
0810 97477 779816 4776373 2
0811 87698 3069430 5261880 5
0812 151702 2275530 3185742 4
0813 135988 271976 7479340 4
0814 154162 924972 9095558 1
0815 41351 578914 2811868 2
0816 113490 1361880 5107050 3
0817 112392 2247840 3034584 5
0818 49078 490780 2404822 5
0819 125647 4397645 10679995 2
0820 110135 440540 1982430 3
0821 30173 1267266 1357785 3
0822 2252 33780 49544 2
0823 27465 549300 1318320 4
0824 159733 1277864 9583980 1
0825 94782 189564 379128 5
0826 63414 2663388 3614598 4
0827 104694 2512656 5025312 2
0828 69274 207822 2216768 4
0829 79594 159188 1114316 2
0830 58921 353526 2769287 2
0831 87786 1755720 2106864 2
0832 88646 2127504 3545840 2
0833 130743 2091888 6406407 5
0834 153823 307646 4922336 1
0835 146100 2922000 4383000 4
0836 109114 1309368 2946078 2
0837 102508 205016 5227908 5
0838 43832 350656 1358792 2
0839 4728 37824 127656 5
0840 2036 4072 61080 1
0841 547 0 20786 4
0842 25126 251260 753780 4
0843 30769 1292298 2092292 2
0844 145194 290388 6098148 4
0845 97667 2051007 3223011 5
0846 54831 328986 3125367 2
0847 16165 193980 355630 4
0848 94321 0 848889 1
0849 121196 969568 7029368 3
0850 122379 3426612 3548991 2
0851 157052 628208 8794912 4
0852 49024 392192 2157056 2
0853 122400 1468800 5385600 1
0854 33095 264760 1092135 5
0855 109190 2183800 3712460 5
0856 76935 76935 3769815 3
0857 128833 3091992 7858813 1
0858 66977 803724 1607448 4
0859 115067 1726005 4372546 2
0860 138497 1384970 4431904 3
0861 145711 1748532 2768509 2
0862 751 3004 12767 4
0863 140907 5918094 12258909 5
0864 58176 1745280 4537728 2
0865 127347 3056328 9041637 3
0866 11059 22118 342829 4
0867 18642 596544 820248 5
0868 58452 584520 1110588 5
0869 48400 242000 919600 1
0870 132936 3722208 6779736 4
0871 112333 2246660 5841316 3
0872 5963 166964 471077 3
0873 798 2394 27132 2
0874 84021 672168 1680420 3
0875 85924 343696 2062176 5
0876 155920 1559200 8887440 4
0877 41131 82262 616965 4
0878 23265 46530 744480 4
0879 94677 284031 3976434 2
0880 123764 247528 2970336 4
0881 26782 0 910588 1
0882 1047 6282 62820 1
0883 27697 498546 1883396 3
0884 49566 446094 1387848 4
0885 23715 284580 1090890 1
0886 102102 816816 3063060 2
0887 92804 3340944 6125064 5
0888 138462 2907702 3738474 2
0889 48755 97510 243775 4
0890 11213 33639 112130 5
0891 33564 1644636 3054324 5
0892 66229 463603 1920641 3
0893 22858 114290 662882 4
0894 157379 0 8183708 4
0895 45182 948822 2033190 1
0896 140852 1690224 5352376 4
0897 88700 798300 2394900 1
0898 127032 1270320 5716440 1
0899 1378 16536 34450 3
0900 13359 133590 347334 3
0901 24794 446292 1289288 3
0902 134256 0 6578544 5
0903 74141 593128 3113922 4
0904 3241 12964 68061 3
0905 23389 187112 1286395 3
0906 90335 1355025 5871775 1
0907 116516 4078060 7340508 4
0908 146321 2633778 3804346 3
0909 9153 137295 237978 4
0910 160082 4482296 8644428 4
0911 116197 580985 3137319 4
0912 103418 2482032 7859768 5
0913 99266 992660 4963300 2
0914 41246 577444 1691086 3
0915 64300 385800 2829200 4
0916 1995 5985 87780 5
0917 103309 1033090 2686034 3
0918 82563 660504 3302520 1
0919 142301 569204 6403545 5
0920 86101 2755232 6801979 3
0921 109373 3281190 4921785 5
0922 129256 1034048 5816520 3
0923 19651 235812 550228 2
0924 23803 285636 975923 4
0925 32611 586998 1239218 2
0926 1837 33066 69806 1
0927 99473 2785244 5471015 2
0928 90558 452790 1901718 4
0929 41187 1029675 2059350 2
0930 57243 858645 2003505 5
0931 88704 354816 1596672 5
0932 131156 1836184 8000516 4
0933 152882 4892224 5503752 2
0934 58643 1876576 2990793 3
0935 142948 714740 1429480 1
0936 82096 328384 1313536 4
0937 128297 0 2822534 5
0938 49849 2392752 4087618 5
0939 98983 593898 5147116 5
0940 57644 230576 2363404 5
0941 29509 708216 1770540 1
0942 13817 55268 538863 2
0943 141219 1694628 8473140 5
0944 3704 55560 214832 1
0945 51633 1290825 2065320 4
0946 149455 1195640 3885830 4
0947 5268 31608 263400 2
0948 120221 2404420 8776133 2
0949 86114 2066736 2669534 4
0950 121943 731658 6097150 4
0951 107415 3866940 8700615 5
0952 105339 1896102 6741696 3
0953 114114 912912 4906902 5
0954 122732 613660 2700104 3
0955 29777 59554 982641 2
0956 130520 130520 1566240 2
0957 91790 550740 4589500 4
0958 94257 0 3487509 4
0959 61567 369402 2770515 1
0960 70096 1121536 2944032 2
0961 9485 66395 464765 3
0962 124498 497992 6100402 5
0963 28836 115344 1384128 5
0964 106579 1278948 2877633 1
0965 107511 1290132 5805594 5
0966 36082 1082460 1768018 3
0967 107498 537490 5482398 4
0968 109842 768894 1427946 5
0969 101285 1519275 3747545 3
0970 85094 0 3829230 5
0971 143290 2006060 2722510 3
0972 76873 768730 3536158 5
0973 74544 1118160 3279936 4
0974 132605 1856470 3580335 1
0975 126560 1265600 5315520 1
0976 153123 3062460 3674952 1
0977 126125 1513500 2396375 1
0978 15574 327054 903292 1
0979 118934 237868 1308274 2
0980 83836 2095900 5784684 3
0981 53943 2157720 3290523 1
0982 70499 211497 2749461 1
0983 97512 975120 3217896 2
0984 117909 353727 707454 3
0985 129783 2076528 7527414 4
0986 23815 833525 1833755 5
0987 50305 754575 855185 1
0988 137328 1647936 6317088 2
0989 132048 3697344 6734448 5
0990 984 11808 43296 4
0991 69390 2220480 4857300 3
0992 146687 733435 8507846 3
0993 8745 8745 131175 4
0994 47309 0 1230034 4
0995 142174 2132610 8814788 2
0996 43475 130425 2130275 2
0997 40180 642880 2250080 5
0998 97654 1171848 4492084 1
0999 5897 88455 100249 3
1000 40771 285397 1957008 2
1001 61871 0 185613 1
1002 42844 428440 985412 4
1003 100134 801072 2403216 5
1004 55647 1780704 4340466 1
1005 104017 4368714 5408884 1
1006 615 4920 26445 2
1007 35658 1782900 2710008 5
1008 131452 1577424 4995176 4
1009 126366 126366 5939202 5
1010 124844 624220 5493136 3
1011 148465 1781580 4602415 3
1012 6708 53664 288444 2
1013 130319 1172871 2997337 3
1014 161606 1292848 5494604 5
1015 158070 8851920 12803670 3
1016 84644 507864 1354304 1
1017 81416 2686728 3338056 5
1018 11068 99612 664080 2
1019 146501 1318509 6153042 2
1020 116202 3718464 9412362 5
1021 121639 1824585 4987199 1
1022 29448 58896 441720 3
1023 106638 853104 3838968 1
1024 40541 608115 1094607 4
1025 151067 302134 6193747 3
1026 121902 1462824 3535158 2
1027 49179 295074 1917981 2
1028 26346 26346 158076 1
1029 114430 3204040 8582250 2
1030 149119 1789428 2833261 2
1031 36688 73376 1100640 4
1032 140704 0 6050272 5
1033 112635 1576890 6645465 1
1034 122680 2576280 6256680 1
1035 137478 2062170 9073548 5
1036 29473 707352 972609 5
1037 157198 2515168 8803088 3
1038 8894 284608 293502 3
1039 119430 716580 1791450 1
1040 55884 894144 3855996 2
1041 33083 694743 893241 2
1042 69204 1107264 1591692 3
1043 157914 1263312 2842452 3
1044 98917 1187004 1681589 2
1045 131358 3940740 10114566 4
1046 154766 1547660 4952512 1
1047 30110 1204400 2438910 1
1048 134147 3219528 6304909 3
1049 127834 255668 4729858 5
1050 3037 12148 21259 5
1051 102215 2453160 4701890 5
1052 42911 514932 2746304 1
1053 95075 1901500 5799575 1
1054 146277 585108 3803202 5
1055 114700 4129200 6423200 1
1056 134568 807408 1480248 3
1057 146906 881436 7051488 5
1058 9314 279420 661294 3
1059 68426 273704 3079170 3
1060 11990 359700 671440 4
1061 113955 1709325 7293120 2
1062 111425 1337100 3677025 4
1063 122065 1464780 4882600 4
1064 20423 326768 919035 4
1065 126295 4420325 10356190 5
1066 38723 348507 1587643 5
1067 147082 2206230 3235804 3
1068 119625 2392500 8373750 2
1069 134650 4712750 11714550 1
1070 11767 282408 635418 2
1071 94339 0 2924509 1
1072 98923 791384 1780614 4
1073 122811 614055 3929952 3
1074 39830 637280 2668610 3
1075 126746 3802380 10646664 2
1076 134953 1619436 5533073 1
1077 82847 248541 4639432 5
1078 111769 1341228 6259064 5
1079 62894 628940 3899428 4
1080 134218 134218 4966066 4
1081 3777 113310 128418 2
1082 25156 754680 1383580 5
1083 69046 966644 1933288 5
1084 61804 247216 1050668 4
1085 126883 380649 3425841 3
1086 20437 245244 715295 2
1087 107777 1077770 1401101 2
1088 62268 1120824 1183092 3
1089 88455 1326825 4953480 3
1090 76240 686160 2287200 4
1091 14739 353736 1061208 2
1092 151859 3189039 7896668 5
1093 12516 150192 625800 4
1094 12265 490600 895345 5
1095 66273 1325460 4904202 2
1096 109378 2734450 4156364 3
1097 8063 112882 274142 2
1098 108657 2716425 5541507 4
1099 28631 143155 1145240 1
1100 98910 791280 3560760 1
1101 155053 775265 5116749 5
1102 28723 1206366 1464873 5
1103 105027 1890486 7351890 5
1104 140751 422253 4081779 4
1105 51819 1243656 1865484 4
1106 15272 152720 381800 5
1107 56760 397320 1135200 5
1108 49947 1198728 1897986 3
1109 93336 1306704 5320152 1
1110 144279 3606975 8512461 5
1111 128052 2561040 7811172 4
1112 23312 46624 745984 5
1113 149512 448536 7027064 1
1114 36318 581088 2542260 5
1115 47268 567216 1701648 1
1116 105791 211582 4020058 3
1117 34363 103089 309267 5
1118 157235 314470 5031520 3
1119 103883 207766 3428139 4
1120 122453 367359 6612462 4
1121 41965 1007160 1133055 3
1122 130716 784296 3660048 1
1123 23853 238530 811002 1
1124 60682 485456 3640920 3
1125 138838 3887464 4998168 2
1126 59576 59576 2502192 5
1127 1733 41592 88383 1
1128 64957 649570 4027334 2
1129 121316 970528 3032900 3
1130 125795 3019080 3144875 3
1131 18508 444192 536732 3
1132 29995 899850 1499750 1
1133 42596 1277880 2981720 4
1134 15093 120744 452790 2
1135 17957 179570 808065 1
1136 38898 0 233388 5
1137 32627 1305080 1729231 1
1138 111957 2798925 5709807 2
1139 37296 895104 1529136 2
1140 98301 1769418 2555826 2
1141 38660 1082480 1701040 4
1142 117432 1878912 7633080 4
1143 30703 184218 859684 4
1144 115149 690894 4375662 3
1145 49913 449217 948347 2
1146 63452 634520 3553312 4
1147 14336 215040 774144 1
1148 150793 1809516 3769825 3
1149 104116 416464 2811132 5
1150 156589 3758136 5324026 5
1151 37623 225738 1241559 1
1152 94161 282483 4802211 2
1153 122166 1465992 5741802 1
1154 40021 560294 1880987 2
1155 115823 1042407 2084814 4
1156 152298 1827576 3045960 5
1157 46985 93970 1080655 4
1158 76019 912228 4561140 1
1159 68452 205356 2669628 2
1160 45495 272970 1865295 3
1161 105114 2522736 6622182 1
1162 76413 3056520 6724344 3
1163 49635 446715 794160 5
1164 125758 1760612 3018192 3
1165 124888 5245296 10490592 3
1166 149565 3589560 11666070 2
1167 34480 413760 1792960 3
1168 112601 3941035 7994671 5
1169 70793 2477755 3539650 2
1170 11654 23308 93232 3
1171 95522 573132 1719396 5
1172 91133 1366995 5285714 5
1173 155002 2325030 6510084 3
1174 15130 121040 801890 5
1175 70643 2472505 2613791 5
1176 101873 814984 3056190 5
1177 149823 898938 3595752 5
1178 5788 11576 179428 1
1179 54098 486882 1839332 3
1180 158636 317272 1269088 1
1181 150239 1201912 2554063 3
1182 142570 855420 1995980 3
1183 34487 310383 413844 5
1184 139609 418827 5584360 3
1185 69826 558608 3491300 2
1186 99895 2397480 4794960 3
1187 111301 3116428 3339030 4
1188 97663 1464945 2050923 1
1189 5486 98748 197496 3
1190 41713 83426 291991 2
1191 41444 870324 1947868 1
1192 131437 788622 6177539 2
1193 142594 1996316 3564850 2
1194 101162 0 4147642 4
1195 75109 150218 2779033 2
1196 137959 275918 1379590 5
1197 79905 479430 1837815 4
1198 56125 898000 1234750 4
1199 12861 308664 668772 2
1200 109414 218828 3610662 3
1201 51108 1226592 2299860 3
1202 14402 604884 1267376 4
1203 159759 1118313 3354939 3
1204 14134 28268 593628 1
1205 11412 182592 467892 1
1206 60322 603220 3076422 2
1207 42366 508392 2160666 2
1208 116849 817943 1051641 1
1209 128888 1933320 6702176 1
1210 31965 479475 1822005 3
1211 5770 46160 305810 5
1212 6252 25008 168804 1
1213 48181 96362 963620 4
1214 84495 2703840 4985205 3
1215 60853 851942 2981797 2
1216 6046 96736 102782 4
1217 149352 298704 6720840 3
1218 160365 1924380 4490220 3
1219 90569 543414 2988777 4
1220 151992 455976 3951792 1
1221 144358 1154864 2165370 3
1222 155428 2175992 9947392 1
1223 37729 150916 980954 2
1224 93273 1119276 1492368 1
1225 139805 2097075 2376685 1
1226 38168 610688 1412216 1
1227 136447 545788 7231691 4
1228 14690 411320 1175200 1
1229 94906 854154 3891146 3
1230 141120 4233600 6068160 1
1231 34478 551648 1310164 4
1232 9757 390280 751289 2
1233 101410 1622560 4157810 3
1234 1011 25275 52572 2
1235 558 15624 23436 2
1236 53766 537660 3333492 1
1237 131790 4217280 5798760 1
1238 20074 60222 1144218 3
1239 32702 784848 850252 5
1240 5820 285180 558720 4
1241 78030 1170450 4915890 5
1242 44810 896200 2419740 2
1243 81258 1950192 5688060 1
1244 39452 473424 591780 3
1245 143046 572184 2717874 5
1246 31226 0 624520 2
1247 84198 420990 1094574 1
1248 115541 577705 5314886 5
1249 160025 5600875 8161275 3
1250 50720 507200 1470880 4
1251 119521 717126 4063714 1
1252 29259 351108 1726281 5
1253 109362 1312344 4374480 1
1254 81787 1308592 4252924 5
1255 81440 81440 3746240 3
1256 65382 130764 1111494 5
1257 137507 3300168 8112913 2
1258 62943 755316 3650694 1
1259 92997 92997 2789910 1
1260 18248 0 182480 1
1261 5466 65592 306096 2
1262 39239 470868 2040428 1
1263 138538 1385380 1662456 1
1264 100360 2810080 8129160 5
1265 114746 688476 3327634 5
1266 115925 2898125 3245900 3
1267 131036 3669008 6158692 5
1268 26724 801720 1122408 2
1269 102772 3288704 4933056 2
1270 9685 0 484250 3
1271 100320 300960 401280 1
1272 150092 300184 1801104 1
1273 67763 1626312 4336832 1
1274 141001 564004 6486046 5
1275 155196 1551960 9156564 2
1276 150057 1200456 8103078 3
1277 89400 2145600 3039600 1
1278 132056 1584672 8715696 4
1279 28619 572380 1001665 1
1280 135765 543060 6109425 2
1281 14795 147950 547415 4
1282 54817 0 1808961 3
1283 113076 3392280 4862268 5
1284 149290 298580 2537930 1
1285 51056 612672 1786960 4
1286 136604 1639248 7513220 1
1287 57895 1042110 1273690 5
1288 98455 590730 886095 5
1289 81709 980508 3758614 4
1290 146446 1757352 7322300 4
1291 59068 236272 2362720 4
1292 112391 674346 6181505 1
1293 22724 90896 795340 4
1294 88919 1244866 3645679 1
1295 130953 392859 4714308 5
1296 6179 43253 271876 3
1297 8568 205632 342720 3
1298 58391 1226211 1518166 5
1299 4054 0 24324 3
1300 135000 3240000 7560000 2
1301 48695 584340 2483445 2
1302 22101 66303 265212 3
1303 136871 273742 7391034 1
1304 154904 1858848 7745200 1
1305 61981 991696 3099050 3
1306 153343 2453488 9507266 3
1307 16490 49470 742050 5
1308 90200 721600 5051200 1
1309 64933 1298660 1363593 4
1310 4443 22215 257694 4
1311 150160 10811520 16968080 5
1312 67561 810732 1824147 3
1313 28050 841500 1458600 3
1314 33965 271720 747230 5
1315 45110 947310 1759290 1
1316 32246 257968 902888 1
1317 29635 711240 1955910 3
1318 3115 56070 186900 5
1319 80123 0 881353 2
1320 90816 3814272 6538752 1
1321 53424 801360 2564352 5
1322 98323 589938 4227889 4
1323 111655 2679720 5694405 4
1324 100245 2806860 7618620 5
1325 118183 472732 3545490 1
1326 33050 297450 1949950 5
1327 85819 1201466 5320778 3
1328 82059 1477062 5087658 5
1329 129495 1553940 5309295 3
1330 71005 213015 355025 3
1331 73244 1025416 4687616 3
1332 93185 1118220 4193325 4
1333 121524 243048 6683820 4
1334 92909 371636 1114908 2
1335 141132 1270188 6209808 4
1336 28089 561780 2050497 3
1337 80617 0 3708382 2
1338 61688 1233760 1603888 5
1339 120794 362382 2899056 2
1340 91159 91159 4740268 3
1341 139653 0 4468896 4
1342 153568 1535680 8753376 2
1343 13577 0 244386 5
1344 66114 396684 3371814 4
1345 158923 5562305 14144147 4
1346 34366 412392 756052 3
1347 160685 7712880 14943705 1
1348 14776 236416 709248 1
1349 95184 1142208 4283280 5
1350 71474 2501590 3001908 4
1351 62367 249468 1683909 1
1352 10785 10785 452970 3
1353 152071 8515976 11253254 2
1354 76176 304704 2666160 2
1355 50786 406288 1828296 4
1356 15085 181020 573230 2
1357 73892 443352 886704 2
1358 160617 3854808 8994552 3
1359 47689 238445 715335 4
1360 67073 0 1408533 1
1361 113134 113134 2828350 4
1362 56139 3143784 3761313 4
1363 144856 2317696 5649384 4
1364 152331 5483916 6550233 1
1365 28633 343596 1689347 5
1366 2151 34416 146268 4
1367 61500 61500 1599000 4
1368 110691 4649022 8412516 2
1369 103706 2074120 3318592 5
1370 11807 212526 531315 4
1371 67077 268308 1408617 2
1372 85 255 1785 2
1373 153410 5522760 6443220 5
1374 156060 936360 7803000 3
1375 25720 154320 925920 1
1376 125682 502728 4650234 4
1377 58291 699492 2564804 4
1378 7711 69399 362417 5
1379 68809 550472 3509259 1
1380 31 744 2325 1
1381 33848 947744 2572448 1
1382 58148 465184 3198140 5
1383 157584 787920 4254768 3
1384 110595 663570 2764875 4
1385 43355 867100 1994330 1
1386 161806 1941672 4045150 3
1387 106585 426340 2558040 2
1388 75157 450942 4359106 2
1389 104860 1048600 6711040 3
1390 101055 2021100 3536925 3
1391 57379 1377096 4016530 2
1392 120618 1206180 2291742 1
1393 138209 2073135 8154331 2
1394 49793 1394204 2887994 1
1395 58722 880830 1115718 3
1396 65401 1308020 2943045 5
1397 7255 58040 166865 5
1398 8648 25944 319976 1
1399 148342 1483420 4746944 5
1400 37034 444408 1851700 2
1401 43021 258126 344168 1
1402 58885 412195 2119860 4
1403 60812 1702736 2675728 3
1404 154869 619476 6349629 2
1405 138164 2763280 9118824 3
1406 116657 2799768 4316309 1
1407 113538 681228 4314444 4
1408 126046 1764644 4285564 5
1409 110052 660312 1760832 3
1410 85152 4087296 5705184 3
1411 159639 638556 3990975 2
1412 83157 2328396 5155734 4
1413 36289 290312 653202 5
1414 115993 2899825 5683657 1
1415 119768 718608 2754664 1
1416 95669 1148028 1243697 1
1417 136177 1361770 1906478 1
1418 67562 1418802 4932026 3
1419 86884 695072 4691736 4
1420 13908 194712 500688 1
1421 86591 0 86591 2
1422 108012 1296144 3996444 2
1423 40515 283605 648240 5
1424 40324 80648 725832 4
1425 93206 0 3728240 4
1426 48917 1027257 2348016 4
1427 6043 90645 416967 4
1428 138131 1381310 2624489 2
1429 29357 176142 1291708 5
1430 55031 550310 3136767 2
1431 78740 629920 1574800 1
1432 36911 516754 1439529 2
1433 93249 559494 4848948 3
1434 91810 2937920 3672400 2
1435 46714 700710 1588276 2
1436 157531 5513585 12917542 2
1437 74916 1123740 4420044 5
1438 12174 73044 718266 5
1439 151697 455091 5006001 4
1440 69960 69960 3847800 5
1441 113212 1811392 7698416 1
1442 39625 1585000 1941625 1
1443 109542 766794 2409924 4
1444 71508 1716192 5077068 5
1445 6249 99984 199968 4
1446 147364 3094644 8989204 5
1447 101774 508870 5699344 1
1448 45390 817020 2224110 3
1449 57803 231212 1387272 1
1450 48831 292986 634803 1
1451 14258 99806 613094 1
1452 93409 373636 1120908 4
1453 71286 1996008 4205874 3
1454 119829 1917264 2156922 1
1455 43394 0 1562184 3
1456 137992 3311808 9107472 1
1457 42228 253368 1393524 2
1458 71575 429450 930475 5
1459 346 1038 13148 1
1460 2810 33720 137690 2
1461 31155 186930 342705 4
1462 66456 1395576 2193048 3
1463 49048 588576 1373344 2
1464 6805 81660 279005 1
1465 132813 265626 7437528 3
1466 96705 773640 2707740 5
1467 137427 1099416 4260237 5
1468 105493 949437 2531832 4
1469 83419 2502570 6923777 3
1470 151287 4841184 5295045 5
1471 6087 30435 146088 4
1472 100205 300615 601230 5
1473 12392 123920 148704 2
1474 55889 447112 1900226 2
1475 6512 104192 377696 2
1476 16349 653960 752054 1
1477 44871 403839 1570485 4
1478 88964 1245496 5871624 2
1479 54127 811905 1353175 1
1480 111527 4014972 9925903 5
1481 55834 111668 893344 2
1482 91653 5774139 10173483 1
1483 114807 344421 4477473 3
1484 63279 1012464 2278044 1
1485 93928 1127136 3757120 2
1486 108880 217760 4028560 4
1487 100981 1211772 2827468 5
1488 144552 1734624 5782080 1
1489 50365 1410220 1863505 4
1490 83931 335724 3776895 4
1491 50141 250705 752115 5
1492 48123 2887380 5004792 5
1493 160811 643244 9327038 1
1494 18562 111372 445488 5
1495 123168 1108512 6035232 4
1496 37387 112161 1869350 1
1497 46930 1314040 3566680 4
1498 123350 3453800 6414200 2
1499 11517 345510 898326 4
1500 128255 0 6797515 2
1501 141312 847872 989184 2
1502 70116 2243712 3085104 5
1503 1789 57248 103762 1
1504 105831 2539944 7619832 3
1505 75787 4244072 6820830 3
1506 112465 2811625 3598880 4
1507 74571 1491420 5443683 3
1508 72178 1732272 3320188 2
1509 56783 1362792 2044188 3
1510 126841 4566276 4693117 1
1511 88379 883790 2032717 5
1512 81202 649616 4141302 1
1513 104292 1251504 4484556 2
1514 157953 2843154 11056710 3
1515 147390 884340 3832140 2
1516 88586 1063032 1151618 4
1517 140100 840600 7845600 2
1518 160329 3847896 9619740 4
1519 81394 81394 2604608 4
1520 111651 1116510 4689342 5
1521 77326 1855824 3247692 5
1522 38476 923424 2193132 2
1523 133527 0 7210458 5
1524 84014 504084 5040840 1
1525 144172 2162580 9082836 3
1526 59107 354642 886605 3
1527 91851 642957 3122934 4
1528 78949 1263184 3079011 4
1529 117612 352836 6703884 3
1530 110734 885872 1107340 3
1531 142712 713560 3282376 3
1532 3561 14244 46293 4
1533 103937 1039370 3637795 5
1534 27287 0 955045 4
1535 85070 1276050 4848990 4
1536 77207 617656 1698554 5
1537 46891 140673 1078493 1
1538 118954 475816 5471884 2
1539 126256 3030144 8459152 5
1540 107080 2569920 3747800 2
1541 138296 1659552 4425472 2
1542 100051 3601836 7703927 4
1543 109062 3817170 8179650 3
1544 118154 590770 1299694 2
1545 120516 1807740 6869412 2
1546 142182 0 2559276 5
1547 46356 1112544 1807884 5
1548 27176 434816 1712088 3
1549 87951 791559 3342138 4
1550 98101 784808 1373414 2
1551 122124 2564604 9037176 4
1552 124681 498724 6234050 2
1553 148925 2233875 2382800 4
1554 54505 0 1962180 2
1555 131007 917049 4061217 4
1556 32245 161225 1031840 4
1557 112341 2359161 5280027 5
1558 56761 283805 2667767 2
1559 41878 837560 2470802 2
1560 81494 325976 4237688 1
1561 137599 2751980 10182326 4
1562 115126 690756 2532772 5
1563 156514 1878168 7669186 5
1564 11915 285960 798305 2
1565 48099 48099 721485 3
1566 52193 417544 1096053 4
1567 149726 1796712 2245890 4
1568 31422 471330 1288302 2
1569 21240 382320 467280 3
1570 88669 4965464 8334886 1
1571 130788 1046304 2746548 1
1572 148038 1480380 8882280 2
1573 61433 245732 2764485 2
1574 140797 1689564 9292602 5
1575 27921 446736 781788 3
1576 48526 242630 1019046 1
1577 157879 1263032 8683345 3
1578 107937 647622 3130173 5
1579 114923 4596920 5861073 1
1580 32741 196446 1113194 2
1581 95189 1713402 5996907 2
1582 134039 2814819 3887131 1
1583 159065 4453820 7794185 1
1584 39964 399640 1838344 5
1585 17447 488516 1430654 4
1586 94379 188758 1793201 4
1587 131189 2099024 2361402 3
1588 63175 2653350 4927650 3
1589 114837 1837392 6086361 2
1590 154192 2775456 9559904 2
1591 51815 725410 3419790 3
1592 33088 397056 1786752 5
1593 40055 0 921265 2
1594 146566 1172528 7474866 4
1595 101063 303189 2829764 3
1596 6440 77280 167440 2
1597 108099 3783465 7783128 2
1598 84121 672968 2018904 3
1599 93561 374244 1403415 2
1600 42420 127260 1569540 1
1601 45504 910080 1774656 2
1602 95145 570870 1332030 4
1603 29220 1168800 1577880 5
1604 28370 510660 1503610 5
1605 78724 629792 4644716 4
1606 49442 0 2224890 3
1607 88715 4258320 4701895 4
1608 112523 4725966 8776794 5
1609 10584 148176 698544 1
1610 111580 223160 4574780 3
1611 146025 4088700 4964850 3
1612 11211 179376 269064 4
1613 138278 3318672 6499066 5
1614 8699 69592 356659 5
1615 48980 587760 1812260 3
1616 109991 219982 1649865 5
1617 150721 0 6631724 3
1618 69386 832632 1248948 4
1619 111253 111253 3115084 3
1620 102230 1431220 4804810 1
1621 116664 1633296 2683272 4
1622 2313 23130 69390 1
1623 50512 404096 3081232 2
1624 81242 324968 3330922 4
1625 75396 226188 3242028 5
1626 25721 771630 1517539 5
1627 13234 238212 648466 2
1628 83961 0 2350908 2
1629 144574 578296 6794978 3
1630 155091 3722184 10236006 3
1631 63781 2551240 5804071 4
1632 94084 282252 3387024 1
1633 3731 14924 216398 2
1634 92469 2219256 6102954 3
1635 60322 1447728 2111270 2
1636 148810 892860 2380960 2
1637 158987 635948 5564545 3
1638 81238 324952 2924568 1
1639 102789 4111560 8942643 2
1640 22192 266304 976448 2
1641 2731 8193 57351 5
1642 74953 1574013 1948778 1
1643 138851 1110808 7081401 5
1644 47538 190152 2567052 3
1645 1263 11367 77043 5
1646 100986 1009860 3837468 2
1647 152535 4881120 9914775 5
1648 119239 715434 2742497 4
1649 72522 580176 2248182 4
1650 119531 1792965 7171860 2
1651 100643 2818004 6843724 1
1652 138076 828456 4280356 1
1653 116900 350700 2338000 3
1654 51717 3258171 5844021 4
1655 15572 93432 389300 3
1656 115344 461376 6343920 2
1657 152098 3041960 8517488 3
1658 116256 697536 3022656 5
1659 116795 2803080 9110010 1
1660 104175 1041750 4792050 3
1661 101533 1421462 5279716 3
1662 115584 231168 809088 3
1663 24786 495720 743580 1
1664 86682 346728 4680828 5
1665 148191 3112011 9928797 2
1666 129782 3893460 10252778 1
1667 40920 327360 2496120 1
1668 36080 144320 1118480 5
1669 20026 400520 700910 4
1670 77517 1860408 4651020 3
1671 51452 720328 3087120 4
1672 118412 947296 6867896 5
1673 157150 1414350 3300150 4
1674 93184 279552 1304576 4
1675 71864 1724736 2371512 1
1676 143524 4018672 5884484 5
1677 142629 2567322 8129853 5
1678 25463 203704 1502317 3
1679 61255 490040 2021415 3
1680 95047 1710846 6748337 1
1681 103781 518905 3113430 2
1682 8690 217250 417120 3
1683 141108 846648 1411080 3
1684 118683 2848392 8426493 4
1685 157223 2358345 6603366 5
1686 79785 2553120 6143445 2
1687 158829 1588290 3017751 2
1688 97705 1465575 5080660 1
1689 60150 1503750 3248100 5
1690 78829 0 1497751 2
1691 60806 3891584 4134808 2
1692 69220 1661280 1868940 4
1693 66753 400518 2670120 5
1694 50362 201448 2417376 3
1695 8045 80450 410295 1
1696 121031 1694434 1815465 4
1697 31136 280224 560448 1
1698 104516 2090320 5748380 3
1699 153489 1227912 4758159 3
1700 78832 709488 4256928 2
1701 27622 82866 1463966 5
1702 58293 233172 641223 2
1703 108531 1736496 5752143 1
1704 126292 378876 5809432 5
1705 160014 800070 3200280 3
1706 38496 384960 808416 4
1707 134350 1612200 5777050 2
1708 118253 1182530 2719819 5
1709 55668 1002024 1614372 4
1710 71478 1715472 3216510 5
1711 37656 225936 2033424 5
1712 136602 3415050 7513110 2
1713 93244 745952 2237856 1
1714 75363 1130445 5049321 3
1715 76056 152112 988728 3
1716 123107 2954568 5293601 4
1717 11271 22542 586092 4
1718 52156 156468 990964 1
1719 120256 721536 6012800 5
1720 7146 28584 407322 2
1721 62359 187077 3180309 4
1722 109765 1756240 4939425 2
1723 9956 59736 418152 3
1724 47916 670824 1581228 4
1725 38399 575985 1612758 1
1726 73949 73949 3549552 2
1727 152381 1219048 3961906 4
1728 92649 370596 3150066 1
1729 120926 1451112 2055742 2
1730 73063 1315134 2411079 3
1731 31087 186522 1150219 1
1732 68382 1641168 1709550 1
1733 135343 1082744 5549063 1
1734 68516 548128 3220252 2
1735 30084 541512 1263528 5
1736 10383 83064 425703 3
1737 13574 135740 271480 2
1738 101430 1521450 2434320 4
1739 109335 656010 2077365 3
1740 100365 401460 2408760 2
1741 102472 0 4406296 3
1742 8377 100524 326703 5
1743 80256 481536 2889216 3
1744 145079 2901580 3191738 1
1745 91883 551298 4226618 5
1746 18854 37708 94270 2
1747 14904 44712 655776 1
1748 105927 1271124 6673401 3
1749 57037 171111 2566665 3
1750 6899 331152 641607 4
1751 153950 1385550 5850100 3
1752 107177 0 2786602 1
1753 102045 408180 3265440 4
1754 26097 260970 1304850 5
1755 36288 145152 1197504 1
1756 63418 951270 2663556 5
1757 4382 92022 144606 5
1758 135468 1625616 2032020 2
1759 56947 113894 569470 1
1760 64385 515080 1094545 2
1761 104872 2202312 5977704 5
1762 56972 455776 797608 4
1763 140935 0 5778335 2
1764 20605 432705 618150 3
1765 117402 704412 5517894 1
1766 54353 760942 2989415 3
1767 143778 1294002 2731782 4
1768 22039 771365 859521 5
1769 138036 2484648 5659476 3
1770 115960 3710720 6029920 5
1771 89304 1428864 2947032 4
1772 85932 429660 3952872 3
1773 1183 16562 75712 5
1774 132326 1587912 3969780 2
1775 75754 1212064 3333176 4
1776 91163 729304 3281868 3
1777 16684 83420 383732 5
1778 154947 6197880 6972615 3
1779 3061 128562 266307 4
1780 87869 1757380 2899677 1
1781 25380 609120 1979640 1
1782 36074 1082220 1551182 4
1783 30134 1054690 2169648 5
1784 95145 380580 2664060 5
1785 1402 0 42060 2
1786 23862 47724 572688 5
1787 117826 3299128 8012168 1
1788 124877 499508 5619465 1
1789 10107 353745 848988 2
1790 17250 724500 1518000 3
1791 129095 3098280 6196560 5
1792 137828 2067420 8269680 1
1793 107498 429992 3224940 4
1794 36914 295312 812108 3
1795 101232 1214784 4251744 3
1796 31010 744240 1767570 5
1797 21499 171992 1160946 4
1798 129980 2339640 5589140 3
1799 130495 1174455 7307720 1
1800 48149 337043 2118556 4
1801 156938 5022016 10828722 1
1802 8939 17878 143024 4
1803 60058 480464 1201160 3
1804 126047 3151175 4915833 1
1805 109870 329610 439480 5
1806 131876 1055008 1318760 3
1807 75827 1137405 4928755 3
1808 158955 1271640 1589550 3
1809 59757 179271 537813 5
1810 48252 386016 2605608 2
1811 9601 134414 489651 5
1812 22013 176104 616364 5
1813 6122 18366 73464 1
1814 24087 144522 1348872 2
1815 76906 1922650 2691710 3
1816 36210 1520820 2751960 2
1817 62774 251096 1506576 5
1818 32010 1120350 2752860 1
1819 111076 3887660 9219308 3
1820 142036 3124792 9800484 2
1821 18278 511784 968734 4
1822 110047 5282256 5722444 4
1823 63950 959250 3261450 3
1824 2686 40290 67150 2
1825 143422 4015816 10039540 2
1826 53396 0 2509612 3
1827 271 2439 11382 4
1828 29961 59922 1528011 4
1829 148101 444303 4443030 2
1830 154407 926442 4168989 1
1831 109716 438864 2413752 5
1832 150367 3157707 6916882 1
1833 154724 618896 6343684 5
1834 58602 527418 1523652 3
1835 29062 174372 639364 1
1836 142345 996415 3273935 1
1837 113985 1025865 2393685 3
1838 137208 823248 1646496 5
1839 133137 665685 5724891 1
1840 61364 245456 306820 2
1841 14538 261684 334374 1
1842 91125 1913625 6743250 4
1843 44902 1122550 1796080 4
1844 46099 645386 2581544 5
1845 44370 266220 1552950 4
1846 56784 340704 3179904 2
1847 132845 2656900 6243715 5
1848 113381 453524 1587334 3
1849 48986 146958 2106398 3
1850 105064 630384 5673456 2
1851 5340 0 202920 4
1852 142573 855438 4134617 3
1853 160331 320662 4809930 2
1854 70762 1415240 2122860 1
1855 7089 14178 35445 1
1856 68086 1089376 2655354 3
1857 113777 2389317 2958202 5
1858 93320 0 2239680 2
1859 12970 155640 648500 5
1860 65763 328815 3025098 5
1861 17180 601300 824640 4
1862 77173 926076 1311941 5
1863 14299 28598 300279 1
1864 56127 1122540 3030858 1
1865 43286 173144 1082150 2
1866 160268 1121876 7051792 5
1867 104905 4196200 5664870 3
1868 41475 663600 2861775 2
1869 4159 99816 303607 4
1870 137452 274904 5772984 2
1871 151176 2721168 7861152 5
1872 64429 451003 1932870 1
1873 145751 7141799 9619566 4
1874 18451 387471 1346923 3
1875 71991 287964 1223847 1
1876 14481 28962 579240 1
1877 159280 1911360 3344880 3
1878 129480 2589600 7898280 4
1879 76385 1527700 4583100 2
1880 149325 3583800 4031775 5
1881 52724 949032 1898064 4
1882 62545 250180 500360 2
1883 95503 668521 5825683 4
1884 141470 848820 8346730 5
1885 23902 215118 1099492 2
1886 15723 235845 990549 1
1887 25758 309096 618192 1
1888 119228 119228 5365260 2
1889 134526 1076208 5246514 3
1890 122 3050 6222 3
1891 58198 814772 931168 5
1892 134609 2826789 7941931 2
1893 120004 240008 720024 3
1894 33030 693630 858780 2
1895 28706 430590 832474 2
1896 101141 1618256 5461614 1
1897 139382 1672584 2230112 3
1898 143978 863868 6766966 1
1899 22102 353632 1547140 4
1900 43206 388854 1728240 4
1901 23392 116960 163744 5
1902 125418 0 1755852 2
1903 127170 508680 890190 2
1904 148489 0 6236538 2
1905 41736 834720 1419024 5
1906 72996 291984 2189880 4
1907 30052 90156 1322288 2
1908 38755 465060 503815 4
1909 108724 1087240 4240236 4
1910 48316 289896 1159584 2
1911 42289 1776138 2960230 5
1912 47848 478480 2631640 2
1913 56400 2256000 2820000 2
1914 49025 147075 2059050 1
1915 82061 1723281 4185111 4
1916 2077 24924 122543 4
1917 157799 1893588 10099136 4
1918 35431 425172 1594395 3
1919 92522 555132 3330792 3
1920 52398 209592 523980 5
1921 16454 131632 329080 5
1922 143960 0 2591280 4
1923 5402 32412 275502 5
1924 161504 3876096 4683616 4
1925 30491 243928 701293 1
1926 107341 3220230 6655142 3
1927 124670 5236140 11968320 1
1928 20068 240816 602040 3
1929 38425 461100 1767550 3
1930 51177 409416 1023540 1
1931 81452 244356 977424 4
1932 31470 251760 786750 5
1933 91777 1284878 5873728 1
1934 77276 463656 1468244 4
1935 32173 128692 965190 5
1936 153418 4909376 6443556 3
1937 140438 1123504 1404380 1
1938 107719 1938942 6570859 3
1939 111620 1785920 4018320 3
1940 109681 1096810 4935645 5
1941 142258 853548 1422580 1
1942 74682 1568322 4256874 1
1943 65983 2111456 4090946 4
1944 821 6568 43513 1
1945 125813 251626 6793902 5
1946 123745 1484940 2351155 5
1947 130737 261474 6406113 1
1948 56371 281855 3156776 4
1949 7592 182208 303680 5
1950 94531 189062 2363275 5
1951 47588 190352 2379400 2
1952 130213 1562556 4557455 2
1953 67016 1608384 3685880 4
1954 101293 303879 5267236 5
1955 135292 4058760 8929272 2
1956 153732 4304496 9992580 5
1957 134345 806070 7792010 1
1958 150949 301898 2264235 2
1959 74581 1789944 4400279 4
1960 16996 203952 679840 4
1961 33812 338120 1927284 1
1962 81164 1460952 4301692 1
1963 757 4542 34065 1
1964 21025 168200 210250 4
1965 71494 142988 571952 1
1966 132060 1980900 6603000 5
1967 161033 1127231 8695782 1
1968 5496 65952 258312 1
1969 89193 1873053 5262387 3
1970 78890 1577800 2445590 1
1971 147523 0 6491012 3
1972 26226 839232 1363752 4
1973 19976 299640 539352 4
1974 29411 147055 823508 5
1975 119888 1798320 3596640 2
1976 144876 3477024 10720824 4
1977 140070 560280 4342170 4
1978 44283 1239924 2037018 4
1979 53262 852192 1171764 5
1980 43418 347344 390762 3
1981 106413 957717 1383369 4
1982 79048 0 395240 2
1983 102492 2049840 7276932 3
1984 65825 592425 2303875 4
1985 9103 382326 400532 1
1986 57951 347706 1970334 5
1987 126158 1261580 5929426 3
1988 147971 887826 6806666 3
1989 67735 2709400 6231620 1
1990 119949 599745 1439388 4
1991 142629 3565725 3993612 4
1992 115744 2777856 6828896 4
1993 37061 889464 1260074 2
1994 116030 2320600 7309890 1
1995 25920 51840 855360 1
1996 88517 885170 3629197 4
1997 112553 1688295 4164461 5
1998 104677 4187080 4396434 4
1999 111926 1343112 4253188 5
2000 155891 2338365 10444697 4
2001 155899 5456465 9821637 4
2002 80702 3228080 5003524 2
2003 144959 3044139 4203811 5
2004 150585 1807020 8131590 4
2005 38488 461856 769760 4
2006 9296 37184 158032 2
2007 159888 1598880 5116416 3
2008 122188 0 3787828 1
2009 70876 0 2126280 1
2010 111529 446116 2565167 4
2011 93691 1873820 6652061 5
2012 144718 289436 3617950 1
2013 100086 0 4403784 1
2014 73174 439044 1390306 3
2015 129987 1559844 4029597 1
2016 68974 689740 827688 5
2017 20063 421323 1103465 2
2018 96005 768040 2304120 1
2019 17378 69512 451828 3
2020 152586 915516 2593962 5
2021 67573 1216314 1621752 3
2022 65458 785496 3207442 2
2023 82861 745749 4308772 5
2024 85604 0 1284060 2
2025 121175 727050 4604650 3
2026 114799 3673568 7691533 1
2027 36535 876840 2119030 3
2028 45041 450410 540492 3
2029 112840 3949400 8801520 5
2030 20371 40742 142597 1
2031 124120 0 1737680 1
2032 82951 1327216 5391815 3
2033 131269 1837766 3150456 5
2034 148583 742915 4011741 2
2035 9767 156272 312544 2
2036 135919 679595 2854299 4
2037 1599 55965 89544 1
2038 32612 293508 945748 3
2039 47033 940660 2069452 1
2040 82992 995904 3983616 3
2041 60623 1273083 4122364 3
2042 45001 180004 945021 4
2043 82622 2478660 4378966 5
2044 112990 4519600 9378170 1
2045 123495 246990 4816305 1
2046 28578 285780 800184 3
2047 65462 785544 1898398 4
2048 14371 71855 459872 1
2049 18138 36276 689244 4
2050 16153 242295 856109 2
2051 93239 186478 2890409 3
2052 132570 795420 5037660 5
2053 119890 239780 1438680 3
2054 125333 1127997 3383991 3
2055 74965 449790 2024055 2
2056 150932 1811184 5886348 5
2057 25048 1052016 1402688 5
2058 102673 616038 2464152 2
2059 86143 2412004 4134864 2
2060 114505 1603070 5496240 4
2061 86523 346092 2249598 4
2062 110946 1997028 6545814 1
2063 148730 4164440 10411100 3
2064 136926 2464668 4929336 3
2065 126289 2652069 9092808 4
2066 97874 3131968 3817086 1
2067 118654 2373080 8068472 1
2068 50308 100616 1760780 3
2069 133884 3213216 8033040 2
2070 110550 552750 6080250 2
2071 99482 1989640 5968920 1
2072 106947 106947 3743145 1
2073 80480 2253440 5553120 1
2074 35958 107874 143832 3
2075 151250 2268750 3932500 3
2076 7647 61176 374703 4
2077 117343 704058 4576377 4
2078 121365 0 4854600 3
2079 115493 2771832 3464790 5
2080 82599 1651980 2560569 3
2081 24191 96764 1185359 4
2082 6870 6870 240450 3
2083 140248 280496 5469672 5
2084 131517 1052136 3550959 2
2085 112168 785176 4711056 2
2086 141773 708865 6096239 3
2087 22498 359968 1552362 1
2088 25519 306228 1352507 5
2089 5209 78135 317749 3
2090 89144 1069728 3922336 2
2091 86214 603498 4655556 1
2092 64850 259400 1037600 4
2093 116514 1398168 7340382 5
2094 155475 621900 4664250 4
2095 65709 197127 459963 2
2096 138648 0 3466200 1
2097 35317 988876 1801167 2
2098 86922 3650724 8083746 4
2099 88006 880060 2464168 1
2100 73522 73522 882264 1
2101 96319 0 2600613 3
2102 57857 578570 752141 3
2103 92616 370464 4260336 1
2104 77406 1393308 3251052 4
2105 148231 4446930 8449167 5
2106 63783 765396 2678886 5
2107 19854 158832 1211094 3
2108 56452 112904 395164 4
2109 93507 2244168 5049378 3
2110 131963 5542446 12536485 5
2111 132335 1058680 5690405 2
2112 52406 366842 838496 1
2113 148172 0 2074408 3
2114 100346 3010380 8228372 4
2115 125772 1509264 4527792 3
2116 46497 278982 2603832 5
2117 41132 1233960 2015468 1
2118 57517 575170 1150340 4
2119 60865 486920 1217300 5
2120 159988 639952 799940 2
2121 49941 2097522 2447109 1
2122 109406 547030 875248 4
2123 63931 383586 1917930 1
2124 71215 3418320 3988040 2
2125 138037 0 4141110 4
2126 94397 188794 2643116 5
2127 117062 2809488 5618976 1
2128 21543 301602 818634 2
2129 112393 1685895 4608113 4
2130 99321 0 2681667 4
2131 129491 1035928 7769460 5
2132 86779 2082696 4338950 2
2133 2710 56910 62330 3
2134 36736 330624 1432704 5
2135 160505 642020 7222725 4
2136 1182 4728 26004 5
2137 147483 4719456 7964082 2
2138 17290 0 380380 4
2139 73427 660843 4405620 4
2140 142147 2842940 4264410 5
2141 36080 72160 902000 3
2142 86080 516480 1807680 1
2143 21784 43568 479248 1
2144 47996 767936 815932 1
2145 53305 1279320 2078895 3
2146 47094 847692 1130256 1
2147 43843 920703 2630580 3
2148 70504 564032 4300744 5
2149 35318 70636 1024222 1
2150 85520 1026240 1197280 1
2151 27566 82698 441056 5
2152 38121 914904 1791687 2
2153 28238 1129520 2202564 1
2154 92158 1105896 5529480 4
2155 156803 6272120 7840150 2
2156 25609 537789 1562149 4
2157 35655 71310 213930 4
2158 1819 14552 30923 3
2159 86846 521076 781614 3
2160 140666 2953986 5626640 3
2161 19458 389160 1342602 2
2162 56850 511650 3069900 2
2163 5736 34416 74568 5
2164 129890 2597800 3896700 1
2165 147159 2207385 2354544 4
2166 152590 305180 6103600 4
2167 43544 2133656 2786816 2
2168 75210 2256300 3384450 2
2169 113408 1134080 5670400 2
2170 3591 107730 111321 1
2171 15895 95370 604010 1
2172 147062 2058868 4853046 1
2173 143354 1146832 3010434 5
2174 152789 6111560 10695230 5
2175 155754 4361112 7320438 5
2176 13797 220752 758835 2
2177 31302 751248 1533798 1
2178 60147 601470 2526174 2
2179 46636 0 2051984 5
2180 14621 102347 848018 4
2181 41031 82062 451341 3
2182 43406 1041744 1475804 2
2183 51191 1842876 2815505 4
2184 123992 2479840 2975808 1
2185 78039 936468 1872936 2
2186 22600 723200 1830600 3
2187 71782 2297024 5168304 5
2188 36934 221604 590944 3
2189 157043 471129 2512688 2
2190 65854 658540 1975620 4
2191 31235 499760 1405575 3
2192 69040 1449840 1656960 3
2193 152953 917718 8718321 3
2194 72382 1302876 2388606 4
2195 148347 445041 1335123 1
2196 12629 75774 669337 4
2197 85765 0 2916010 3
2198 11672 163408 221768 1
2199 73188 1829700 5489100 1
2200 77412 1548240 3019068 1
2201 107361 858888 3220830 2
2202 23488 352320 375808 1
2203 3471 13884 166608 2
2204 86674 3033590 3813656 2
2205 155832 779160 5454120 4
2206 10562 126744 686530 4
2207 3072 0 135168 4
2208 141346 2826920 4805764 5
2209 100738 201476 1108118 1
2210 44458 800244 933618 5
2211 94460 472300 2928260 4
2212 84833 339332 3732652 2
2213 65900 263600 3558600 5
2214 33741 539856 573597 3
2215 121348 970784 4247180 2
2216 148059 1776708 9327717 1
2217 148622 1337598 9363186 4
2218 24136 724080 1761928 2
2219 7838 188112 415414 2
2220 94655 2271720 4922060 5
2221 111488 1114880 4793984 5
2222 45416 726656 2634128 4
2223 101194 1214328 3946566 1
2224 130810 2354580 3401060 1
2225 18728 299648 561840 4
2226 25825 51650 387375 1
2227 33539 670780 1006170 5
2228 83714 2009136 3767130 5
2229 363 1452 5808 1
2230 152226 1826712 5480136 2
2231 25608 896280 1177968 5
2232 40896 736128 1185984 2
2233 20237 0 829717 1
2234 143265 2292240 3438360 2
2235 28915 173490 636130 4
2236 34328 205968 1613416 2
2237 32480 129920 162400 4
2238 24144 144864 289728 2
2239 3060 61200 171360 1
2240 65570 1835960 3278500 3
2241 67374 1616976 5187798 1
2242 14798 177576 429142 4
2243 149509 598036 8671522 1
2244 120868 604340 4955588 3
2245 140913 563652 6200172 2
2246 50241 100482 351687 4
2247 23474 352110 751168 3
2248 80744 2906784 3068272 4
2249 85251 1534518 5882319 2
2250 103558 2485392 4245878 1
2251 107498 3439936 8922334 1
2252 154237 616948 2467792 5
2253 29947 359364 1946555 5
2254 126882 761292 7486038 1
2255 45699 274194 2604843 2
2256 50778 0 1624896 1
2257 102074 408296 4695404 2
2258 110019 3960684 8141406 4
2259 63435 317175 1141830 1
2260 128907 1804698 4382838 3
2261 63192 505536 3791520 1
2262 142915 857490 2429555 5
2263 85703 428515 1628357 1
2264 17413 121891 957715 1
2265 30002 900060 2370158 4
2266 157047 628188 9108726 2
2267 63029 1008464 2584189 4
2268 101652 203304 1423128 1
2269 20722 82888 476606 3
2270 122597 6620238 11033730 4
2271 38878 349902 1205218 2
2272 18516 222192 1166508 3
2273 45610 364880 1231470 3
2274 73548 2059344 5148360 5
2275 147313 147313 7218337 2
2276 63074 378444 2649108 4
2277 72952 1459040 4377120 4
2278 429 2574 15444 2
2279 19931 99655 558068 2
2280 111178 1334136 4558298 5
2281 111881 2349501 6489098 1
2282 10067 100670 322144 2
2283 121006 2904144 4719234 3
2284 83017 1660340 1826374 5
2285 107035 535175 4495470 2
2286 122015 732090 4514555 1
2287 24888 49776 149328 2
2288 88070 792630 4139290 3
2289 56826 795564 1477476 2
2290 152611 152611 4120497 3
2291 125434 0 627170 1
2292 36640 879360 1282400 2
2293 7853 31412 329826 1
2294 67343 67343 1414203 2
2295 158929 2383935 7787521 4
2296 130108 0 6895724 3
2297 136016 1632192 6256736 5
2298 79319 634552 1586380 2
2299 118241 472964 3665471 1
2300 81348 1301568 4555488 5
2301 151938 759690 7900776 2
2302 139972 559888 979804 2
2303 131066 655330 917462 2
2304 125461 1756454 7778582 2
2305 73381 293524 1687763 3
2306 103867 103867 415468 2
2307 44329 1063896 1906147 3
2308 139853 2936913 8810739 5
2309 10460 104600 355640 3
2310 75901 455406 3643248 1
2311 134819 0 5662398 3
2312 119195 5721360 8939625 5
2313 64473 257892 3417069 3
2314 153610 2150540 4301080 5
2315 141410 3393840 9615880 4
2316 141614 3398736 8496840 2
2317 75004 150008 2325124 2
2318 37582 789222 1465698 2
2319 152639 2289585 10226813 4
2320 33090 397080 1522140 3
2321 133128 1863792 7854552 3
2322 108749 2718725 5437450 4
2323 51032 510320 2908824 4
2324 60267 482136 602670 5
2325 64716 1812048 4335972 3
2326 28388 454208 1107132 2
2327 40786 1142008 2080086 5
2328 126826 634130 5073040 1
2329 50218 602616 3113516 5
2330 49706 298236 894708 3
2331 17619 0 405237 5
2332 2469 0 76539 3
2333 3435 20610 75570 3
2334 130316 1954740 4691376 4
2335 62258 186774 2303546 3
2336 119121 714726 3454509 2
2337 55702 668424 2228080 2
2338 5557 16671 33342 3
2339 5532 22128 160428 4
2340 100822 907398 5444388 3
2341 117760 2355200 4239360 4
2342 85680 514080 2227680 3
2343 28836 0 259524 2
2344 43699 873980 2010154 3
2345 128043 2304774 3457161 4
2346 12803 307272 934619 3
2347 142750 428250 5567250 4
2348 61289 735468 3616051 3
2349 69160 345800 1314040 1
2350 101519 1624304 4771393 4
2351 155554 0 4977728 3
2352 81138 1622760 5760798 2
2353 111702 2345742 6478716 5
2354 93400 467000 3642600 4
2355 41564 249384 789716 2
2356 28453 1138120 1337291 4
2357 24689 790048 2073876 5
2358 15788 94728 299972 2
2359 99776 399104 3492160 1
2360 31175 748200 1091125 4
2361 8659 138544 484904 3
2362 2742 27420 175488 5
2363 15134 363216 665896 3
2364 76030 304120 608240 2
2365 29929 598580 1526379 2
2366 94218 376872 1319052 4
2367 147794 0 1034558 4
2368 95877 1150524 4026834 5
2369 26273 52546 867009 2
2370 34678 104034 208068 5
2371 15653 187836 641773 3
2372 57310 0 229240 4
2373 84232 673856 3706208 5
2374 35029 105087 1786479 3
2375 56095 1121900 1290185 3
2376 130487 2348766 7176785 2
2377 54545 1909075 2890885 3
2378 145957 583828 6422108 2
2379 81686 490116 1470348 5
2380 54710 984780 3227890 3
2381 115281 345843 806967 1
2382 16913 16913 490477 1
2383 141157 846942 7622478 1
2384 152531 3050620 3355682 2
2385 88867 2221675 2843744 5
2386 141597 2973537 5380686 2
2387 32127 1542096 2859303 4
2388 13918 194852 876834 1
2389 116110 232220 5805500 1
2390 95083 1901660 5419731 5
2391 11979 0 359370 2
2392 56420 338520 1071980 4
2393 517 14476 29986 2
2394 26344 158064 342472 4
2395 67419 471933 2292246 3
2396 111994 2239880 7391604 2
2397 11453 160342 217607 4
2398 44310 354480 1107750 4
2399 53523 321138 2676150 2
2400 154804 7430592 8049808 4
2401 130847 4187104 5888115 2
2402 128140 512560 6407000 5
2403 41666 291662 1166648 1
2404 75769 2424608 3258067 1
2405 53085 796275 2813505 5
2406 128840 128840 386520 3
2407 158738 158738 476214 5
2408 125497 1254970 4894383 4
2409 74247 890964 4380573 5
2410 99625 1992500 2988750 3
2411 18218 291488 655848 4
2412 98299 1572784 4423455 3
2413 149788 2246820 7040036 5
2414 144168 432504 865008 3
2415 149649 1795788 5537013 4
2416 78744 551208 1417392 3
2417 56205 224820 618255 3
2418 66986 803832 1205748 2
2419 141052 846312 5359976 1
2420 122273 978184 7458653 2
2421 126573 759438 6834942 1
2422 61235 1530875 3000515 3
2423 7674 30696 429744 4
2424 89521 1253294 3759882 4
2425 42737 1025688 2777905 5
2426 94900 664300 1803100 2
2427 49569 991380 1040949 1
2428 89948 1439168 4227556 5
2429 152322 152322 761610 2
2430 89014 2670420 6854078 1
2431 135573 1626876 8812245 1
2432 15289 61156 565693 1
2433 21037 168296 841480 1
2434 98754 1481310 5628978 3
2435 131026 786156 3406676 1
2436 80884 323536 3558896 4
2437 58452 2045820 4325448 5
2438 80543 644344 4993666 4
2439 16442 32884 674122 2
2440 69337 554696 3813535 3
2441 11765 117650 588250 1
2442 41419 372771 1283989 4
2443 68380 1641120 2256540 5
2444 37851 605616 757020 5
2445 122334 4893360 9297384 4
2446 148018 888108 8585044 1
2447 25671 359394 1155195 2
2448 78834 946008 5124210 1
2449 120451 4336236 10840590 4
2450 45893 458930 1376790 5
2451 115518 924144 4043130 1
2452 61168 1957376 5260448 2
2453 93686 1686348 6089590 2
2454 9497 56982 85473 5
2455 40823 163292 285761 4
2456 13809 207135 952821 3
2457 158875 3177500 3654125 3
2458 109787 3293610 4830628 3
2459 56184 2247360 3651960 2
2460 123186 2463720 6405672 4
2461 149102 2982040 5367672 2
2462 155233 2483728 5122689 2
2463 65283 130566 848679 4
2464 129483 1553796 8157429 2
2465 54697 437576 1859698 2
2466 72943 364715 2115347 4
2467 101338 1824084 3141478 1
2468 35380 1132160 2865780 2
2469 54734 0 492606 5
2470 30481 548658 1341164 5
2471 86671 433355 2773472 3
2472 148779 743895 3719475 1
2473 92685 1390275 5746470 2
2474 79864 479184 2954968 5
2475 77325 386625 3015675 3
2476 75666 0 3480636 3
2477 108833 544165 5985815 5
2478 39358 590370 2479554 2
2479 59840 2513280 5086400 1
2480 7072 212160 544544 2
2481 99907 2397768 4895443 3
2482 144252 0 4327560 4
2483 152366 1523660 4266248 4
2484 5084 101680 284704 5
2485 118897 0 1070073 5
2486 76260 915120 1677720 1
2487 101574 2539350 6399162 5
2488 24400 97600 1122400 1
2489 110813 110813 3878455 2
2490 111000 3552000 5106000 4
2491 124643 747858 1246430 3
2492 40157 321256 2168478 1
2493 4011 0 40110 2
2494 78535 706815 2277515 4
2495 1530 36720 56610 4
2496 31746 476190 730158 1
2497 74715 1494300 5080620 3
2498 89100 267300 445500 5
2499 40166 361494 1245146 5
2500 143111 858666 5724440 1
2501 112995 225990 5084775 3
2502 63177 1010832 1074009 1
2503 60893 487144 730716 5
2504 67582 270328 2365370 2
2505 98800 1580800 3556800 1
2506 25656 153936 179592 1
2507 113011 1808176 6667649 5
2508 143590 1435900 8902580 1
2509 29333 175998 351996 5
2510 13257 185598 517023 1
2511 160094 6403760 10726298 5
2512 91089 637623 3916827 3
2513 60320 1085760 4343040 1
2514 120974 483896 3871168 2
2515 21311 127866 426220 4
2516 14681 616602 939584 2
2517 99455 1193460 6464575 5
2518 133837 535348 1472207 4
2519 1945 27230 83635 3
2520 145089 290178 6093738 4
2521 129287 1939305 7110785 2
2522 141609 708045 1840917 3
2523 76702 613616 3681696 5
2524 138239 4147170 8432579 2
2525 70422 422532 4154898 3
2526 30135 241080 723240 3
2527 128384 128384 2696064 1
2528 105843 846744 3916191 4
2529 124855 998840 4120215 3
2530 91074 364296 4826922 2
2531 103598 3625930 6941066 5
2532 29294 58588 1523288 1
2533 143651 1149208 1867463 2
2534 93434 3737360 7007550 4
2535 143070 286140 1430700 4
2536 146944 0 5143040 4
2537 29715 59430 1545180 3
2538 17960 323280 700440 1
2539 35978 575648 1259230 3
2540 30418 182508 1581736 5
2541 96077 0 1921540 3
2542 120020 480080 4200700 1
2543 64077 1794156 3460158 4
2544 91782 917820 4589100 3
2545 130232 781392 4688352 3
2546 40292 1410220 2941316 1
2547 104498 1253976 6896868 1
2548 133613 1603356 8818458 1
2549 94296 2263104 4809096 5
2550 91241 2554748 5109496 1
2551 104623 1673968 3975674 3
2552 71614 859368 4583296 1
2553 38565 0 1118385 3
2554 89948 539688 4857192 2
2555 22495 269940 427405 3
2556 18378 220536 532962 3
2557 23028 368448 1082316 3
2558 147012 1323108 4116336 2
2559 52993 635916 1642783 4
2560 38667 464004 1624014 4
2561 41506 498072 788614 4
2562 161108 966648 8860940 5
2563 100598 1207176 2213156 2
2564 159369 318738 6534129 3
2565 20424 102120 163392 2
2566 17556 263340 737352 5
2567 86757 2082168 3036495 1
2568 84184 673472 4377568 2
2569 29235 0 1461750 1
2570 94498 566988 1511968 2
2571 19494 233928 818748 5
2572 99485 5571160 9948500 2
2573 25133 150798 1080719 2
2574 10666 74662 149324 4
2575 95791 287373 5172714 1
2576 105006 420024 4305246 4
2577 58769 1763070 4348906 3
2578 15954 0 845562 2
2579 17385 0 121695 5
2580 110138 0 1541932 4
2581 77668 1864032 2019368 1
2582 40424 565936 2465864 3
2583 95104 951040 2377600 5
2584 113617 4544680 8748509 3
2585 6221 124420 447912 3
2586 127239 5089560 9670164 4
2587 136162 816972 8169720 5
2588 81368 976416 5044816 3
2589 64304 128608 2636464 4
2590 92453 1109436 4067932 2
2591 51881 622572 2697812 4
2592 100350 401400 1304550 5
2593 127267 1781738 2672607 5
2594 140542 702710 1124336 1
2595 50206 251030 1255150 2
2596 59273 237092 948368 2
2597 52882 211528 846112 3
2598 65491 916874 2423167 3
2599 92600 555600 3981800 2
2600 56003 3136168 5208279 1
2601 69878 139756 419268 5
2602 107056 535280 3532848 5
2603 68886 1239948 1859922 3
2604 147816 1182528 1330344 3
2605 85461 769149 1281915 5
2606 89323 714584 3662243 4
2607 79539 1272624 1749858 5
2608 131749 5269960 10012924 1
2609 94015 1504240 2632420 2
2610 71138 284552 3414624 5
2611 129473 1812622 5567339 3
2612 3937 15748 224409 2
2613 124525 498100 2988600 5
2614 26531 212248 1246957 2
2615 77235 463410 2857695 4
2616 9764 9764 58584 3
2617 111210 333630 5782920 1
2618 59044 826616 3129332 3
2619 30120 90360 1566240 4
2620 60796 851144 3343780 4
2621 29675 178050 1572775 3
2622 96179 1538864 4616592 5
2623 160307 6412280 9458113 5
2624 119164 953312 2502444 4
2625 155354 3107080 8855178 4
2626 48370 1015770 2757090 1
2627 91485 457425 2927520 5
2628 24424 73272 464056 3
2629 80097 400485 3924753 5
2630 97377 584262 4771473 3
2631 53118 0 1912248 1
2632 75821 909852 2502093 5
2633 66283 331415 2783886 3
2634 92292 2584176 5906688 1
2635 159268 1114876 9556080 2
2636 51794 207176 2589700 4
2637 65772 1578528 3617460 1
2638 115942 1855072 2318840 4
2639 125683 1256830 2262294 3
2640 145088 870528 3772288 3
2641 39493 355437 1303269 5
2642 100439 602634 6026340 3
2643 73186 878232 2707882 3
2644 137460 2474280 3573960 4
2645 161693 3880632 8084650 3
2646 150645 0 6779025 5
2647 83166 997992 5239458 1
2648 124040 1240400 5085640 4
2649 72727 1090905 4727255 5
2650 61490 983840 4242810 1
2651 4448 111200 240192 1
2652 100001 200002 3200032 5
2653 156740 3761760 4231980 2
2654 56121 561210 2693808 5
2655 92839 4456272 5013306 4
2656 3434 68680 123624 3
2657 101730 1220760 2034600 3
2658 103230 2167830 2993670 2
2659 150323 5261305 12176163 4
2660 121786 2557506 8403234 1
2661 22385 268620 1253560 5
2662 63732 318660 3760188 5
2663 32130 1124550 1670760 5
2664 20454 40908 797706 5
2665 149089 2981780 6112649 3
2666 42197 421970 2194244 1
2667 34783 139132 1739150 2
2668 31280 250240 750720 1
2669 109944 2198880 7146360 4
2670 95906 287718 671342 4
2671 20226 101130 768588 2
2672 106811 1068110 4486062 4
2673 52548 840768 2890140 4
2674 114448 2746752 4577920 4
2675 87595 875950 5606080 5
2676 57421 918736 1492946 3
2677 12743 152916 560692 2
2678 28572 142860 485724 3
2679 62690 376140 3009120 1
2680 136281 681405 6268926 1
2681 100451 3515785 5223452 2
2682 141847 1418470 2269552 4
2683 39775 159100 1789875 4
2684 46111 368888 1982773 2
2685 6213 43491 74556 4
2686 34469 482566 1757919 5
2687 61551 246204 2646693 3
2688 107364 2576736 4294560 4
2689 71975 575800 3886650 2
2690 118410 2486610 4854810 2
2691 1517 9102 71299 1
2692 66158 1058528 1190844 2
2693 40362 363258 1049412 1
2694 17044 272704 613584 3
2695 131395 1051160 7358120 3
2696 102590 1641440 4001010 2
2697 61637 1540925 4869323 3
2698 115868 1390416 2201492 1
2699 89358 446790 2591382 3
2700 44773 537276 2775926 3
2701 79833 159666 4310982 2
2702 157010 0 6123390 3
2703 40395 80790 848295 2
2704 46670 93340 2566850 4
2705 47814 2295072 2534142 4
2706 108569 4342760 6839847 3
2707 15993 255888 495783 5
2708 112945 677670 1581230 5
2709 74606 746060 2685816 2
2710 59748 298740 1135212 2
2711 105356 0 4319596 5
2712 94968 1899360 5793048 1
2713 28787 518166 1842368 4
2714 148394 890364 3264668 1
2715 86529 778761 4586037 4
2716 122308 489232 3546932 5
2717 158706 1269648 6030828 3
2718 134521 1614252 7264134 5
2719 151764 1214112 2428224 5
2720 36184 868416 1411176 1
2721 134265 1074120 5639130 5
2722 28948 57896 1534244 2
2723 82116 739044 2135016 1
2724 64074 512592 3267774 3
2725 99294 297882 2482350 3
2726 107984 539920 3887424 4
2727 130103 780618 1431133 4
2728 127820 3067680 6646640 3
2729 22122 884880 1061856 4
2730 158740 1587400 8254480 4
2731 136941 821646 2738820 3
2732 100485 401940 5727645 2
2733 49172 1180128 1278472 3
2734 54401 1523228 2393644 1
2735 131333 0 2363994 1
2736 158272 4748160 7280512 5
2737 59042 531378 3188268 2
2738 15415 0 200395 2
2739 21854 699328 1464218 2
2740 84822 1272330 2799126 4
2741 19602 274428 509652 4
2742 29 696 899 1
2743 97643 878787 4491578 5
2744 126644 1266440 6458844 1
2745 142703 1712436 3852981 5
2746 106744 2561856 6191152 4
2747 37870 0 1969240 4
2748 144567 2891340 4915278 2
2749 28940 231520 1562760 4
2750 69498 694980 2293434 4
2751 145110 1015770 6820170 1
2752 114642 1834272 6419952 3
2753 161120 1933440 4511360 5
2754 130676 784056 4442984 1
2755 69798 348990 1256364 3
2756 109415 2188300 7549635 2
2757 104334 208668 3964692 3
2758 120434 240868 1686076 3
2759 124855 749130 2247390 1
2760 150257 150257 2103598 2
2761 151896 1822752 8809968 5
2762 143123 3434952 9302995 2
2763 57789 231156 2138193 1
2764 65966 1847048 1913014 3
2765 27702 664848 1966842 1
2766 36462 291696 1458480 5
2767 54057 162171 1459539 1
2768 83934 1259010 3189492 1
2769 120960 2419200 8467200 3
2770 3482 55712 184546 2
2771 132684 2388312 4909308 1
2772 74594 372970 3058354 4
2773 156862 470586 6274480 2
2774 20749 145243 352733 1
2775 39200 156800 1764000 2
2776 132962 4653670 6648100 4
2777 18305 732200 988470 5
2778 65848 1316960 1646200 4
2779 152040 3040800 3192840 4
2780 137449 274898 3023878 1
2781 91787 1376805 2845397 4
2782 150367 3007340 9172387 2
2783 120507 4338252 9038025 1
2784 12007 72042 168098 3
2785 109274 327822 5463700 3
2786 69831 209493 3631212 5
2787 68681 274724 961534 2
2788 136881 0 3422025 2
2789 145348 872088 1744176 5
2790 37797 226782 1398489 5
2791 141733 1700796 9354378 4
2792 116871 467484 3272388 2
2793 5031 80496 241488 3
2794 154742 3868550 9439262 2
2795 100434 401736 602604 3
2796 29879 746975 926249 4
2797 99731 997310 2194082 2
2798 6861 41166 137220 1
2799 63212 126424 2465268 4
2800 66021 1320420 2640840 2
2801 51634 722876 2736602 3
2802 24887 746610 1642542 5
2803 159396 637584 8129196 3
2804 121002 484008 1089018 3
2805 71607 1002498 1790175 5
2806 16410 262560 722040 4
2807 161532 2584512 7107408 5
2808 12226 244520 525718 1
2809 110371 882968 2428162 4
2810 116980 3743360 4562220 2
2811 122113 1709582 6594102 2
2812 33557 402684 771811 3
2813 58771 705252 1469275 4
2814 128124 0 6790572 4
2815 99469 1492035 5172388 3
2816 4460 214080 316660 3
2817 56885 0 2958020 5
2818 85494 1025928 4274700 1
2819 40228 201140 1528664 5
2820 91580 1648440 5952700 2
2821 78203 2815308 4379368 2
2822 95077 855693 1711386 2
2823 22653 158571 249183 1
2824 61410 245640 2702040 2
2825 15275 183300 259675 3
2826 56635 679620 3001655 1
2827 101030 606180 4344290 4
2828 50848 1779680 4271232 5
2829 125128 375384 2252304 1
2830 93134 0 3166556 2
2831 139641 837846 5166717 3
2832 133122 1064976 1464342 4
2833 119176 1430112 7269736 3
2834 42141 210705 1348512 3
2835 46642 1305976 2891804 5
2836 39128 1173840 1878144 4
2837 91423 1097076 1371345 3
2838 52428 838848 1153416 3
2839 106425 532125 638550 4
2840 41702 250212 834040 2
2841 161340 806700 7905660 2
2842 151798 1062586 6223718 4
2843 123345 2466900 4687110 3
2844 160745 1928940 9162465 2
2845 91523 5857472 9152300 1
2846 108824 435296 1850008 5
2847 85841 1545138 5493824 4
2848 124665 0 1869975 4
2849 5255 42040 246985 1
2850 133693 1604316 6417264 4
2851 2748 41220 107172 5
2852 46968 187872 1315104 2
2853 58174 872610 2908700 2
2854 130064 4162048 6763328 5
2855 75022 1125330 2100616 1
2856 135482 541928 3116086 2
2857 1063 44646 60591 3
2858 67487 404922 2969428 2
2859 69577 417462 1252386 4
2860 120246 1442952 7335006 2
2861 156404 0 8133008 4
2862 16393 49179 377039 5
2863 25853 620472 1085826 5
2864 84245 2695840 5138945 2
2865 92335 1108020 4247410 1
2866 15818 0 237270 3
2867 735 17640 35280 1
2868 6831 54648 163944 3
2869 69080 207240 3523080 4
2870 70545 211635 3174525 4
2871 19786 593580 1385020 3
2872 34625 623250 2216000 5
2873 81993 163986 2213811 2
2874 160138 2241932 9127866 5
2875 41114 616710 2384612 1
2876 141187 6918163 12989204 5
2877 44422 355376 1510348 1
2878 121553 364659 1823295 4
2879 76033 456198 4029749 1
2880 100937 3229984 6459968 2
2881 148853 1786236 7293797 4
2882 68990 551920 1034850 1
2883 71649 716490 1432980 2
2884 93512 1122144 2898872 5
2885 117880 353640 5540360 5
2886 139963 1259667 8397780 1
2887 40581 365229 1582659 2
2888 38853 0 1282149 5
2889 21282 446922 1489740 1
2890 126788 5071520 10016252 4
2891 160261 320522 2083393 2
2892 77729 1088206 1787767 2
2893 69310 415860 2495160 1
2894 107404 1718464 2577696 1
2895 154956 774780 8212668 2
2896 137168 685840 5349552 3
2897 160830 4503240 12223080 3
2898 58416 1168320 4030704 3
2899 1154 2308 47314 1
2900 101741 915669 2645266 4
2901 77899 233697 856889 2
2902 123320 0 3083000 3
2903 152049 304098 5929911 3
2904 89463 536778 2594427 1
2905 71332 213996 2567952 5
2906 103365 0 4134600 3
2907 130503 1957545 6655653 3
2908 60385 422695 3623100 2
2909 119033 1904528 2023561 1
2910 30132 482112 1958580 4
2911 135716 814296 3528616 5
2912 27377 0 246393 3
2913 47405 94810 1659175 1
2914 15968 239520 990016 3
2915 49543 99086 644059 1
2916 39011 819231 2613737 3
2917 40355 645680 1654555 1
2918 49143 393144 2801151 3
2919 9239 369560 526623 2
2920 2811 50598 143361 5
2921 160693 2571088 6267027 3
2922 119510 717060 4780400 1
2923 126299 1768186 6441249 3
2924 141425 3394200 10324025 2
2925 50543 1617376 2577693 5
2926 56523 113046 3052242 1
2927 69919 2097570 5174006 2
2928 84680 508080 592760 1
2929 55352 332112 2435488 2
2930 155623 2489968 7781150 3
2931 72525 2320800 2610900 1
2932 52467 419736 839472 3
2933 75448 150896 2716128 1
2934 118320 473280 3549600 1
2935 25155 150930 427635 4
2936 122705 2944920 4908200 1
2937 14962 14962 718176 3
2938 86926 1303890 3216262 1
2939 54528 654336 1690368 1
2940 76457 305828 3975764 3
2941 161445 1291560 4681905 1
2942 128193 769158 2179281 1
2943 104030 2912840 4161200 1
2944 33999 713979 951972 2
2945 116482 698892 5824100 4
2946 62052 372312 3288756 5
2947 515 2060 7725 4
2948 641 5769 37178 5
2949 61442 122884 1044514 5
2950 127582 127582 6379100 3
2951 47699 0 381592 2
2952 28889 346668 1184449 3
2953 61088 1832640 3543104 3
2954 33439 133756 668780 3
2955 71759 430554 2583324 2
2956 52372 1571160 4346876 5
2957 123424 1481088 2345056 2
2958 58450 935200 2980950 3
2959 57494 172482 2759712 5
2960 45781 183124 2655298 5
2961 26799 643176 937965 2
2962 3655 36550 171785 5
2963 143712 862272 3592800 3
2964 122646 1717044 3924672 2
2965 116502 1747530 4660080 3
2966 100242 601452 4510890 5
2967 115992 695952 1739880 2
2968 76415 382075 4355655 3
2969 79658 1194870 4779480 1
2970 68845 1652280 4681460 5
2971 149855 0 449565 5
2972 22137 44274 265644 4
2973 15232 487424 1309952 5
2974 92636 833724 1204268 2
2975 49771 99542 2140153 5
2976 44882 673230 2872448 5
2977 32496 194976 454944 3
2978 89905 2247625 3416390 1
2979 15101 271818 604040 1
2980 44172 1236816 2517804 2
2981 131429 1051432 1840006 3
2982 42291 253746 422910 1
2983 84240 1263600 5138640 4
2984 62516 500128 2125544 5
2985 101013 808104 3232416 3
2986 38972 623552 1325048 4
2987 1175 11750 68150 3
2988 34812 974736 1218420 2
2989 107512 1290144 2257752 1
2990 4732 94640 212940 2
2991 69344 554752 832128 2
2992 16686 83430 100116 2
2993 4612 55344 262884 1
2994 144977 3479448 9568482 1
2995 3094 27846 148512 5
2996 76159 3198678 6321197 5
2997 143741 8049496 8193237 5
2998 132145 0 3171480 4
2999 14639 29278 629477 4
3000 130503 3132072 4176096 3
