0001 73927 443562 2883153 3
0002 34726 833424 1180684 1
0003 26359 0 263590 4
0004 66104 528832 3305200 2
0005 48754 780064 2583962 4
0006 81637 408185 2122562 3
0007 79902 319608 3835296 4
0008 23800 71400 761600 3
0009 87151 871510 2614530 3
0010 37817 378170 605072 2
0011 12850 179900 501150 4
0012 56654 1019772 1076426 1
0013 64915 1363215 1882535 2
0014 66829 400974 2405844 2
0015 46482 929640 1162050 1
0016 31396 470940 1130256 4
0017 37188 0 1375956 4
0018 81121 2028025 2595872 1
0019 11418 34254 91344 1
0020 74563 671067 1267571 5
0021 65601 1312020 2164833 1
0022 43159 604226 2330586 4
0023 13828 414840 926476 3
0024 51504 927072 1133088 2
0025 41511 498132 1245330 5
0026 36729 36729 550935 5
0027 6731 302895 450977 4
0028 66417 1660425 4184271 2
0029 39024 234144 1443888 2
0030 75578 453468 2267340 1
0031 28535 228280 313885 5
0032 21494 644820 1375616 1
0033 15864 0 412464 3
0034 25788 257880 799428 2
0035 35911 430932 574576 5
0036 66116 396696 1454552 4
0037 52504 210016 577544 4
0038 9714 0 349704 4
0039 80985 1214775 4535160 5
0040 48744 194976 633672 1
0041 20323 406460 630013 1
0042 4486 107664 157010 2
0043 82659 495954 1818498 2
0044 43610 174440 2049670 4
0045 35469 106407 1064070 2
0046 50123 150369 2255535 4
0047 26601 478818 1596060 2
0048 49425 98850 1729875 5
0049 86168 517008 3446720 5
0050 17494 104964 122458 5
0051 62511 1250220 1812819 3
0052 61302 735624 2574684 1
0053 62194 373164 2923118 2
0054 82912 165824 3731040 2
0055 10239 184302 389082 3
0056 39823 318584 1831858 2
0057 17729 159561 726889 1
0058 52044 468396 572484 2
0059 71499 1143984 3360453 4
0060 63822 1787016 4276074 4
0061 483 966 18354 3
0062 10038 361368 762888 3
0063 84539 676312 1268085 1
0064 49340 197360 592080 3
0065 10175 254375 498575 2
0066 22792 478632 638176 2
0067 8337 291795 375165 5
0068 13447 282387 484092 3
0069 69509 417054 2780360 4
0070 18639 130473 447336 4
0071 8152 40760 317928 4
0072 22399 134394 559975 4
0073 48709 389672 1266434 4
0074 87904 703232 3428256 1
0075 15563 233445 466890 5
0076 38599 463188 964975 4
0077 28465 0 654695 2
0078 31689 95067 1109115 2
0079 51816 103632 725424 1
0080 83941 167882 3777345 4
0081 33314 133256 1432502 4
0082 41658 166632 1208082 2
0083 50870 254350 1424360 1
0084 86745 607215 1474665 4
0085 67967 1359340 3874119 4
0086 1682 11774 62234 2
0087 86601 692808 1818621 5
0088 85378 256134 426890 3
0089 7993 15986 103909 1
0090 52967 635604 1006373 1
0091 17308 51924 778860 2
0092 54842 1535576 3948624 1
0093 9398 263144 347726 5
0094 13905 166860 570105 4
0095 9068 90680 154156 2
0096 6528 52224 228480 1
0097 15067 406809 934154 3
0098 42162 505944 927564 4
0099 79848 0 1996200 5
0100 87804 87804 3336552 2
0101 40210 643360 2171340 5
0102 76068 912816 4031604 5
0103 45435 454350 1135875 4
0104 60950 609500 2986550 5
0105 67572 1013580 3040740 4
0106 57133 457064 2056788 1
0107 15319 61276 444251 4
0108 56891 227564 853365 1
0109 22320 178560 424080 5
0110 384 7680 11136 2
0111 67243 134486 201729 5
0112 37933 568995 1972516 3
0113 63305 506440 1835845 4
0114 27476 0 824280 4
0115 15445 648690 1034815 5
0116 38057 913368 2055078 1
0117 75478 528346 3698422 5
0118 12165 0 486600 4
0119 50768 253840 1319968 1
0120 6021 144504 168588 3
0121 31839 127356 1082526 5
0122 39251 392510 1491538 1
0123 402 7236 24522 3
0124 55887 558870 2738463 3
0125 27755 333060 832650 5
0126 12041 144492 361230 1
0127 61709 740508 3085450 3
0128 35964 1078920 1186812 2
0129 58574 234296 2635830 5
0130 51523 1803305 2782242 5
0131 69585 1391700 3270495 3
0132 62277 498216 622770 2
0133 32213 676473 1256307 4
0134 2989 17934 53802 1
0135 87097 1393552 3658074 1
0136 15105 0 362520 4
0137 2273 81828 109104 2
0138 39128 234768 1760760 5
0139 33949 678980 1222164 5
0140 36350 727000 2326400 2
0141 35835 1003380 1970925 4
0142 34071 1022130 1090272 5
0143 65433 196299 3009918 5
0144 34065 306585 1328535 5
0145 10599 63594 127188 3
0146 57369 573690 2237391 4
0147 60834 730008 2433360 4
0148 17957 107742 538710 1
0149 54711 492399 2024307 5
0150 15547 93282 310940 3
0151 87272 1745440 3054520 5
0152 66446 265784 2059826 2
0153 56792 681504 2044512 1
0154 49574 99148 1090628 3
0155 39983 319864 1679286 3
0156 26394 158364 1319700 2
0157 11106 333180 455346 3
0158 8352 233856 592992 2
0159 58816 588160 2411456 4
0160 74129 222387 1037806 3
0161 59681 358086 2984050 4
0162 72220 1083300 2311040 5
0163 2208 13248 37536 5
0164 50928 203712 712992 3
0165 58705 1761150 1937265 1
0166 30258 121032 302580 4
0167 31080 435120 1771560 4
0168 60335 905025 1568710 3
0169 28045 252405 280450 2
0170 33739 236173 1686950 5
0171 12415 37245 62075 5
0172 55186 772604 2704114 4
0173 40744 285208 1589016 5
0174 22213 466473 1221715 5
0175 27656 829680 1935920 2
0176 24199 362985 556577 5
0177 49400 49400 1976000 1
0178 57926 695112 810964 3
0179 64352 450464 3024544 4
0180 35465 106395 1205810 3
0181 1665 19980 26640 1
0182 45198 225990 1491534 5
0183 7009 7009 245315 5
0184 73414 1027796 4037770 4
0185 65423 0 1700998 5
0186 83416 1000992 3002976 2
0187 15168 45504 303360 1
0188 56304 225216 394128 1
0189 31403 314030 1224717 1
0190 53526 1070520 3265086 2
0191 31702 475530 1521696 2
0192 57553 690636 920848 4
0193 59887 179661 2814689 3
0194 34507 276056 1138731 1
0195 2797 27970 100692 1
0196 38140 76280 839080 5
0197 42181 1012344 2277774 1
0198 56242 449936 2024712 4
0199 77766 622128 3266172 2
0200 15753 283554 897921 4
0201 13506 189084 675300 4
0202 40015 320120 2000750 5
0203 10854 21708 271350 4
0204 51585 825360 876945 1
0205 37610 451320 2106160 3
0206 77792 700128 855712 3
0207 8232 49392 148176 1
0208 47709 47709 1001889 1
0209 50700 202800 507000 1
0210 4492 67380 71872 1
0211 48440 775040 1162560 4
0212 53494 802410 2621206 4
0213 34615 138460 1453830 5
0214 11805 35415 224295 2
0215 10637 191466 616946 2
0216 79696 398480 3187840 1
0217 50742 0 1167066 1
0218 66862 267448 3075652 2
0219 83199 332796 1830378 5
0220 74291 1114365 4086005 5
0221 16226 97356 324520 2
0222 54284 542840 1031396 3
0223 22557 135342 1037622 2
0224 6968 167232 404144 4
0225 82844 165688 1076972 5
0226 53754 0 1021326 2
0227 59214 118428 1421136 4
0228 9775 39100 293250 5
0229 17351 34702 641987 2
0230 51160 511600 1841760 4
0231 23447 117235 937880 2
0232 15630 328230 640830 3
0233 32846 98538 1346686 2
0234 47676 953520 1144224 1
0235 7651 0 15302 2
0236 8736 104832 331968 1
0237 81020 324080 2187540 5
0238 79023 237069 3397989 2
0239 55564 333384 1722484 2
0240 83173 499038 2495190 1
0241 9395 28185 216085 2
0242 6076 127596 376712 3
0243 12478 249560 324428 3
0244 41196 247176 947508 2
0245 41241 659856 2144532 4
0246 51492 205968 2059680 4
0247 73726 3981204 6340436 5
0248 2214 19926 70848 5
0249 9019 45095 117247 1
0250 48915 293490 1712025 3
0251 16764 201168 335280 1
0252 1121 13452 16815 3
0253 26557 132785 424912 2
0254 20693 41386 331088 5
0255 85073 425365 1786533 2
0256 18232 218784 747512 3
0257 23961 239610 599025 2
0258 32608 978240 2086912 3
0259 63573 2670066 3623661 3
0260 54663 163989 765282 2
0261 62771 502168 3075779 3
0262 47138 188552 2168348 3
0263 38318 114954 1647674 4
0264 39489 947736 1066203 3
0265 30899 216293 1297758 2
0266 51146 102292 1483234 3
0267 77932 311728 701388 5
0268 7330 58640 117280 4
0269 66344 331720 2521072 4
0270 77029 924348 1617609 1
0271 12777 268317 779397 2
0272 43863 701808 2544054 2
0273 25379 228411 583717 2
0274 20676 723660 930420 5
0275 52996 635952 847936 3
0276 12271 343588 404943 4
0277 66844 601596 1002660 4
0278 34007 680140 2006413 3
0279 53185 0 1914660 4
0280 53184 957312 2871936 2
0281 32245 193470 1031840 1
0282 24167 145002 1184183 3
0283 39199 235194 979975 5
0284 73448 4113088 5728944 4
0285 51904 1816640 2439488 4
0286 32729 1178244 2061927 5
0287 38841 233046 466092 3
0288 70039 420234 2591443 2
0289 38941 700938 1401876 5
0290 34217 273736 1402897 4
0291 16217 583812 745982 4
0292 48327 724905 2513004 1
0293 73092 146184 2996772 5
0294 57145 857175 2971540 4
0295 34644 207864 450372 2
0296 42000 378000 1890000 1
0297 35926 251482 1365188 2
0298 41732 166928 1627548 5
0299 38393 1842864 2764296 1
0300 39919 997975 2754411 2
0301 68006 612054 1360120 4
0302 23677 236770 947080 2
0303 43538 1523830 2176900 2
0304 58692 117384 1056456 5
0305 76884 2306520 3306012 5
0306 69614 69614 1601122 1
0307 60736 121472 2672384 3
0308 59858 1197160 2753468 4
0309 73027 1533567 4308593 1
0310 5466 10932 185844 2
0311 45320 271920 861080 2
0312 61262 1837860 2879314 1
0313 87229 261687 697832 3
0314 24846 74538 173922 5
0315 77712 2175936 5284416 5
0316 12379 37137 495160 1
0317 72312 867744 2241672 2
0318 56025 336150 2072925 2
0319 2411 9644 101262 4
0320 74340 297360 1338120 3
0321 83111 0 3573773 2
0322 68620 3842720 4048580 1
0323 73550 661950 882600 3
0324 83562 417810 1504116 5
0325 69989 2519604 3499450 5
0326 12776 127760 166088 1
0327 56957 683484 1139140 2
0328 2954 29540 147700 4
0329 16414 98484 787872 3
0330 82200 1233000 2466000 5
0331 67817 271268 1220706 4
0332 22428 44856 448560 5
0333 49536 0 1486080 5
0334 7829 62632 133093 4
0335 46509 465090 976689 4
0336 81903 491418 2784702 4
0337 40304 322432 1813680 1
0338 37269 149076 1378953 1
0339 52374 314244 366618 3
0340 51865 0 363055 4
0341 75480 1207680 4226880 3
0342 35628 427536 605676 3
0343 42098 505176 2231194 1
0344 70303 2109090 3936968 4
0345 12558 251160 401856 5
0346 61473 737676 1536825 4
0347 43054 129162 1076350 2
0348 13380 120420 401400 2
0349 40538 810760 2107976 5
0350 78405 940860 1332885 4
0351 41984 209920 1595392 3
0352 12776 38328 485488 5
0353 1280 44800 47360 2
0354 43176 43176 1942920 3
0355 79822 478932 3432346 3
0356 397 7146 8734 3
0357 9905 29715 227815 2
0358 79999 559993 3359958 3
0359 608 4256 10336 2
0360 59690 596900 2268220 4
0361 23822 214398 643194 2
0362 44643 535716 1651791 5
0363 35465 425580 1028485 5
0364 47406 47406 426654 3
0365 46403 278418 1345687 4
0366 12967 207472 518680 3
0367 41437 580118 828740 1
0368 73411 146822 660699 4
0369 67760 677600 2303840 2
0370 3612 10836 169764 3
0371 78714 1889136 4486698 5
0372 26100 469800 1539900 4
0373 82550 330200 1898650 1
0374 7184 201152 387936 1
0375 22395 335925 851010 4
0376 48471 290826 1987311 1
0377 51166 460494 767490 1
0378 23790 285480 1022970 3
0379 10624 297472 403712 4
0380 48506 291036 2279782 4
0381 66148 1058368 1521404 4
0382 42727 341816 811813 1
0383 65223 782676 2282805 3
0384 65899 197697 1911071 4
0385 55862 167586 1508274 4
0386 75797 606376 2046519 1
0387 45149 270894 1896258 2
0388 84203 168406 2526090 5
0389 58576 351456 1522976 5
0390 30704 245632 1443088 3
0391 8043 64344 88473 4
0392 29540 590800 1358840 4
0393 57191 514719 1086629 5
0394 59548 833672 1607796 5
0395 71683 143366 2508905 2
0396 42973 859460 2621353 5
0397 39229 78458 392290 1
0398 43963 527556 835297 2
0399 31643 379716 1708722 2
0400 5907 70884 254001 4
0401 31601 632020 1516848 2
0402 53270 53270 1225210 3
0403 19598 685930 1391458 2
0404 41272 123816 1279432 4
0405 78151 781510 3360493 1
0406 15640 563040 594320 2
0407 4004 24024 172172 1
0408 13846 83076 193844 5
0409 70601 2541636 5153873 4
0410 82557 743013 2146482 4
0411 72391 144782 2606076 2
0412 17996 539880 665852 4
0413 57850 231400 2429700 4
0414 73236 73236 3149148 5
0415 38377 537278 997802 2
0416 87281 2094744 2182025 2
0417 66116 198348 2578524 5
0418 75375 452250 3090375 3
0419 54090 540900 1676790 3
0420 78266 78266 2269714 1
0421 73008 0 949104 3
0422 17281 120967 362901 5
0423 25920 362880 1088640 5
0424 39113 117339 1368955 5
0425 45796 91592 228980 5
0426 28223 338676 366899 3
0427 48786 487860 585432 1
0428 83216 1664320 3661504 5
0429 17404 435100 469908 4
0430 14988 119904 719424 2
0431 42081 1472835 2693184 5
0432 50009 150027 950171 2
0433 40508 243048 1782352 2
0434 68274 204822 887562 3
0435 73296 732960 1099440 5
0436 58923 0 1767690 5
0437 46934 281604 1924294 4
0438 21866 306124 1071434 4
0439 74277 668493 3936681 3
0440 9369 28107 140535 1
0441 86073 1721460 2410044 2
0442 74163 296652 2224890 1
0443 12207 341796 634764 5
0444 70672 848064 1766800 3
0445 37353 261471 971178 2
0446 23212 324968 1183812 2
0447 58142 465136 3023384 2
0448 32629 195774 1337789 2
0449 10763 64578 107630 4
0450 34310 0 926370 2
0451 85718 1285770 3000130 2
0452 79274 554918 3646604 3
0453 55167 1324008 1986012 4
0454 79182 633456 3642372 3
0455 86280 1035360 1294200 2
0456 55974 559740 2854674 4
0457 71626 501382 1790650 2
0458 63421 507368 2853945 1
0459 48005 96010 480050 2
0460 83604 1170456 1839288 4
0461 49003 343021 1029063 4
0462 8365 75285 125475 2
0463 65749 1380729 2366964 1
0464 59837 239348 897555 4
0465 10817 151438 216340 1
0466 77166 77166 1851984 5
0467 43966 439660 1714674 5
0468 28705 344460 1234315 2
0469 76380 152760 1603980 3
0470 516 9288 27348 3
0471 8170 49020 81700 3
0472 37042 148168 1370554 3
0473 76693 383465 1457167 1
0474 37952 303616 1100608 1
0475 56675 680100 2663725 1
0476 55941 1174761 2237640 5
0477 74426 744260 1860650 4
0478 14379 215685 805224 4
0479 66619 1332380 3264331 4
0480 19398 290970 678930 2
0481 44873 448730 583349 2
0482 53792 645504 699296 2
0483 26181 733068 1492317 1
0484 26173 157038 916055 5
0485 15910 159100 429570 2
0486 25456 203648 636400 3
0487 82291 493746 1398947 3
0488 11225 56125 347975 1
0489 62569 500552 1501656 1
0490 53217 266085 2128680 5
0491 62378 1746584 4241704 1
0492 3024 15120 108864 1
0493 3961 63376 170323 3
0494 68723 412338 2611474 2
0495 50127 150381 2005080 5
0496 1736 20832 55552 4
0497 42566 425660 851320 1
0498 36977 1109310 2292574 2
0499 25263 0 101052 4
0500 85564 855640 3251432 5
0501 17890 214680 626150 5
0502 43739 524868 1180953 3
0503 29671 830788 1513221 2
0504 83523 83523 2589213 2
0505 32330 129320 1099220 2
0506 30867 185202 1296414 1
0507 9514 95140 380560 3
0508 50592 303552 1113024 1
0509 37575 450900 1202400 1
0510 8724 43620 122136 4
0511 10793 64758 474892 5
0512 81138 1135932 3245520 2
0513 30996 309960 836892 1
0514 14482 304122 347568 4
0515 68031 680310 1904868 2
0516 32428 907984 1653828 1
0517 61992 495936 2293704 2
0518 42971 902391 2320434 5
0519 83525 501150 835250 1
0520 75943 151886 1366974 4
0521 62948 881272 2266128 3
0522 63627 763524 1845183 4
0523 36965 332685 1145915 3
0524 83346 250038 3000456 5
0525 33817 541072 1217412 5
0526 78123 1406214 2656182 5
0527 27575 965125 2095700 4
0528 4961 79376 193479 5
0529 40219 241314 965256 5
0530 72663 1525923 4287117 2
0531 14404 259272 619372 2
0532 35838 71676 143352 3
0533 40632 325056 1544016 4
0534 41942 41942 1677680 2
0535 80819 2828665 3717674 2
0536 17284 34568 570372 1
0537 58642 469136 879630 5
0538 56373 338238 2649531 5
0539 10645 10645 234190 5
0540 35960 719200 1222640 5
0541 75821 3184482 3866871 2
0542 57652 115304 1325996 2
0543 28806 86418 1037016 4
0544 27418 383852 438688 5
0545 9024 72192 279744 4
0546 3459 62262 117606 3
0547 83945 3525690 5960095 5
0548 48203 1156872 2024526 2
0549 37171 446052 1300985 2
0550 52320 261600 1831200 1
0551 60800 1094400 2249600 1
0552 80044 720396 3041672 3
0553 85126 170252 3405040 3
0554 44246 176984 1769840 4
0555 27048 378672 1541736 4
0556 31339 156695 752136 2
0557 64106 3461724 5128480 4
0558 46218 739488 1525194 3
0559 42446 1061150 1825178 1
0560 70688 424128 2474080 4
0561 10265 246360 605635 1
0562 30398 0 1337512 1
0563 58617 293085 879255 3
0564 52381 523810 1623811 2
0565 50246 251230 1356642 5
0566 39909 957816 2514267 5
0567 36326 145304 1017128 4
0568 58354 466832 2334160 5
0569 27592 551840 1655520 1
0570 62512 2250432 4313328 3
0571 80426 804260 4182152 4
0572 33430 133720 668600 4
0573 36719 257033 1175008 5
0574 69531 556248 2781240 4
0575 14865 267570 505410 1
0576 10960 131520 471280 2
0577 78776 0 1654296 4
0578 77009 616072 847099 2
0579 61606 184818 369636 5
0580 2465 29580 93670 5
0581 51400 925200 2261600 3
0582 54125 811875 2652125 2
0583 54097 649164 1839298 2
0584 67327 942578 3904966 5
0585 80506 1207590 1449108 4
0586 5295 84720 254160 2
0587 80977 404885 2672241 5
0588 6819 109104 204570 4
0589 45885 688275 1009470 3
0590 11823 23646 378336 4
0591 35615 284920 1816365 3
0592 56071 1177491 1626059 3
0593 5123 122952 163936 2
0594 36815 441780 809930 4
0595 84755 2118875 3559710 5
0596 87363 1048356 2795616 1
0597 10800 259200 464400 2
0598 63327 1266540 2913042 3
0599 62643 939645 1691361 4
0600 80068 1201020 1681428 4
0601 24662 123310 1060466 4
0602 72452 289808 579616 2
0603 33088 496320 1124992 2
0604 33920 407040 1255040 5
0605 25429 152574 457722 5
0606 76318 686862 763180 5
0607 59446 713352 1842826 1
0608 58543 0 819602 2
0609 47101 659414 2590555 2
0610 39045 234270 1717980 2
0611 85093 340372 850930 2
0612 79229 950748 4040679 2
0613 42919 515028 858380 3
0614 21418 214180 1092318 5
0615 35609 427308 890225 4
0616 84064 756576 1008768 1
0617 28010 168060 924330 2
0618 85693 1285395 3256334 4
0619 25771 309252 1056611 4
0620 56743 453944 1475318 5
0621 1030 24720 32960 3
0622 35455 70910 1205470 3
0623 49972 599664 1249300 1
0624 64298 385788 1221662 4
0625 84876 254628 339504 5
0626 75156 1352808 2404992 3
0627 49354 592248 2319638 3
0628 19687 98435 708732 5
0629 36831 147324 405141 1
0630 72920 2041760 2916800 4
0631 37257 1303995 1713822 4
0632 2354 84744 101222 2
0633 59036 1771080 4368664 4
0634 6300 18900 75600 1
0635 44257 885140 1681766 3
0636 58585 1054530 1640380 1
0637 37263 298104 1714098 3
0638 5663 67956 232183 1
0639 29626 1066536 2221950 3
0640 69477 2084310 3334896 2
0641 24020 144120 1176980 3
0642 75637 0 1058918 1
0643 78902 946824 3392786 3
0644 16414 164140 722216 1
0645 38716 232296 1858368 4
0646 19857 79428 119142 5
0647 14931 209034 537516 1
0648 27752 971320 1554112 4
0649 62922 880908 1447206 2
0650 72076 864912 1297368 1
0651 33651 100953 1144134 1
0652 70809 849708 3611259 4
0653 40033 160132 1521254 2
0654 84747 2033928 5423808 3
0655 64543 1161774 3098064 2
0656 40853 245118 1266443 4
0657 2508 10032 75240 2
0658 62101 186303 2421939 2
0659 58661 527949 2698406 1
0660 17366 86830 260490 2
0661 10092 252300 282576 3
0662 32385 194310 1586865 1
0663 31505 126020 756120 1
0664 62177 2176195 4787629 1
0665 44683 536196 938343 5
0666 46524 558288 2419248 3
0667 35155 984340 2179610 3
0668 11539 103851 242319 4
0669 65398 523184 2942910 5
0670 24108 578592 1567020 3
0671 40819 612285 1020475 3
0672 80626 1612520 2015650 5
0673 254 0 11176 4
0674 9091 81819 454550 1
0675 31553 220871 1356779 2
0676 69911 209733 2027419 1
0677 26665 319980 346645 4
0678 28229 338748 875099 4
0679 10052 40208 482496 2
0680 61755 1235100 2531955 3
0681 11877 237540 380064 2
0682 19272 809424 1233408 2
0683 23316 69948 559584 1
0684 39480 1263360 1421280 3
0685 31472 377664 1164464 5
0686 2291 41238 135169 3
0687 64797 777564 3110256 2
0688 32617 163085 652340 1
0689 18875 377500 755000 4
0690 24373 438714 1072412 5
0691 65257 391542 1761939 2
0692 31533 126132 1103655 1
0693 58326 933216 1108194 5
0694 79428 1191420 2938836 2
0695 52004 0 1352104 5
0696 86044 1806924 4302200 1
0697 38710 464520 1858080 4
0698 41069 205345 862449 3
0699 21364 85456 619556 1
0700 61350 920250 3006150 5
0701 21907 525768 1423955 3
0702 62938 629380 1195822 3
0703 66230 993450 2185590 2
0704 33353 133412 1500885 4
0705 86473 259419 1297095 5
0706 29487 117948 235896 3
0707 20628 123768 226908 1
0708 55407 387849 2382501 4
0709 30789 615780 862092 1
0710 63109 504872 3281668 1
0711 41375 206875 1572250 3
0712 60978 487824 1341516 1
0713 24106 168742 650862 2
0714 25151 201208 955738 5
0715 34783 834792 1113056 4
0716 46704 373632 1074192 5
0717 64324 2251340 4116736 3
0718 16996 237944 322924 4
0719 31918 191508 223426 1
0720 60328 723936 1990824 3
0721 23118 554832 901602 2
0722 73987 739870 813857 3
0723 66378 331890 3186144 5
0724 8089 161780 444895 1
0725 29763 446445 773838 1
0726 80044 800440 2641452 4
0727 60313 482504 2110955 3
0728 5745 0 160860 5
0729 59110 2068850 2423510 5
0730 23439 468780 539097 4
0731 2046 12276 87978 2
0732 45078 811404 1983432 2
0733 79562 1432116 4535034 1
0734 1121 15694 54929 4
0735 52168 1095528 1147696 1
0736 8504 68032 323152 2
0737 81340 2846900 4636380 4
0738 67900 339500 407400 2
0739 3858 23148 38580 5
0740 21089 42178 295246 2
0741 20601 41202 309015 1
0742 27185 815550 1739840 5
0743 26640 1118880 1252080 5
0744 85006 510036 1955138 1
0745 37683 452196 1168173 1
0746 33542 335420 1811268 2
0747 38657 347913 1314338 4
0748 19633 294495 942384 3
0749 45101 541212 1488333 1
0750 22388 134328 828356 4
0751 5098 20392 152940 1
0752 10514 63084 283878 2
0753 43708 1835736 2753604 5
0754 21388 128328 363596 3
0755 84755 593285 762795 5
0756 75290 225870 1806960 2
0757 75640 226920 1815360 3
0758 34749 625482 1911195 1
0759 46811 280866 1638385 3
0760 71417 857004 1285506 3
0761 34779 0 939033 3
0762 40940 0 1678540 5
0763 75157 1352826 3607536 4
0764 12706 101648 508240 2
0765 61842 618420 680262 4
0766 19268 809256 1059740 5
0767 73289 2638404 4910363 4
0768 377 2262 9802 4
0769 69005 276020 1794130 3
0770 38362 575430 1687928 5
0771 21100 126600 569700 2
0772 5098 10196 20392 1
0773 6892 124056 420412 4
0774 43381 520572 650715 2
0775 57690 0 288450 2
0776 31461 471915 1510128 4
0777 47120 282720 2073280 5
0778 1023 8184 43989 1
0779 18967 151736 587977 2
0780 64929 454503 1947870 2
0781 44465 133395 2089855 5
0782 80241 962892 3049158 5
0783 25491 611784 1223568 1
0784 45931 688965 1056413 3
0785 20458 245496 1063816 1
0786 77618 155236 1164270 5
0787 25378 1065876 1852594 2
0788 79342 476052 2142234 4
0789 7313 131634 204764 5
0790 15661 375864 1033626 2
0791 70107 210321 2804280 2
0792 84178 2356984 4798146 2
0793 82075 246225 2954700 4
0794 26393 395895 1398829 3
0795 61551 123102 2831346 4
0796 24088 361320 385408 4
0797 87064 522384 4179072 1
0798 40535 0 1621400 3
0799 45057 1892394 2613306 4
0800 27942 83826 1145622 5
0801 207 1242 2484 5
0802 86107 688856 2066568 4
0803 75693 302772 3027720 3
0804 17141 34282 702781 3
0805 6691 13382 234185 3
0806 83478 2086950 5175636 3
0807 72354 289416 3472992 1
0808 5012 80192 210504 4
0809 82579 660632 3468318 3
0810 57803 346818 1040454 1
0811 37296 372960 1081584 1
0812 3202 0 137686 5
0813 80208 240624 2646864 4
0814 6702 26808 254676 2
0815 74421 893052 3572208 5
0816 83705 2511150 3599315 4
0817 28650 401100 744900 2
0818 25020 0 950760 5
0819 72158 865896 3535742 4
0820 20343 101715 956121 3
0821 46157 692355 2677106 3
0822 6168 123360 234384 5
0823 28304 113216 707600 4
0824 34524 241668 794052 5
0825 69956 1399120 1608988 2
0826 46453 2601368 2787180 3
0827 31885 510160 1913100 3
0828 86887 1303305 2519723 3
0829 47281 330967 1134744 2
0830 31287 750888 1251480 1
0831 25790 154740 1134760 2
0832 75072 525504 2102016 4
0833 34145 204870 921915 2
0834 30522 152610 1434534 2
0835 73408 73408 1541568 1
0836 72502 435012 725020 5
0837 60011 1800330 3840704 2
0838 75090 901080 1351620 3
0839 48727 1218175 3362163 1
0840 76105 76105 1978730 1
0841 75050 375250 2626750 2
0842 48666 681324 2141304 2
0843 73827 1181232 2140983 1
0844 78313 1096382 3915650 5
0845 80330 1927920 2570560 2
0846 28689 459024 1520517 5
0847 12069 193104 277587 4
0848 2803 8409 11212 4
0849 12398 247960 731482 2
0850 43038 516456 1291140 4
0851 18120 181200 742920 1
0852 10355 62130 72485 5
0853 52093 312558 1927441 1
0854 62179 559611 3046771 2
0855 40828 1143184 2449680 1
0856 51489 102978 2368494 4
0857 36795 257565 772695 2
0858 73066 1461320 3872498 3
0859 34398 0 137592 4
0860 4035 0 137190 5
0861 38520 693360 1463760 4
0862 80833 1697493 3152487 3
0863 47239 472390 2456428 1
0864 7464 313488 425448 4
0865 62648 62648 814424 5
0866 82118 1724478 2217186 1
0867 74467 446802 3127614 4
0868 15909 286362 795450 1
0869 21089 189801 274157 5
0870 56064 224256 2354688 1
0871 58609 703308 1348007 2
0872 35055 420660 911430 4
0873 17609 369789 405007 2
0874 58270 1048860 1748100 2
0875 79610 398050 3821280 1
0876 1010 2020 11110 3
0877 34703 277624 1318714 3
0878 26486 238374 503234 2
0879 17695 318510 1008615 3
0880 20499 245988 799461 2
0881 21068 21068 210680 1
0882 55442 1995912 3381962 3
0883 66665 133330 733315 2
0884 50291 402328 1508730 2
0885 23602 991284 1604936 3
0886 26183 235647 942588 1
0887 35090 350900 736890 1
0888 6253 31265 93795 5
0889 82546 495276 2971656 2
0890 74419 74419 1339542 5
0891 78199 1094786 3909950 3
0892 39365 157460 196825 5
0893 13866 124794 360516 1
0894 60383 241532 2898384 5
0895 53116 637392 1859060 3
0896 49678 198712 1987120 2
0897 22592 338880 1287744 5
0898 63789 382734 2998083 5
0899 36839 1473560 2062984 1
0900 47377 758032 1658195 5
0901 4399 65985 211152 5
0902 21421 21421 278473 1
0903 69626 348130 696260 3
0904 41135 863835 2550370 5
0905 76455 3211110 6116400 3
0906 87282 2618460 3229434 4
0907 51637 774555 2168754 3
0908 83432 1501776 4922488 1
0909 67380 404280 2088780 3
0910 70063 1261134 3222898 5
0911 49426 345982 2421874 3
0912 68904 1378080 3031776 3
0913 79431 953172 1826913 5
0914 50200 602400 1706800 3
0915 72991 875892 1240847 1
0916 81525 163050 896775 4
0917 18788 18788 657580 2
0918 2250 9000 54000 5
0919 16925 169250 677000 1
0920 84772 593404 2797476 2
0921 37807 302456 1134210 4
0922 74523 372615 2757351 2
0923 67093 268372 335465 4
0924 31599 189594 1579950 4
0925 84119 336476 3280641 5
0926 17038 425950 1022280 2
0927 45268 633752 2037060 4
0928 30914 123656 432796 2
0929 40328 564592 1290496 3
0930 85982 1031784 2665442 1
0931 48034 480340 864612 3
0932 30111 270999 993663 5
0933 31 434 1116 5
0934 71552 572416 2647424 5
0935 76107 2130996 4946955 5
0936 12244 48976 477516 2
0937 37510 0 750200 5
0938 19796 831432 1266944 5
0939 14208 113664 511488 5
0940 82785 745065 3973680 4
0941 81792 1145088 2290176 5
0942 84934 509604 764406 5
0943 21374 341984 1090074 2
0944 73068 1315224 3361128 4
0945 46647 1119528 1446057 1
0946 75425 226275 2036475 1
0947 25247 504940 908892 3
0948 70145 420870 2384930 3
0949 41800 2006400 2340800 5
0950 17420 731640 1393600 2
0951 62296 373776 2429544 4
0952 10705 85640 556660 1
0953 23238 139428 836568 4
0954 9591 76728 220593 5
0955 1095 21900 59130 1
0956 54644 382508 874304 1
0957 42928 214640 815632 3
0958 57878 578780 868170 1
0959 29905 1046675 1555060 5
0960 44979 404811 1709202 2
0961 39995 399950 559930 2
0962 11796 176940 436452 1
0963 47209 566508 755344 4
0964 45522 1365660 3141018 1
0965 70780 2972760 5450060 5
0966 10831 129972 389916 3
0967 61616 616160 739392 2
0968 87494 524964 2362338 3
0969 59902 2096570 3534218 2
0970 37739 301912 1585038 1
0971 84043 840430 2269161 3
0972 28488 341856 1367424 5
0973 6756 101340 398604 2
0974 32342 129368 679182 1
0975 4746 28476 80682 5
0976 67393 404358 1617432 2
0977 84889 84889 2631559 5
0978 83422 2335816 4921898 1
0979 21730 217300 260760 4
0980 10991 109910 450631 5
0981 74525 447150 2533850 4
0982 13989 335736 797373 4
0983 33553 268424 1644097 4
0984 35313 70626 282504 1
0985 3298 79152 207774 5
0986 57216 858240 3146880 1
0987 70309 2531124 4359158 1
0988 32942 230594 790608 2
0989 50714 608568 912852 3
0990 50210 702940 1456090 3
0991 80661 967932 1048593 2
0992 24714 0 395424 4
0993 77232 308928 3320976 3
0994 6866 123588 329568 1
0995 84163 1346608 3787335 5
0996 38443 1076404 2537238 2
0997 67761 67761 1016415 2
0998 26336 421376 1290464 1
0999 62791 941865 2386058 1
1000 40802 734436 2448120 5
1001 9646 115752 376194 2
1002 74254 1485080 1707842 3
1003 20342 122052 854364 1
1004 34217 1916152 3421700 2
1005 34703 416436 832872 2
1006 83138 1662760 3076106 4
1007 51956 1039120 2130196 2
1008 83923 1007076 1846306 1
1009 75443 2112404 5205567 1
1010 59391 1781730 4216761 2
1011 6364 25456 292744 1
1012 67166 1880648 2820972 1
1013 38317 0 957925 2
1014 63478 1269560 3491290 2
1015 74459 1563639 2606065 4
1016 84852 678816 1357632 4
1017 4560 54720 218880 1
1018 4931 98620 207102 5
1019 4376 87520 240680 4
1020 46142 276852 692130 2
1021 57496 1379904 1552392 4
1022 14522 261396 609924 3
1023 32128 0 1092352 2
1024 68955 344775 1034325 4
1025 13832 331968 788424 3
1026 84499 1351984 3802455 4
1027 49419 593028 642447 3
1028 33302 33302 832550 3
1029 21773 130638 1023331 5
1030 36111 144444 180555 4
1031 9967 89703 259142 3
1032 86358 690864 2590740 3
1033 77328 463968 1701216 5
1034 33457 802968 1739764 4
1035 79857 0 1197855 4
1036 6406 51248 320300 1
1037 35967 539505 611439 1
1038 38078 114234 1561198 5
1039 16698 233772 718014 5
1040 4732 9464 123032 5
1041 13044 65220 378276 4
1042 49647 0 1489410 3
1043 84002 3024072 4956118 1
1044 63010 189030 1953310 4
1045 6449 58041 161225 4
1046 85174 1022088 1873828 2
1047 25950 103800 311400 5
1048 32151 192906 546567 3
1049 16653 582855 1232322 2
1050 66369 530952 2256546 1
1051 1413 25434 31086 3
1052 42015 84030 1806645 4
1053 73008 876096 1971216 2
1054 25161 301932 1056762 5
1055 67752 135504 2032560 2
1056 82783 496698 3476886 2
1057 44088 440880 617232 5
1058 84430 1688600 3799350 4
1059 82685 992220 1736385 4
1060 82743 1985832 3226977 3
1061 42458 84916 1443572 4
1062 50373 151119 1007460 5
1063 43226 1037424 1512910 1
1064 52145 156435 1877220 3
1065 84797 508782 3222286 5
1066 72396 434376 1013544 4
1067 85413 683304 1964499 2
1068 33281 199686 1231397 4
1069 21271 1042279 1680409 1
1070 63126 1136268 1325646 4
1071 44568 1247904 2094696 2
1072 78269 782690 2582877 5
1073 49373 1036833 1777428 3
1074 14909 59636 104363 3
1075 62950 125900 881300 5
1076 78149 1406682 2344470 5
1077 77249 1853976 3939699 2
1078 9108 36432 437184 3
1079 19461 544908 603291 5
1080 40669 813380 1179401 2
1081 6934 48538 235756 2
1082 8529 34116 247341 4
1083 10677 128124 448434 4
1084 1219 1219 49979 2
1085 7588 0 136584 1
1086 29993 539874 1199720 3
1087 84810 1017720 2205060 1
1088 40265 322120 966360 3
1089 39314 589710 629024 1
1090 28190 197330 845700 3
1091 15716 125728 330036 2
1092 73205 2196150 2488970 2
1093 29781 595620 1310364 5
1094 47767 716505 2388350 5
1095 23107 92428 646996 5
1096 75316 225948 1280372 5
1097 5617 101106 157276 1
1098 18093 162837 597069 3
1099 57819 693828 2601855 5
1100 26107 913745 1931918 3
1101 63357 950355 1964067 2
1102 10415 83320 333280 5
1103 83656 2509680 3597208 2
1104 66265 198795 2385540 1
1105 59084 354504 2363360 1
1106 77329 154658 695961 3
1107 51922 623064 1194206 1
1108 36220 144880 1376360 1
1109 30359 607180 1760822 4
1110 47502 427518 570024 2
1111 86149 1292235 3876705 4
1112 34479 724059 1792908 2
1113 24421 512841 610525 5
1114 19855 496375 992750 4
1115 72230 144460 1444600 1
1116 25620 230580 1255380 1
1117 20566 123396 884338 1
1118 74610 596880 1417590 5
1119 11475 114750 321300 4
1120 3896 46752 179216 4
1121 65442 785304 2159586 4
1122 61643 554787 863002 5
1123 49746 1044666 3084252 4
1124 23008 322112 644224 2
1125 32966 494490 1582368 2
1126 73417 2569595 4772105 1
1127 65849 460943 2568111 2
1128 37319 149276 1044932 5
1129 50523 757845 1667259 1
1130 32995 329950 1748735 3
1131 42120 336960 2063880 4
1132 55784 223136 334704 5
1133 47440 1660400 2324560 4
1134 80149 1122086 3526556 5
1135 57569 0 57569 5
1136 14255 128295 627220 4
1137 65381 1634525 2615240 4
1138 12159 243180 583632 4
1139 29470 884100 2151310 5
1140 25095 200760 652470 2
1141 61103 244412 2932944 2
1142 58403 1051254 1693687 3
1143 85022 595154 3570924 3
1144 85322 255966 682576 3
1145 2375 7125 83125 5
1146 10256 123072 164096 1
1147 57397 344382 1147940 4
1148 34727 833448 1007083 3
1149 57031 1425775 2623426 1
1150 18681 653835 1008774 2
1151 14491 710059 999879 4
1152 27843 974505 2143911 5
1153 12702 101616 419166 3
1154 39866 159464 279062 3
1155 9216 258048 534528 4
1156 83637 1003644 4014576 5
1157 18935 151480 776335 1
1158 85894 515364 2147350 2
1159 20425 61275 449350 2
1160 23932 598300 1388056 3
1161 84645 1523610 2370060 1
1162 25047 500940 1152162 5
1163 72092 360460 2667404 2
1164 51537 1443036 3246831 2
1165 38409 576135 1766814 5
1166 8427 50562 126405 1
1167 62395 1123110 3119750 1
1168 30904 123616 309040 1
1169 87846 2108304 5885682 3
1170 12797 153564 550271 1
1171 77143 1542860 3625721 2
1172 61895 309475 990320 5
1173 4935 19740 78960 3
1174 78686 472116 1888464 5
1175 10781 215620 388116 1
1176 72206 288824 938678 4
1177 53973 809595 2320839 4
1178 80957 1214355 2185839 1
1179 60508 1089144 1149652 4
1180 46850 468500 1639750 5
1181 48026 1440780 2689456 5
1182 39450 473400 552300 2
1183 64054 384324 3202700 3
1184 69624 1253232 4107816 5
1185 36771 441252 1066359 3
1186 37346 224076 485498 4
1187 45308 271848 1812320 2
1188 78393 940716 1254288 3
1189 81846 245538 818460 3
1190 64457 193371 2642737 5
1191 67004 469028 3015180 2
1192 29981 449715 1259202 3
1193 81011 162022 405055 3
1194 72763 218289 1455260 5
1195 35634 356340 1425360 5
1196 55237 828555 1436162 1
1197 58098 697176 2904900 5
1198 83652 669216 1003824 5
1199 52216 783240 2140856 1
1200 18698 149584 822712 5
1201 64112 192336 2564480 1
1202 48313 193252 628069 2
1203 18813 0 451512 1
1204 58346 466768 991882 5
1205 79839 479034 798390 1
1206 59723 1433352 2627812 2
1207 7514 75140 232934 1
1208 12363 173082 321438 5
1209 71841 287364 3017322 4
1210 75254 752540 3311176 1
1211 42206 253236 1435004 3
1212 23875 0 1002750 3
1213 15395 230925 354085 5
1214 41312 371808 950176 5
1215 78622 0 1022086 4
1216 64884 1557216 4217460 4
1217 74875 1497500 3594000 1
1218 73421 146842 1908946 3
1219 74404 223212 2232120 2
1220 3258 68418 104256 1
1221 50725 355075 2586975 3
1222 47165 94330 990465 1
1223 60477 725724 1632879 2
1224 87490 699920 2099760 1
1225 53063 265315 1220449 4
1226 6599 32995 250762 5
1227 29548 59096 738700 3
1228 40776 285432 1223280 4
1229 61256 612560 3307824 5
1230 59149 177447 768937 5
1231 35413 354130 531195 5
1232 45052 360416 946092 3
1233 81118 0 1216770 1
1234 61815 618150 865410 1
1235 14792 295840 547304 4
1236 11005 44020 396180 3
1237 87440 1311600 3759920 2
1238 37759 264313 1095011 5
1239 81405 2849175 4070250 1
1240 77632 931584 3027648 2
1241 75815 1895375 4548900 1
1242 61691 1295511 1850730 1
1243 81996 327984 3443832 4
1244 84553 253659 760977 1
1245 14891 89346 134019 4
1246 53118 637416 1062360 4
1247 4752 95040 118800 2
1248 81028 1620560 2349812 2
1249 41343 330744 578802 5
1250 80025 1200375 4481400 4
1251 51899 1816465 2750647 4
1252 56501 169503 1864533 1
1253 77545 775450 2093715 3
1254 8552 34208 410496 3
1255 33504 167520 737088 5
1256 18459 55377 627606 1
1257 6407 12814 70477 1
1258 76563 306252 3368772 5
1259 20360 244320 1058720 1
1260 52067 0 52067 3
1261 55446 1386150 3437652 4
1262 84656 2116400 2201056 3
1263 59599 0 1787970 1
1264 16080 0 691440 3
1265 24003 288036 1128141 1
1266 78750 2835000 4331250 5
1267 51620 464580 1548600 1
1268 7291 29164 51037 5
1269 60999 1707972 2317962 2
1270 59288 474304 2667960 2
1271 71421 357105 1142736 3
1272 52374 157122 523740 4
1273 68743 549944 3368407 1
1274 55981 503829 559810 3
1275 38271 765420 1569111 1
1276 26340 105360 1211640 3
1277 60444 725328 2115540 1
1278 51465 102930 514650 3
1279 41566 1039150 1621074 4
1280 68855 2891910 4475575 5
1281 69598 417588 1391960 4
1282 60531 726372 2723895 1
1283 24362 438516 1193738 1
1284 52239 731346 992541 4
1285 87058 696464 1915276 3
1286 68255 1638120 1911140 4
1287 49277 985540 2118911 3
1288 51140 102280 2301300 2
1289 49237 689318 2708035 3
1290 8020 16040 288720 2
1291 46728 93456 1214928 5
1292 56929 1707870 1821728 3
1293 39815 159260 1592600 5
1294 55836 670032 2456784 1
1295 80725 1614500 5166400 3
1296 51191 409528 2150022 3
1297 49111 343777 2455550 1
1298 67301 1413321 3365050 2
1299 2980 23840 119200 1
1300 6348 38088 196788 5
1301 32935 230545 1580880 3
1302 52272 1045440 2195424 4
1303 19555 39110 821310 1
1304 73200 1317600 2342400 3
1305 8981 71848 224525 3
1306 21687 260244 1019289 4
1307 3122 6244 34342 2
1308 31756 31756 1016192 1
1309 63033 630330 1575825 5
1310 55191 1545348 3587415 2
1311 38339 575085 1188509 4
1312 80811 484866 3717306 3
1313 66100 793200 2974500 3
1314 149 2980 6854 1
1315 14731 515585 1075363 1
1316 83 664 1826 2
1317 82918 248754 331672 1
1318 69591 1391820 2087730 3
1319 53303 533030 639636 4
1320 38091 685638 2056914 1
1321 32193 193158 1416492 4
1322 473 7095 14190 5
1323 207 207 2484 3
1324 50629 303774 708806 4
1325 23352 233520 864024 4
1326 21558 129348 194022 5
1327 75816 1592136 4776408 5
1328 12335 148020 197360 4
1329 65026 780312 1625650 4
1330 80161 480966 1202415 5
1331 13281 26562 517959 3
1332 15357 92142 675708 1
1333 71005 852060 2840200 2
1334 87589 175178 3240793 2
1335 73819 442914 1254923 2
1336 72583 1161328 1959741 2
1337 20522 123132 656704 1
1338 75428 1055992 3695972 2
1339 68083 0 2723320 2
1340 83557 1671140 2088925 1
1341 23789 499569 951560 5
1342 8472 118608 194856 1
1343 53794 1291056 2797288 1
1344 54544 327264 2345392 1
1345 34989 209934 349890 5
1346 30785 184710 1108260 4
1347 70613 635517 3106972 5
1348 4207 58898 67312 5
1349 25026 250260 300312 3
1350 331 4965 9930 2
1351 26223 419568 1206258 1
1352 44375 443750 1597500 4
1353 8582 171640 360444 5
1354 32394 259152 453516 5
1355 17572 140576 298724 1
1356 31072 870016 1957536 5
1357 73403 367015 587224 3
1358 56727 226908 340362 5
1359 17668 141344 459368 4
1360 37010 1628440 1702460 1
1361 82940 1492920 3234660 4
1362 46137 1614795 3045042 5
1363 56641 679692 2208999 2
1364 22611 271332 1062717 3
1365 55887 838305 2011932 5
1366 33560 939680 1208160 4
1367 76791 921492 2457312 2
1368 74051 74051 1629122 5
1369 64934 259736 2922030 3
1370 5273 15819 26365 2
1371 57261 916176 3149355 4
1372 914 7312 15538 1
1373 9045 108540 144720 5
1374 63097 189291 820261 2
1375 12026 252546 396858 2
1376 47647 190588 1000587 4
1377 8934 71472 419898 1
1378 78930 2762550 5288310 5
1379 63691 191073 2675022 1
1380 59250 711000 2192250 1
1381 72106 1081590 1586332 4
1382 40824 408240 1673784 4
1383 71253 0 2992626 5
1384 20429 183861 837589 5
1385 28937 694488 897047 4
1386 74852 374260 823372 2
1387 64073 1345533 2242555 5
1388 57112 228448 2341592 5
1389 75173 225519 751730 2
1390 72606 580848 2976846 4
1391 24992 449856 1349568 4
1392 84464 422320 1182496 3
1393 50819 152457 813104 1
1394 77047 154094 2157316 1
1395 66448 0 730928 1
1396 15130 211820 408510 4
1397 63936 1790208 4539456 3
1398 85431 1537758 2819223 5
1399 62921 1132578 1384262 3
1400 81770 163540 2289560 5
1401 82924 1160936 4809592 2
1402 66197 198591 330985 2
1403 83134 997608 3990432 1
1404 63493 952395 3174650 4
1405 12429 149148 348012 1
1406 30307 1091052 2394253 4
1407 26489 476802 662225 5
1408 72852 0 1602744 5
1409 28256 847680 1384544 5
1410 68004 204012 816048 4
1411 19323 38646 830889 2
1412 26304 157824 184128 3
1413 72284 72284 289136 1
1414 12160 0 425600 5
1415 8432 101184 387872 2
1416 2383 28596 57192 1
1417 41190 741420 2512590 1
1418 40394 242364 1979306 1
1419 72999 1459980 4160943 2
1420 69080 690800 3384920 4
1421 9798 97980 333132 4
1422 35861 215166 430332 2
1423 24462 489240 1492182 4
1424 80445 80445 2332905 5
1425 20599 370782 823960 5
1426 76528 306112 3673344 4
1427 78886 1656606 3786528 4
1428 38802 116406 1086456 2
1429 21682 260184 563732 2
1430 71514 429084 2216934 4
1431 61207 428449 734484 5
1432 7413 259455 496671 3
1433 83973 335892 2687136 2
1434 72416 1737984 3693216 3
1435 6983 6983 244405 1
1436 40960 0 81920 4
1437 50619 202476 1366713 3
1438 35629 890725 1923966 3
1439 7624 266840 442192 5
1440 16624 299232 448848 4
1441 83484 1001808 3255876 5
1442 70323 984522 1758075 4
1443 15143 121144 469433 2
1444 1501 3002 9006 4
1445 8172 8172 89892 2
1446 16447 0 279599 1
1447 83580 1504440 4931220 5
1448 28970 173820 550430 4
1449 23282 93128 721742 5
1450 53921 1509788 3181339 3
1451 62588 187764 1752464 5
1452 39700 397000 1746800 1
1453 16449 148041 164490 5
1454 35165 1265940 2285725 5
1455 20208 303120 727488 4
1456 47534 713010 2804506 4
1457 53267 639204 2237214 4
1458 43132 776376 2372260 3
1459 27105 406575 704730 3
1460 29423 235384 1324035 4
1461 22726 272712 749958 2
1462 44265 531180 1637805 3
1463 59018 1770540 3777152 4
1464 1973 23676 55244 2
1465 27964 0 1034668 2
1466 70261 351305 2950962 3
1467 22690 272280 1179880 4
1468 87177 1220478 2440956 2
1469 7215 252525 454545 1
1470 43358 260148 1474172 2
1471 17245 51735 724290 2
1472 81397 976764 3825659 3
1473 47360 142080 899840 2
1474 33918 0 1051458 1
1475 40610 243660 1177690 5
1476 50372 705208 2165996 3
1477 62378 124756 1185182 1
1478 61881 185643 1856430 5
1479 74385 1562085 2454705 5
1480 76560 765600 2220240 4
1481 75319 225957 3012760 3
1482 85750 0 1457750 3
1483 45695 274170 913900 4
1484 476 2380 3332 1
1485 85404 256212 2989140 4
1486 34409 0 1273133 1
1487 13936 487760 543504 5
1488 15263 228945 534205 1
1489 11067 110670 298809 4
1490 86089 516534 4132272 4
1491 6136 61360 116584 3
1492 7084 7084 63756 4
1493 86519 3633798 6661963 4
1494 4703 42327 47030 3
1495 56938 683256 1822016 4
1496 30470 731280 1188330 3
1497 15153 227295 484896 5
1498 7781 15562 31124 1
1499 45504 728064 1046592 3
1500 31372 125488 1035276 4
1501 19160 57480 785560 3
1502 59572 953152 1965876 2
1503 43693 87386 1004939 5
1504 87219 0 1046628 4
1505 55827 1339848 1842291 2
1506 27592 579432 1710704 2
1507 62191 1243820 1865730 1
1508 66547 598923 2994615 5
1509 70878 1275804 1417560 3
1510 74694 298776 896328 4
1511 56560 452480 1696800 2
1512 20612 721420 1463452 5
1513 50536 606432 1162328 1
1514 77906 934872 2882522 1
1515 9504 47520 370656 1
1516 40854 326832 490248 1
1517 35603 534045 1637738 4
1518 74036 222108 1480720 4
1519 9774 273672 518022 5
1520 25906 77718 1191676 1
1521 84687 1016244 4742472 1
1522 52401 524010 2096040 5
1523 15379 230685 630539 2
1524 62036 558324 2233296 4
1525 66589 2330615 3795573 3
1526 49684 596208 1589888 3
1527 63912 958680 1725624 4
1528 16681 0 483749 5
1529 72352 1519392 3907008 1
1530 86445 0 3112020 1
1531 38572 231432 1890028 1
1532 80413 804130 4020650 3
1533 57994 579940 2551736 2
1534 79148 1899552 2136996 1
1535 26337 263370 974469 1
1536 42831 256986 942282 1
1537 84718 4151182 5421952 1
1538 55213 662556 1987668 2
1539 43780 525360 1313400 5
1540 43934 351472 1625558 5
1541 66882 535056 1404522 1
1542 4018 8036 184828 4
1543 62169 2175915 4724844 5
1544 21051 294714 947295 4
1545 57349 860235 2179262 2
1546 48670 973400 1314090 1
1547 55114 992052 2480130 4
1548 36868 258076 1585324 5
1549 841 29435 51301 1
1550 9168 36672 137520 2
1551 44021 660315 1232588 3
1552 43198 302386 2030306 2
1553 39642 356778 1982100 5
1554 62066 620660 2110244 3
1555 4456 66840 249536 3
1556 8809 264270 502113 2
1557 8303 24909 99636 5
1558 55574 1000332 1500498 1
1559 66011 1320220 3696616 5
1560 11460 275040 721980 3
1561 5096 30576 76440 1
1562 54646 546460 2185840 1
1563 74228 148456 1781472 5
1564 14490 405720 970830 3
1565 53945 215780 1132845 1
1566 6184 92760 333936 3
1567 69783 2442405 5163942 1
1568 34955 0 1118560 4
1569 10812 129744 367608 3
1570 36368 145472 400048 4
1571 59359 59359 1127821 1
1572 85819 1716380 2917846 4
1573 53281 426248 2077959 2
1574 54017 1080340 3403071 1
1575 10091 60546 454095 2
1576 77901 155802 2414931 1
1577 13082 130820 654100 2
1578 50163 300978 2106846 4
1579 42621 42621 340968 2
1580 5602 22408 263294 1
1581 70887 141774 1630401 4
1582 25876 77628 983288 4
1583 42404 593656 1992988 3
1584 56509 56509 2260360 3
1585 85713 2142825 3942798 1
1586 33873 135492 812952 2
1587 24606 172242 787392 4
1588 40835 0 1143380 3
1589 27339 109356 929526 4
1590 73494 293976 2204820 4
1591 74997 899964 1424943 1
1592 71252 213756 2707576 1
1593 81443 1710303 4235036 5
1594 72959 583672 2334688 4
1595 81849 163698 2291772 1
1596 87036 348144 435180 5
1597 78675 236025 2202900 5
1598 35812 214872 1754788 1
1599 60313 422191 904695 4
1600 72944 1312992 1969488 3
1601 21688 0 412072 1
1602 40267 161068 201335 4
1603 47370 1136880 2605350 1
1604 43568 87136 871360 1
1605 68719 206157 3092355 4
1606 14441 14441 519876 2
1607 65676 197028 1510548 2
1608 33076 529216 1852256 4
1609 76699 1227184 1764077 3
1610 9351 28053 364689 2
1611 85642 1284630 3425680 3
1612 63314 506512 2722502 4
1613 80151 480906 641208 5
1614 36311 145244 1597684 3
1615 32337 388044 1487502 1
1616 67659 135318 2029770 3
1617 78267 1252272 3443748 5
1618 69155 276620 1521410 2
1619 56811 340866 2102007 5
1620 33612 201672 739464 4
1621 47349 142047 1136376 3
1622 63745 63745 892430 2
1623 6764 202920 290852 2
1624 36133 433596 975591 3
1625 39793 238758 994825 4
1626 35186 140744 738906 1
1627 63253 0 1138554 5
1628 60632 0 1697696 2
1629 13062 156744 496356 2
1630 5604 44832 240972 3
1631 67253 807036 1210554 4
1632 43057 0 818083 4
1633 85883 1717660 3950618 3
1634 28752 345024 1265088 2
1635 45095 90190 992090 1
1636 2637 73836 142398 2
1637 57079 228316 570790 2
1638 47995 191980 1775815 2
1639 2996 11984 44940 3
1640 62927 377562 880978 3
1641 34065 0 238455 4
1642 85172 0 3662396 5
1643 29146 0 87438 3
1644 6760 40560 297440 1
1645 24135 193080 1061940 2
1646 6549 0 157176 3
1647 76012 608096 2052324 2
1648 3863 135205 258821 1
1649 69363 2427705 5063499 4
1650 86794 1822674 4860464 2
1651 4475 17900 138725 2
1652 74004 222012 3034164 2
1653 51874 933732 2074960 1
1654 61387 245548 2823802 4
1655 75586 907032 1436134 5
1656 56700 340200 2438100 2
1657 2487 49740 52227 5
1658 26642 106568 719334 2
1659 5302 79530 281006 1
1660 64550 129100 2517450 4
1661 82099 820990 985188 3
1662 53135 1062700 1806590 3
1663 75891 1821384 3794550 3
1664 73910 2069480 4065050 1
1665 70294 421764 1054410 1
1666 20755 207550 269815 1
1667 40831 326648 571634 1
1668 44011 88022 1144286 3
1669 45211 180844 2170128 4
1670 24698 518658 1037316 5
1671 41859 1255770 2846412 5
1672 12535 62675 238165 5
1673 32663 0 1339183 1
1674 4539 0 36312 2
1675 43227 172908 1901988 5
1676 29645 592900 1600830 3
1677 6208 24832 68288 2
1678 84280 2107000 2528400 5
1679 20198 60594 605940 2
1680 77949 935388 2650266 4
1681 69352 554816 832224 1
1682 61396 491168 736752 1
1683 20322 121932 609660 5
1684 27231 27231 844161 1
1685 61558 369348 3077900 4
1686 42091 757638 2062459 1
1687 34982 979496 1644154 1
1688 38272 229632 1148160 4
1689 72940 729400 1969380 4
1690 56914 0 569140 4
1691 77187 77187 3087480 4
1692 56897 398279 2162086 3
1693 9514 85626 371046 2
1694 72067 1297206 4468154 3
1695 78453 941436 1569060 5
1696 32916 1843296 2764944 5
1697 61867 371202 2660281 4
1698 61197 2203092 2631471 4
1699 30486 182916 213402 4
1700 29643 444645 1748937 1
1701 80855 1697955 3072490 3
1702 36734 918350 1799966 3
1703 56721 113442 623931 5
1704 75787 151574 985231 1
1705 5909 5909 242269 3
1706 8511 85110 331929 1
1707 40007 240042 1480259 5
1708 76657 536599 3679536 4
1709 17325 0 693000 2
1710 30402 182412 364824 1
1711 86727 1734540 2168175 1
1712 76449 764490 1223184 5
1713 51991 779865 2027649 5
1714 44697 402273 1206819 1
1715 85056 1020672 3402240 3
1716 40914 122742 613710 2
1717 50148 1002960 2106216 5
1718 5069 30414 217967 3
1719 33415 133660 1503675 3
1720 83200 665600 2912000 2
1721 1707 13656 69987 5
1722 30054 841512 991782 5
1723 63229 126458 316145 1
1724 50272 1055712 2262240 1
1725 477 1908 12402 3
1726 64613 387678 2390681 1
1727 34166 819984 888316 1
1728 62337 311685 872718 4
1729 14349 57396 186537 1
1730 85675 1370800 5140500 3
1731 28111 281110 1152551 4
1732 60264 1687392 3736368 4
1733 21670 758450 1711930 4
1734 18437 73748 405614 2
1735 26505 185535 715635 5
1736 85121 2042904 2638751 5
1737 49814 597768 2241630 2
1738 82312 164624 411560 1
1739 68586 1920408 2331924 4
1740 75016 1125240 1350288 2
1741 80599 0 2901564 1
1742 25823 516460 723044 3
1743 9016 9016 333592 5
1744 69083 828996 3868648 2
1745 68449 1642776 3627797 4
1746 87924 1055088 3604884 3
1747 11815 118150 496230 2
1748 41 123 1927 1
1749 53 795 1696 3
1750 43631 785358 2530598 4
1751 50479 1514370 3129698 1
1752 52126 1563780 3596694 2
1753 46969 1409070 2771171 3
1754 63618 190854 2799192 4
1755 74562 372810 2236860 5
1756 52614 1262736 1315350 3
1757 67305 2019150 3365250 2
1758 30634 61268 367608 3
1759 19782 791280 1048446 3
1760 72638 871656 2179140 1
1761 48194 337358 1301238 2
1762 23400 210600 725400 5
1763 86266 3623172 5348492 3
1764 58541 1053738 2400181 1
1765 8653 0 346120 4
1766 8434 8434 328926 5
1767 66891 602019 3010095 1
1768 70068 420408 2942856 5
1769 34906 418872 488684 5
1770 28178 281780 929874 5
1771 63220 189660 2592020 5
1772 78819 945828 1497561 4
1773 48559 1165416 2767863 2
1774 67331 403986 2491247 3
1775 34711 555376 1700839 2
1776 16536 66144 181896 5
1777 16518 99108 809382 4
1778 6318 56862 284310 5
1779 9003 270090 333111 5
1780 86469 259407 1469973 5
1781 86045 2151125 3527845 1
1782 9828 39312 58968 4
1783 7613 91356 304520 2
1784 55678 222712 2616866 2
1785 74943 2098404 2922777 5
1786 56778 56778 1987230 1
1787 36011 576176 1116341 3
1788 73815 1033410 3616935 1
1789 13415 0 348790 1
1790 74760 299040 2168040 5
1791 42461 84922 1825823 3
1792 19228 672980 1076768 5
1793 8806 158508 281792 1
1794 22557 22557 947394 3
1795 73154 585232 3365084 2
1796 7557 90684 249381 5
1797 43884 526608 2457504 2
1798 34077 340770 1431234 3
1799 78095 390475 1483805 1
1800 80309 1204635 3453287 4
1801 28797 403158 748722 4
1802 81267 1462806 3250680 4
1803 42846 171384 2013762 2
1804 45612 729792 2280600 3
1805 38665 77330 1662595 3
1806 45244 452440 1221588 5
1807 69258 0 1038870 4
1808 62877 1131786 3458235 5
1809 48393 1161432 1258218 5
1810 13857 166284 457281 3
1811 12814 269094 384420 5
1812 85199 1022388 3493159 4
1813 74308 668772 3046628 1
1814 52545 2206890 3152700 5
1815 33849 1421658 2030940 3
1816 14421 504735 879681 2
1817 85168 1703360 3151216 5
1818 27611 579831 828330 3
1819 30553 427742 641613 5
1820 73405 1027670 3450035 3
1821 5510 110200 115710 5
1822 33063 132252 1289457 1
1823 69292 554336 2771680 3
1824 64138 1154484 3335176 4
1825 3689 44268 81158 2
1826 27873 334476 1393650 2
1827 35162 879050 1582290 2
1828 86078 1807638 4820368 2
1829 72585 1306530 3266325 2
1830 80750 161500 3149250 5
1831 50716 202864 2079356 3
1832 50542 50542 252710 1
1833 20904 585312 1128816 5
1834 30666 245328 705318 2
1835 73643 294572 810073 3
1836 4323 121044 298287 1
1837 66399 597591 1195182 1
1838 45150 1264200 2573550 3
1839 70421 0 211263 3
1840 80002 800020 3200080 3
1841 14482 43446 144820 2
1842 81489 1466802 4074450 5
1843 70590 423540 1341210 4
1844 16643 66572 366146 2
1845 24482 97928 709978 2
1846 78751 2205028 4252554 3
1847 35211 316899 880275 3
1848 27893 390502 1338864 3
1849 2582 12910 105862 3
1850 23440 140640 1078240 2
1851 10314 123768 505386 3
1852 50960 917280 1528800 1
1853 50594 1517820 2226136 1
1854 43607 261642 1264603 5
1855 14971 224565 374275 4
1856 56832 795648 2045952 5
1857 13782 248076 303204 2
1858 7111 199108 255996 3
1859 83655 669240 3680820 1
1860 26968 161808 943880 3
1861 78370 1567400 3448280 4
1862 72877 1311786 2987957 2
1863 69545 556360 2016805 2
1864 33113 827825 1059616 2
1865 55079 275395 1101580 3
1866 80624 80624 1289984 1
1867 57734 866010 1674286 1
1868 47231 141693 2125395 1
1869 28773 345276 489141 2
1870 60287 844018 1688036 1
1871 84061 1260915 4959599 4
1872 18707 392847 1085006 5
1873 50198 1405544 1455742 4
1874 14158 169896 368108 4
1875 15019 150190 360456 4
1876 59194 355164 2012596 1
1877 57368 229472 1778408 4
1878 48774 585288 2341152 3
1879 12370 371100 593760 3
1880 38035 684630 2244065 3
1881 39522 276654 1738968 4
1882 3115 24920 93450 4
1883 61697 740364 2282789 2
1884 75554 453324 1208864 3
1885 75907 151814 3264001 3
1886 62262 124524 1369764 3
1887 8295 49770 199080 1
1888 34170 136680 615060 2
1889 49548 594576 2031468 3
1890 39399 157596 1851753 4
1891 3562 53430 210158 2
1892 50637 1417836 1519110 2
1893 37411 673398 1047508 5
1894 20164 322624 443608 2
1895 60527 2542134 2784242 4
1896 60287 0 2230619 1
1897 18743 187430 224916 5
1898 8443 16886 59101 3
1899 68914 1378280 4134840 5
1900 26372 316464 395580 1
1901 75062 300248 2026674 3
1902 45531 546372 1138275 3
1903 26803 670075 1152529 3
1904 51814 1088094 2590700 1
1905 54900 658800 768600 1
1906 12138 145656 424830 5
1907 81595 489570 979140 2
1908 27928 111712 307208 4
1909 23044 138264 576100 1
1910 65542 131084 1835176 4
1911 65097 1367037 1757619 3
1912 74489 1042846 4320362 3
1913 48293 96586 2028306 3
1914 39128 195640 860816 3
1915 48940 48940 734100 5
1916 77610 388050 931320 4
1917 42694 170776 811186 3
1918 47330 662620 2508490 5
1919 79502 954024 1828546 4
1920 69427 416562 485989 4
1921 70489 845868 1832714 1
1922 48511 0 1552352 2
1923 36241 144964 1050989 5
1924 25943 1089606 1945725 2
1925 50004 250020 1100088 2
1926 54475 108950 599225 4
1927 31801 477015 1144836 4
1928 42966 1546776 3394314 5
1929 35238 986664 1198092 3
1930 41627 582778 2039723 2
1931 85479 1538622 3077244 1
1932 554 6648 23268 5
1933 74715 597720 3735750 1
1934 55292 331752 387044 3
1935 59905 359430 2036770 3
1936 55370 1550360 3986640 3
1937 67452 1349040 3372600 3
1938 44156 132468 1677928 5
1939 56790 511110 1135800 1
1940 1667 6668 36674 1
1941 79953 159906 319812 2
1942 63632 2290752 4199712 2
1943 4037 84777 242220 4
1944 23402 491442 1380718 1
1945 39912 79824 758328 5
1946 13363 80178 267260 3
1947 74066 2962640 4073630 2
1948 39994 559916 679898 2
1949 78629 471774 707661 1
1950 79763 0 398815 5
1951 57577 2015195 4548583 4
1952 29218 233744 1431682 2
1953 51685 516850 982015 3
1954 84713 254139 1609547 4
1955 87315 1309725 3929175 5
1956 67261 3295789 4371965 4
1957 52335 366345 2459745 4
1958 66753 1001295 2403108 4
1959 71697 501879 1362243 3
1960 39787 238722 1710841 3
1961 60511 2178396 3872704 4
1962 86767 1041204 3123612 5
1963 83847 1676940 2263869 5
1964 50844 610128 1474476 5
1965 5860 11720 193380 3
1966 28918 347016 1416982 1
1967 18647 372940 1006938 1
1968 76306 457836 3204852 5
1969 41254 123762 1608906 4
1970 59693 0 1492325 5
1971 69936 209808 2937312 4
1972 27564 192948 1323072 3
1973 43217 1815114 2290501 5
1974 57504 2817696 3335232 5
1975 83399 667192 3502758 2
1976 56570 848550 2036520 4
1977 1849 5547 42527 5
1978 25398 76194 711144 3
1979 69953 0 2588261 2
1980 32707 98121 981210 5
1981 41052 410520 1806288 1
1982 28363 425445 1219609 5
1983 43207 259242 2117143 2
1984 76696 230088 3297928 4
1985 19911 398220 637152 5
1986 45268 679020 950628 3
1987 18610 37220 483860 3
1988 76554 153108 918648 2
1989 46494 929880 1208844 2
1990 20332 304980 1016600 4
1991 44209 132627 1679942 2
1992 62530 250120 2876380 4
1993 65353 261412 392118 2
1994 57088 1427200 1598464 3
1995 77467 0 774670 1
1996 83286 1998864 4081014 1
1997 31086 279774 1585386 2
1998 76526 918312 2678410 5
1999 34115 102345 545840 5
2000 13317 559314 719118 3
