0001 55751 780514 3902570 3
0002 43614 0 261684 2
0003 67355 538840 808260 5
0004 68690 2404150 3091050 2
0005 88330 1236620 3003220 2
0006 101213 2024260 4858224 4
0007 147166 2207490 8535628 3
0008 26893 161358 1290864 5
0009 88955 1067460 3558200 5
0010 114504 0 4007640 5
0011 37509 600144 2550612 5
0012 103330 619980 3823210 3
0013 104465 1253580 4283065 1
0014 62998 125996 2141932 5
0015 50217 401736 2862369 4
0016 154991 6199640 6509622 3
0017 32489 487335 942181 1
0018 130083 1560996 5333403 5
0019 68676 1442196 3296448 2
0020 118127 2362540 4016318 4
0021 125745 628725 4023840 1
0022 143426 3442224 3729076 1
0023 92813 0 3434081 3
0024 76999 923988 4850937 3
0025 205562 1850058 13567092 3
0026 11516 0 587316 1
0027 97945 1371230 6856150 4
0028 97063 1553008 2329512 2
0029 48056 720840 2931416 2
0030 76183 609464 1371294 4
0031 165379 330758 4134475 2
0032 30076 1263192 1443648 5
0033 188666 4527984 10187964 2
0034 61005 366030 671055 5
0035 128494 1027952 5653736 2
0036 203623 1832607 5497821 3
0037 236 2360 7552 1
0038 191218 191218 6118976 4
0039 18116 289856 615944 3
0040 9055 72440 389365 1
0041 170251 1362008 4937279 3
0042 44780 44780 1970320 4
0043 159098 1590980 2545568 3
0044 2577 10308 23193 5
0045 120770 3864640 8936980 1
0046 68783 481481 1513226 1
0047 2668 42688 90712 4
0048 167444 1674440 5525652 2
0049 54774 657288 2464830 2
0050 55673 334038 2282593 2
0051 59893 479144 1796790 3
0052 75779 1212464 2652265 1
0053 73281 73281 2271711 3
0054 4399 158364 259541 2
0055 644 11592 43792 2
0056 153248 0 8122144 2
0057 79469 476814 3019822 2
0058 180681 5781792 15719247 3
0059 117940 471760 6958460 5
0060 7837 141066 188088 3
0061 94930 474650 664510 1
0062 77238 308952 463428 4
0063 95854 2396350 7380758 5
0064 7483 89796 202041 3
0065 189385 2272620 9848020 1
0066 79259 1109626 5548130 5
0067 37097 222582 445164 2
0068 195403 2344836 8597732 5
0069 143951 1151608 6909648 4
0070 118750 3325000 9381250 5
0071 103442 2482608 7447824 4
0072 100000 1600000 7500000 3
0073 160980 804900 1770780 1
0074 135424 406272 6906624 1
0075 100783 2519575 7961857 1
0076 38452 153808 2307120 1
0077 157445 0 2046785 5
0078 148635 445905 6094035 2
0079 202429 0 1417003 4
0080 33325 266600 2099475 4
0081 20200 20200 585800 3
0082 36874 331866 2028070 1
0083 5124 81984 353556 5
0084 181411 2176932 9614783 3
0085 125897 1007176 1258970 3
0086 192665 7706600 14449875 1
0087 145230 3485520 9875640 3
0088 135169 1081352 2297873 4
0089 4655 65170 102410 5
0090 111682 335046 3462142 5
0091 203210 2844940 14631120 2
0092 1235 24700 40755 4
0093 16280 260480 976800 3
0094 87414 2097936 6206394 2
0095 99510 995100 2885790 3
0096 78377 705393 3918850 3
0097 190446 1142676 1523568 3
0098 39438 78876 1143702 4
0099 61592 923880 4373032 1
0100 122827 982616 1842405 1
0101 153114 918684 3674736 4
0102 142795 2570310 3712670 4
0103 169277 0 8971681 2
0104 14050 56200 140500 1
0105 1039 6234 34287 3
0106 11184 67104 301968 3
0107 187047 374094 2431611 1
0108 171407 342814 3428140 3
0109 49729 397832 1790244 4
0110 49552 693728 1040592 2
0111 63017 252068 3781020 2
0112 37312 2089472 3544640 5
0113 58001 464008 1276022 2
0114 75042 1350756 2401344 1
0115 109163 5239824 9606344 3
0116 34576 0 449488 4
0117 203815 2445780 13044160 3
0118 156127 4371556 10148255 2
0119 109602 438408 1205622 4
0120 55476 665712 2219040 5
0121 22345 312830 1497115 2
0122 58705 234820 587050 2
0123 99819 998190 5390226 4
0124 45838 229190 1741844 1
0125 84633 507798 2792889 3
0126 140784 281568 5490576 3
0127 200151 4803624 8206191 1
0128 157746 3154920 9149268 4
0129 84422 0 168844 5
0130 101499 405996 4973451 3
0131 9358 18716 327530 2
0132 193092 579276 6758220 1
0133 187764 1126584 2253168 3
0134 8392 83920 503520 4
0135 99333 1191996 3873987 5
0136 108055 1512770 7671905 3
0137 159354 1912248 2549664 3
0138 45314 90628 2718840 3
0139 152585 4577550 8087005 5
0140 119099 714594 4763960 5
0141 133619 3206856 5077522 3
0142 59807 179421 1554982 4
0143 164343 3944232 13311783 4
0144 159020 3180400 10336300 2
0145 175290 0 5258700 2
0146 48801 1366428 1708035 3
0147 103435 0 3516790 2
0148 117167 1406004 3866511 5
0149 101401 3244832 4765847 4
0150 24904 298848 1643664 1
0151 30899 247192 1792142 1
0152 206297 5776316 10314850 3
0153 169828 6793120 11718132 3
0154 8397 293895 638172 1
0155 109373 328119 1749968 4
0156 131671 395013 4871827 2
0157 138670 693350 8597540 5
0158 118437 2131866 3316236 3
0159 3470 13880 121450 5
0160 41813 334504 1463455 4
0161 170780 1537020 11442260 5
0162 6109 97744 366540 2
0163 165193 330386 8259650 4
0164 173479 0 867395 1
0165 131723 3161352 10010948 4
0166 52774 316644 1372124 5
0167 157204 471612 5973752 2
0168 97948 0 2742544 4
0169 134495 268990 537980 3
0170 8440 42200 506400 3
0171 78466 941592 1804718 3
0172 168109 1681090 4707052 2
0173 360 14400 18000 5
0174 151959 4254852 7142073 5
0175 76489 76489 841379 2
0176 169217 3384340 11168322 3
0177 74308 1337544 4681404 3
0178 100718 1611488 6546670 5
0179 143700 4023600 12070800 3
0180 87198 523188 2877534 5
0181 205086 0 1435602 2
0182 55591 1667730 4113734 2
0183 84765 593355 3644895 2
0184 102052 816416 3163612 3
0185 166460 2330440 4827340 1
0186 63977 767724 3582712 4
0187 103636 518180 3419988 2
0188 8449 16898 84490 3
0189 195629 3130064 13498401 5
0190 13048 104384 704592 1
0191 110515 1657725 6078325 4
0192 127032 8003016 13338360 4
0193 91579 1831580 2289475 1
0194 160030 1600300 6721260 5
0195 19341 464184 1199142 3
0196 172551 2070612 10525611 5
0197 149676 1796112 5388336 3
0198 148244 592976 9339372 4
0199 114106 570530 4221922 4
0200 86975 1565550 6001275 4
0201 23066 115330 1337828 3
0202 5444 114324 272200 3
0203 106637 639822 853096 3
0204 88375 883750 3711750 1
0205 132321 793926 5954445 4
0206 182784 365568 4935168 1
0207 79304 1189560 4282416 2
0208 5113 30678 35791 3
0209 199315 3189040 9367805 1
0210 54823 164469 493407 3
0211 115785 926280 3936690 2
0212 185595 3340710 6124635 5
0213 159357 478071 5418138 3
0214 197141 4731384 6899935 1
0215 61244 306220 489952 2
0216 35774 0 1216316 3
0217 53740 1128540 3278140 5
0218 95483 668381 1527728 1
0219 201564 806256 7659432 5
0220 102045 408180 4694070 5
0221 165381 496143 8103669 1
0222 196761 787044 2557893 1
0223 61386 306930 3744546 5
0224 10339 20678 578984 4
0225 198079 792316 1782711 4
0226 16751 351771 820799 5
0227 125504 251008 4518144 2
0228 145471 0 6255253 3
0229 135787 4752545 7060924 2
0230 128564 642820 3856920 3
0231 86511 259533 2768352 2
0232 102255 0 3067650 4
0233 201510 201510 7657380 1
0234 23279 977718 1257066 3
0235 3980 7960 31840 2
0236 39513 1382955 2489319 1
0237 68587 548696 2057610 3
0238 93933 0 1502928 4
0239 45175 542100 722800 1
0240 61318 1839540 5395984 3
0241 176299 528897 7228259 3
0242 28538 114152 799064 1
0243 199750 1797750 3595500 1
0244 200050 5001250 6401600 5
0245 105324 1895832 7478004 3
0246 138759 416277 6937950 3
0247 135566 4744810 8947356 2
0248 165943 2655088 2986974 3
0249 88462 619234 5219258 4
0250 9611 230664 778491 5
0251 3937 141732 358267 5
0252 82150 821500 3450300 1
0253 107330 214660 1287960 2
0254 70657 423942 3250222 1
0255 11462 481404 630410 3
0256 94835 1517360 4646915 2
0257 188648 377296 8300512 3
0258 39418 591270 1221958 1
0259 132655 2653100 3183720 4
0260 142730 856380 3853710 1
0261 174788 3495760 13109100 2
0262 41149 864129 2222046 2
0263 195369 195369 5079594 1
0264 8191 32764 262112 5
0265 89031 712248 3561240 5
0266 42940 515280 2791100 2
0267 60656 1455744 1759024 1
0268 33234 132936 1229658 5
0269 91190 1094280 4194740 2
0270 60969 2560698 4145892 3
0271 191114 3057824 13760208 3
0272 14086 169032 281720 2
0273 29589 177534 680547 2
0274 188752 3775040 11136368 5
0275 4302 64530 266724 3
0276 168817 3376340 7259131 1
0277 171534 2058408 6689826 5
0278 6854 109664 342700 2
0279 34376 859400 1203160 4
0280 118921 1664894 2140578 5
0281 113775 227550 2047950 5
0282 162394 324788 974364 3
0283 86992 521952 782928 4
0284 170063 2040756 9863654 3
0285 21048 189432 968208 2
0286 176664 4239936 10246512 3
0287 83465 1251975 4507110 4
0288 109135 1746160 6111560 5
0289 182434 2554076 10033870 1
0290 118345 946760 7100700 2
0291 76105 304420 989365 4
0292 66980 803760 3415980 3
0293 184895 1479160 3328110 5
0294 194356 1166136 7968596 5
0295 170217 680868 3914991 4
0296 176407 1411256 11819269 1
0297 129250 258500 4782250 1
0298 153297 6131880 10117602 3
0299 118695 1661730 6765615 3
0300 185277 741108 1852770 3
0301 62927 1258540 3460985 5
0302 34958 734118 1608068 2
0303 115334 3460020 8304048 1
0304 90909 181818 2909088 5
0305 111566 3904810 4797338 3
0306 128222 6154656 9616650 4
0307 12774 76644 766440 2
0308 122527 2940648 3430756 1
0309 36293 326637 2177580 2
0310 61794 556146 3336876 5
0311 173954 5218620 14264228 2
0312 41560 872760 2909200 5
0313 163869 1310952 2130297 3
0314 126629 2026064 8864030 2
0315 198219 3171504 10902045 2
0316 132799 0 6905548 5
0317 46339 185356 370712 4
0318 7825 93900 242575 4
0319 124276 2609796 9942080 1
0320 138963 555852 4168890 3
0321 181898 5093144 10186288 5
0322 93151 2608228 6893174 5
0323 100078 5604368 11408892 4
0324 66638 0 1066208 5
0325 21334 213340 1450712 3
0326 5343 96174 117546 2
0327 5595 33570 123090 3
0328 29114 931648 1339244 3
0329 140461 2949681 3792447 2
0330 133824 3345600 8966208 5
0331 181582 3268476 10168592 3
0332 147966 3551184 6214572 3
0333 55739 445912 3455818 4
0334 126805 1775270 1902075 4
0335 130146 390438 1041168 1
0336 106269 1275228 2656725 4
0337 124763 748578 5863861 4
0338 31158 747792 1589058 5
0339 30408 364896 1946112 2
0340 5070 25350 81120 1
0341 138160 690800 1657920 3
0342 192598 2311176 6933528 5
0343 165177 1982124 4129425 2
0344 50358 1812888 2769690 5
0345 106286 850288 4357726 1
0346 139631 279262 3630406 2
0347 65852 790224 3490156 5
0348 183695 2204340 8817360 1
0349 101617 2032340 3150127 3
0350 133219 3330475 3463694 2
0351 137518 1100144 3712986 4
0352 30742 983744 1844520 1
0353 47307 189228 2459964 2
0354 162492 1949904 9099552 3
0355 56257 675084 2137766 1
0356 146171 1754052 9062602 2
0357 58650 117300 1759500 5
0358 116628 583140 1049652 1
0359 141604 2124060 10478696 1
0360 71829 2154870 2514015 5
0361 42659 1194452 2858153 2
0362 159287 3345027 4937897 1
0363 3582 57312 168354 3
0364 170573 341146 7334639 3
0365 57492 344952 517428 4
0366 151208 4233824 10130936 2
0367 109034 1090340 1853578 3
0368 46081 368648 2350131 2
0369 116573 932584 3030898 4
0370 47744 859392 1814272 3
0371 15707 125656 329847 5
0372 141221 1129768 4942735 2
0373 37999 0 265993 2
0374 182452 1459616 12224284 4
0375 71921 143842 2301472 4
0376 22455 359280 651195 1
0377 3296 6592 187872 5
0378 122311 1712354 2690842 1
0379 136272 2044080 4496976 2
0380 196510 2947650 5305770 1
0381 190928 2672992 6300624 5
0382 172989 4151736 10898307 2
0383 42963 601482 2234076 4
0384 106767 2669175 7046622 4
0385 200224 2402688 14215904 1
0386 105719 0 4968793 2
0387 173036 5537152 11766448 5
0388 47874 287244 2345826 3
0389 154656 2783808 7578144 2
0390 202761 2433132 5677308 4
0391 18885 113310 793170 3
0392 161986 971916 5345538 2
0393 146259 1316331 3656475 4
0394 77485 1239760 4029220 2
0395 24473 1370488 1811002 1
0396 38629 1352015 3283465 5
0397 144891 1738692 2318256 2
0398 3239 77736 249403 4
0399 37476 899424 1274184 4
0400 75666 0 1967316 3
0401 164261 1314088 2299654 5
0402 204791 5734148 7372476 5
0403 194047 1552376 10478538 5
0404 164037 2296518 4428999 3
0405 88010 440050 5192590 1
0406 157880 631520 4736400 4
0407 102908 4939584 7821008 2
0408 52833 1584990 3856809 5
0409 53019 636228 1855665 4
0410 93403 2615284 4950359 4
0411 42048 336384 1766016 1
0412 154897 2788146 11152584 1
0413 39444 394440 1538316 2
0414 181449 725796 6169266 3
0415 112828 902624 5979884 1
0416 151167 302334 2267505 5
0417 26752 214016 749056 1
0418 143383 2867660 10036810 2
0419 50275 402200 553025 3
0420 139090 2503620 10014480 4
0421 76330 686970 3663840 2
0422 147079 294158 6765634 1
0423 27750 55500 610500 5
0424 29017 725425 2060207 2
0425 30168 1448064 2986632 5
0426 37167 1040676 1449513 5
0427 117066 702396 936528 1
0428 204012 8568504 9792576 1
0429 142947 1000629 3859569 3
0430 109365 2734125 8858565 5
0431 29873 358476 1015682 3
0432 70113 350565 4066554 5
0433 190900 381800 3436200 1
0434 102442 512210 2151282 5
0435 202701 3040515 5675628 3
0436 135370 2707400 5550170 4
0437 148545 4159260 7130160 1
0438 112383 1685745 3371490 4
0439 11491 172365 310257 2
0440 80932 971184 1133048 3
0441 69000 483000 828000 3
0442 166530 0 4163250 3
0443 181637 0 3632740 4
0444 138472 0 7339016 3
0445 60451 846314 3868864 1
0446 86769 347076 3904605 4
0447 119767 2874408 8742991 3
0448 34610 207660 2249650 2
0449 135077 0 1080616 1
0450 194868 0 6625512 2
0451 35515 1491630 3480470 3
0452 107924 2590176 4964504 2
0453 83064 166128 415320 5
0454 53173 1595190 2445958 3
0455 16876 67504 168760 2
0456 195490 6842150 10556460 1
0457 147877 591508 7985358 3
0458 72876 874512 1238892 5
0459 103271 2581775 4647195 3
0460 35466 851184 1631436 2
0461 112034 784238 1792544 3
0462 123797 866579 1609361 2
0463 36517 584272 1570231 2
0464 68888 826656 4753272 1
0465 145392 2326272 6251856 5
0466 150872 452616 6185752 2
0467 201038 3216608 6433216 1
0468 78627 393135 943524 1
0469 166466 2496990 7324504 5
0470 35582 213492 1992592 5
0471 200922 2411064 13260852 5
0472 168277 504831 3365540 5
0473 78269 469614 626152 4
0474 126171 757026 6182379 2
0475 47838 717570 2391900 1
0476 177747 355494 5332410 2
0477 42886 128658 2101414 4
0478 161392 1936704 10813264 2
0479 28098 337176 1432998 5
0480 57085 114170 856275 5
0481 19006 152048 874276 3
0482 55523 888368 2109874 5
0483 16789 67156 873028 2
0484 204367 408734 4087340 2
0485 145823 583292 4957982 1
0486 137101 959707 3838828 3
0487 192965 4631160 6560810 3
0488 206165 7421940 17111695 2
0489 76194 1904850 5790744 5
0490 47656 0 428904 4
0491 175094 2626410 6478478 4
0492 153631 921786 6759764 4
0493 154502 1236016 9579124 4
0494 64816 64816 2268560 5
0495 39084 117252 664428 2
0496 49773 796368 3285018 4
0497 58642 410494 645062 3
0498 172265 1722650 5512480 3
0499 17905 214860 268575 3
0500 187378 1124268 2061158 2
0501 12133 0 497453 2
0502 27436 82308 1536416 3
0503 164943 1979316 10061523 1
0504 57633 1383192 4783539 2
0505 17773 106638 479871 3
0506 10438 0 438396 3
0507 6932 145572 291144 4
0508 81226 649808 4304978 4
0509 119557 2152026 6456078 4
0510 1692 23688 65988 2
0511 107245 107245 4611535 2
0512 987 1974 23688 3
0513 155528 3732672 11198016 2
0514 3429 82296 284607 3
0515 152717 3665208 6108680 3
0516 9194 220656 560834 2
0517 42201 168804 1983447 1
0518 165626 3478146 3809398 1
0519 181630 1816300 6901940 2
0520 170582 4093968 10405502 1
0521 129727 2335086 3632356 1
0522 6492 136332 266172 1
0523 112262 1347144 2582026 3
0524 53405 1708960 4432615 5
0525 138328 138328 5118136 4
0526 25788 0 902580 3
0527 54504 2180160 5123376 4
0528 144950 289900 7392450 3
0529 36216 144864 1991880 4
0530 40648 406480 447128 5
0531 89560 1074720 1880760 5
0532 62111 745332 3975104 3
0533 26909 161454 1210905 2
0534 45753 823554 1189578 2
0535 10708 107080 513984 5
0536 3628 29024 72560 1
0537 81854 818540 3192306 5
0538 92036 2208864 3589404 5
0539 18239 109434 1076101 5
0540 166709 333418 500127 4
0541 167923 671692 5373536 2
0542 128452 385356 2954396 5
0543 89268 4374132 9462408 5
0544 37483 0 974558 4
0545 119015 0 1785225 2
0546 109476 656856 1423188 4
0547 150160 1801920 3003200 5
0548 123151 1970416 4433436 1
0549 47008 1504256 2397408 3
0550 148348 296696 1631828 2
0551 159053 6362120 7634544 1
0552 24253 388048 1018626 4
0553 102128 612768 1736176 4
0554 162521 1950252 3737983 1
0555 5532 33192 165960 2
0556 122172 0 5619912 4
0557 11246 281150 382364 4
0558 168306 2524590 8583606 2
0559 197852 1582816 7320524 1
0560 72303 650727 2819817 1
0561 172904 1210328 4322600 2
0562 202128 404256 606384 3
0563 59730 716760 4181100 3
0564 32757 982710 1277523 2
0565 191872 5756160 11128576 4
0566 75225 0 2256750 5
0567 147569 2361104 4131932 3
0568 140382 4492224 11370942 5
0569 155415 310830 3419130 5
0570 160698 3213960 5945826 2
0571 176657 1413256 2826512 2
0572 170403 1192821 8690553 2
0573 22362 67086 1319358 4
0574 89970 899700 5038320 1
0575 88176 3703392 5114208 2
0576 205337 4312077 5338762 4
0577 57350 114700 688200 2
0578 50328 1761480 3120336 4
0579 106906 1282872 4596958 3
0580 99247 793976 6550302 3
0581 52697 790455 1739001 5
0582 90310 541860 3431780 3
0583 86872 1824312 4604216 2
0584 138285 2903985 5669685 3
0585 112114 4484560 9417576 5
0586 39683 952392 2698444 4
0587 122937 3688110 9220275 1
0588 177669 0 6573753 1
0589 36305 2033080 4066160 4
0590 5643 50787 321651 3
0591 29609 0 1125142 5
0592 34148 273184 1297624 4
0593 145698 2185470 2476866 4
0594 119604 239208 2990100 3
0595 75988 1899700 3875388 4
0596 204179 1633432 7146265 2
0597 163949 1967388 2951082 2
0598 166249 997494 7481205 2
0599 57970 695640 1855040 1
0600 23973 335622 1750029 2
0601 131168 2623360 7345408 4
0602 68155 1431255 3066975 3
0603 84136 252408 3533712 2
0604 24553 147318 1055779 2
0605 75304 1204864 3162768 2
0606 64 256 3648 1
0607 153484 613936 1995292 5
0608 142050 284100 6676350 2
0609 78793 0 1575860 2
0610 178991 7517622 15751208 3
0611 83871 1174194 3941937 4
0612 119205 1907280 3695355 2
0613 44775 1432800 1746225 1
0614 108368 2167360 5851872 2
0615 176047 6161645 13555619 3
0616 44943 719088 3146010 2
0617 74329 1189264 5203030 2
0618 157214 786070 7703486 2
0619 172012 3096216 6192432 1
0620 72758 363790 4219964 3
0621 152556 5492016 12357036 1
0622 113004 452016 3842136 4
0623 166735 5002050 7169605 3
0624 97621 780968 1269073 4
0625 23750 142500 1021250 4
0626 52259 418072 1463252 5
0627 29903 179418 388739 5
0628 147204 1472040 2355264 3
0629 190970 954850 8402680 1
0630 143974 2591532 6766778 4
0631 201897 1817073 13123305 1
0632 12838 256760 552034 5
0633 142318 3415632 8254444 3
0634 57467 344802 1206807 5
0635 180413 4329912 14252627 2
0636 187412 2998592 3186004 3
0637 128187 3076488 4871106 2
0638 148126 3555024 4147528 4
0639 98728 394912 5923680 3
0640 10085 322720 806800 2
0641 102464 1229568 7172480 2
0642 112979 1694685 3728307 2
0643 73114 1535394 4971752 4
0644 181759 4362216 9087950 1
0645 60219 722628 3673359 4
0646 123793 1237930 3713790 5
0647 61814 1483536 2039862 4
0648 142075 4546400 4688475 3
0649 67742 0 1083872 4
0650 185182 3703640 13333104 4
0651 12103 217854 762489 3
0652 18633 111798 521724 3
0653 46131 922620 2444943 1
0654 59076 1063368 2835648 3
0655 133029 1064232 5055102 5
0656 63955 255820 3453570 4
0657 50646 1012920 2279070 1
0658 103013 824104 1854234 4
0659 120629 1085661 4945789 2
0660 171191 1369528 3937393 2
0661 161393 484179 9683580 1
0662 109246 1747936 5353054 4
0663 88975 1423600 3025150 3
0664 63286 569574 2658012 1
0665 169489 1016934 6440582 2
0666 125813 1258130 1761382 3
0667 34574 345740 1175516 3
0668 128891 2062256 6831223 3
0669 4967 4967 144043 2
0670 90993 454965 5823552 1
0671 87954 351816 3254298 5
0672 130964 392892 3928920 4
0673 160560 802800 10115280 1
0674 61700 185100 987200 5
0675 165115 990690 4623220 1
0676 172415 3103470 4137960 2
0677 24644 246440 837896 1
0678 55143 1102860 2646864 1
0679 57568 345408 2014880 5
0680 148884 2084376 6997548 4
0681 40313 564382 2338154 2
0682 98998 2771944 7028858 4
0683 122090 0 366270 3
0684 205921 0 7619077 5
0685 62787 502296 1192953 4
0686 122596 1961536 3923072 5
0687 139085 278170 6954250 2
0688 92954 1115448 4368838 1
0689 25108 50216 853672 1
0690 152738 5345830 13899158 5
0691 185707 4456968 7613987 2
0692 182290 729160 6927020 4
0693 104191 520955 6251460 4
0694 51913 0 1713129 2
0695 189760 1138560 9108480 4
0696 29478 943296 2328762 3
0697 73271 659439 3517008 5
0698 134328 0 5373120 5
0699 123420 3085500 7775460 4
0700 86927 1043124 4607131 3
0701 104154 624924 937386 3
0702 56377 225508 2818850 4
0703 58725 234900 3053700 4
0704 111425 445700 4791275 2
0705 63746 1019936 1721142 5
0706 68551 2399285 6443794 3
0707 134887 2832627 5260593 4
0708 37577 563655 1653388 1
0709 54265 651180 2224865 3
0710 29516 413224 1859508 3
0711 116761 934088 7706226 3
0712 155890 467670 5300260 2
0713 123956 1239560 3966592 5
0714 162852 2442780 5048412 3
0715 106186 1274232 6158788 5
0716 19634 78536 746092 5
0717 57126 1199646 4570080 3
0718 128190 1794660 9229680 5
0719 19512 234144 1112184 5
0720 136230 408690 6539040 2
0721 64341 1029456 1930230 3
0722 200230 2402760 7608740 1
0723 170820 1024920 4099680 3
0724 43714 262284 1617418 5
0725 45634 730144 912680 4
0726 112099 2802475 7622732 2
0727 168166 4708648 11267122 5
0728 93267 279801 1958607 5
0729 177085 0 4958380 4
0730 46113 1475616 1890633 4
0731 160773 2411595 11254110 5
0732 128023 256046 2560460 5
0733 164400 986400 3452400 4
0734 138207 3316968 8430627 5
0735 134757 1078056 8893962 5
0736 190772 381544 8775512 2
0737 80604 483624 1934496 5
0738 120240 3847680 4809600 1
0739 149051 9539264 16544661 2
0740 162577 1950924 8941735 1
0741 115507 4042745 7969983 2
0742 180298 1262086 3425662 3
0743 184033 1104198 1840330 1
0744 117025 0 4446950 3
0745 40166 160664 1486142 5
0746 45668 548016 3059756 5
0747 79004 1422072 5451276 4
0748 202988 3044820 11367328 2
0749 162751 488253 1139257 4
0750 59166 354996 1774980 5
0751 13071 313704 784260 2
0752 130994 1964910 7859640 1
0753 19538 136766 586140 1
0754 98980 197960 4652060 2
0755 119172 1430064 7746180 1
0756 134749 1347490 3638223 1
0757 114072 1140720 4220664 3
0758 181864 3273552 5819648 3
0759 1702 40848 97014 5
0760 120700 4828000 10863000 5
0761 103072 1443008 3401376 5
0762 106625 0 3092125 3
0763 145159 3048339 6241837 2
0764 33055 594990 1123870 5
0765 133254 533016 2798334 3
0766 39957 79914 159828 1
0767 122073 854511 1342803 4
0768 54562 545620 3764778 5
0769 186706 2240472 8775182 5
0770 83448 667584 3838608 5
0771 156310 1250480 8597050 2
0772 30636 122544 1501164 5
0773 66624 932736 2131968 3
0774 56213 899408 2023668 3
0775 22768 182144 1479920 3
0776 120889 2417780 6286228 2
0777 7832 23496 462088 2
0778 143099 4006772 5867059 2
0779 162817 3907608 8303667 4
0780 156855 1097985 6901620 3
0781 12230 36690 379130 5
0782 198083 4753992 6932905 5
0783 58590 234360 3691170 4
0784 48750 1170000 2730000 5
0785 158570 792850 4439960 4
0786 134817 539268 7684569 5
0787 192796 8097432 12531740 5
0788 200468 2806552 13832292 3
0789 204384 1226304 3270144 3
0790 61273 857822 2205828 2
0791 151196 907176 2419136 5
0792 111089 888712 2221780 2
0793 15168 30336 364032 2
0794 81410 325640 2930760 1
0795 25108 602592 2008640 2
0796 46122 184488 415098 3
0797 191495 0 1148970 4
0798 150824 150824 8295320 3
0799 176925 1415400 9200100 4
0800 6696 6696 40176 2
0801 117898 1768470 4715920 5
0802 19684 393680 1003884 3
0803 199816 1398712 7393192 4
0804 126137 5045480 10973919 3
0805 61923 1114614 1609998 1
0806 137762 688810 3444050 4
0807 76187 152374 304748 3
0808 166738 2334332 5835830 3
0809 121247 2182446 3637410 4
0810 145122 6965856 12480492 4
0811 119339 2864136 4176865 1
0812 175313 1753130 4032199 2
0813 67860 1696500 5632380 4
0814 141173 3952844 4376363 1
0815 7927 47562 190248 2
0816 36025 432300 1116775 3
0817 101153 1618448 4551885 5
0818 12494 249880 649688 1
0819 80288 802880 2970656 5
0820 9490 113880 521950 5
0821 163611 5235552 13906935 1
0822 18811 56433 658385 4
0823 84509 3380360 6845229 2
0824 53554 321324 2624146 4
0825 160878 0 4021950 4
0826 57070 228280 1198470 4
0827 117185 937480 3281180 1
0828 182889 2194668 7498449 5
0829 38436 76872 307488 2
0830 138741 554964 1942374 5
0831 31232 874496 1124352 5
0832 3622 21732 25354 4
0833 60459 604590 1269639 1
0834 38849 77698 1787054 5
0835 103673 0 1347749 3
0836 160346 1282768 9139722 4
0837 152194 913164 2739492 3
0838 153092 1224736 9185520 3
0839 29146 87438 1544738 2
0840 162369 2922642 9417402 1
0841 122229 2444580 8311572 4
0842 52169 104338 2243267 4
0843 51276 769140 3743148 3
0844 22378 402804 514694 2
0845 198632 1390424 6554856 5
0846 195334 1758006 9962034 5
0847 82933 580531 2570923 4
0848 169939 5438048 6457682 4
0849 26963 188741 593186 2
0850 49524 346668 693336 2
0851 46824 1170600 2481672 2
0852 112323 224646 3032721 1
0853 156401 2502416 4692030 1
0854 115174 0 6104222 4
0855 12264 98112 355656 2
0856 141471 1697652 3536775 4
0857 72180 1082700 4691700 4
0858 176993 0 1592937 2
0859 1849 44376 101695 2
0860 76539 76539 1683858 2
0861 134606 2422908 8076360 4
0862 1295 12950 44030 4
0863 99872 1597952 7390528 4
0864 153039 2295585 4132053 1
0865 103035 412140 1751595 3
0866 145010 4640320 12325850 4
0867 160143 160143 3843432 1
0868 200576 1604608 3209216 1
0869 150531 301062 7827612 5
0870 124715 748290 5113315 3
0871 4445 22225 182245 1
0872 7734 247488 587784 4
0873 135113 2837373 5809859 4
0874 27725 1164450 1524875 1
0875 3083 172648 191146 5
0876 49853 897354 3489710 2
0877 41447 0 1160516 4
0878 31182 498912 997824 2
0879 14548 611016 1454800 5
0880 42523 892983 1828489 3
0881 160225 640900 5287425 4
0882 8630 120820 509170 5
0883 121675 2555175 6083750 3
0884 47237 991977 1228162 1
0885 159251 2548016 10510566 2
0886 130625 3135000 3526875 5
0887 179482 6461352 15614934 2
0888 135182 1351820 2703640 1
0889 2755 0 126730 5
0890 35890 753690 933140 5
0891 200402 4008040 7014070 2
0892 169918 4078032 11214588 2
0893 103605 1864890 4869435 5
0894 42752 384768 2650624 3
0895 26671 1120182 2213693 1
0896 100122 600732 2703294 3
0897 87848 0 2547592 3
0898 13139 65695 722645 3
0899 96680 483400 3480480 5
0900 107679 646074 6030024 4
0901 110817 443268 3656961 4
0902 9303 74424 120939 5
0903 4015 112420 156585 2
0904 90163 540978 2254075 2
0905 36207 1013796 1918971 3
0906 145109 2176635 6384796 4
0907 97689 879201 6154407 1
0908 158777 3334317 12543383 2
0909 99294 2978820 8340696 2
0910 30302 727248 1939328 4
0911 175370 526110 4384250 2
0912 45494 272964 318458 5
0913 87590 1576620 2715290 2
0914 157750 5048000 10411500 5
0915 125649 1130841 6533748 5
0916 107302 1609530 6116214 5
0917 10887 130644 141531 5
0918 53700 644400 805500 5
0919 197795 0 1384565 2
0920 185200 1111200 2592800 2
0921 110824 1662360 5762848 4
0922 21759 391662 1109709 1
0923 68622 274488 2127282 5
0924 42798 1369536 3809022 5
0925 128143 1153287 6535293 5
0926 180594 1264158 11919204 5
0927 33783 0 1790499 5
0928 172784 2418976 3974032 2
0929 181580 2178960 5628980 5
0930 143219 859314 1145752 3
0931 172749 2072988 10192191 3
0932 174518 4362950 8551382 5
0933 107063 2569512 8350914 3
0934 205740 3291840 6377940 5
0935 130225 651125 4948550 3
0936 74619 596952 4999473 1
0937 51669 1446732 2686788 1
0938 115187 921496 3916358 2
0939 101292 3241344 7394316 5
0940 155706 3269826 8563830 5
0941 52001 416008 1300025 4
0942 136595 1092760 4507635 1
0943 70259 140518 351295 2
0944 164247 1149729 9854820 3
0945 89621 2509388 7438543 2
0946 194712 6814920 10514448 1
0947 194421 5443788 16720206 5
0948 166046 0 3819058 1
0949 36444 291552 1931532 3
0950 48947 293682 1762092 4
0951 149632 0 7780864 3
0952 109527 1095270 5038242 4
0953 12985 259700 493430 1
0954 143036 2860720 10584664 2
0955 96870 968700 5618460 5
0956 75060 225180 4203360 5
0957 65788 0 592092 5
0958 65755 65755 2893220 1
0959 135245 1893430 7708965 1
0960 88169 3703098 8728731 5
0961 14193 283860 894159 5
0962 18738 112428 655830 1
0963 59810 239240 1256010 3
0964 61446 614460 4055436 1
0965 202713 202713 4662399 5
0966 61999 2975952 4401929 4
0967 105279 4211160 9053994 3
0968 149681 2095534 4640111 4
0969 153847 4307716 8000044 5
0970 48090 336630 2308320 4
0971 130195 1301950 3515265 4
0972 75633 529431 3857283 4
0973 188157 1128942 2446041 2
0974 33270 1197720 1430610 4
0975 187534 3938214 9751768 2
0976 32407 64814 712954 5
0977 100415 2108715 6426560 1
0978 147410 442230 7517910 4
0979 118519 3318532 4148165 4
0980 46541 139623 1256607 5
0981 197847 197847 6528951 4
0982 191293 1339051 5738790 5
0983 182643 2191716 12602367 1
0984 178937 894685 3399803 5
0985 22836 0 502392 3
0986 149898 749490 6145818 3
0987 196632 7865280 13370976 5
0988 182032 5096896 9647696 2
0989 15934 318680 1099446 1
0990 119624 1435488 5143832 2
0991 135803 950621 6382741 3
0992 464 5568 25984 4
0993 91111 1366665 4555550 1
0994 81524 815240 2608768 2
0995 195912 5485536 17044344 5
0996 39413 945912 3034801 2
0997 203083 609249 5889407 3
0998 60345 603450 1327590 1
0999 81564 1223460 5138532 2
1000 193972 3103552 11250376 4
1001 107450 214900 1396850 1
1002 105019 945171 3885703 2
1003 13953 334872 544167 3
1004 183700 1469600 6613200 1
1005 65620 524960 2493560 3
1006 123882 3964224 5203044 4
1007 112285 1684275 4042260 1
1008 111572 111572 1785152 3
1009 130080 3121920 9495840 3
1010 179708 718832 4312992 3
1011 26063 130315 417008 2
1012 79604 955248 2308516 3
1013 8171 40855 416721 4
1014 164215 2299010 7718105 3
1015 187505 1875050 12000320 2
1016 103653 1243836 4871691 4
1017 190680 1525440 5529720 3
1018 6828 163872 464304 1
1019 184921 1109526 3328578 1
1020 204849 1638792 13110336 3
1021 107275 1501850 2789150 3
1022 18193 109158 563983 3
1023 122565 1838475 4167210 3
1024 169403 508209 7284329 3
1025 38687 1895663 2243846 3
1026 78404 627232 1489676 2
1027 139055 1251495 3337320 1
1028 55041 440328 1210902 3
1029 112780 225560 6428460 4
1030 138287 2074305 3042314 5
1031 125594 1883910 3642226 4
1032 71439 1714536 2857560 4
1033 87283 2793056 7069923 4
1034 152516 0 7015736 2
1035 146738 733690 9391232 1
1036 200538 401076 7219368 5
1037 52400 157200 2148400 4
1038 202204 2830856 6672732 1
1039 74919 224757 4045626 1
1040 77352 928224 3171432 2
1041 34201 615618 1094432 3
1042 84556 2113900 3974132 3
1043 33548 536768 972892 1
1044 176127 0 5283810 1
1045 129668 1556016 7909748 1
1046 69709 418254 766799 3
1047 127602 255204 1276020 2
1048 35788 1073640 1753612 3
1049 7339 14678 264204 5
1050 165633 1490697 8944182 2
1051 155378 3729072 11497972 2
1052 46492 697380 2975488 3
1053 173476 1040856 8673800 2
1054 43767 175068 1444311 5
1055 61208 489664 2876776 4
1056 17714 371994 602276 3
1057 31129 62258 871612 1
1058 198754 3180064 6161374 3
1059 204591 0 2455092 5
1060 91014 728112 5824896 1
1061 183950 1471600 6254300 4
1062 201874 1211244 6459968 1
1063 132441 1324410 4370553 4
1064 94927 94927 3322445 4
1065 65210 1825880 2804030 1
1066 130716 1830024 6666516 3
1067 99572 99572 5874748 1
1068 59713 955408 3284215 3
1069 90017 720136 3690697 1
1070 112721 338163 2141699 3
1071 9152 128128 512512 5
1072 42943 343544 2791295 5
1073 152503 3050060 9760192 1
1074 40960 327680 1843200 3
1075 129945 909615 3118680 4
1076 51902 207608 1245648 5
1077 93203 3728120 9040691 1
1078 47787 191148 430083 3
1079 43292 649380 3073732 3
1080 12326 258846 764212 3
1081 40347 605205 1775268 3
1082 790 3950 37920 1
1083 123309 123309 5672214 4
1084 15202 0 380050 2
1085 36637 109911 1025836 5
1086 58505 526545 1755150 3
1087 193228 6762980 15651468 5
1088 8822 88220 149974 3
1089 184044 1656396 3312792 1
1090 98051 784408 882459 2
1091 70396 1055940 3519800 1
1092 19986 319776 539622 2
1093 43791 1050984 3371907 4
1094 70978 1135648 3052054 2
1095 163307 1633070 6858894 3
1096 160690 1928280 5784840 1
1097 21063 379134 484449 2
1098 114633 687798 7336512 2
1099 173718 2605770 7991028 5
1100 2731 95585 109240 1
1101 94206 376824 1978326 1
1102 189917 1139502 1899170 5
1103 170320 1021920 7664400 4
1104 193898 2326776 12991166 2
1105 88173 352692 4849515 1
1106 110793 1661895 7977096 5
1107 186299 1304093 6893063 4
1108 32757 1572336 1703364 3
1109 53300 799500 852800 4
1110 149485 1345365 5829915 3
1111 199019 2388228 10348988 3
1112 171509 686036 10805067 4
1113 189936 2279232 7787376 3
1114 103116 2062320 5465148 3
1115 69986 2099580 4759048 5
1116 21747 86988 456687 5
1117 129696 2075136 3242400 5
1118 201886 7066010 11305616 2
1119 56024 560240 1904816 3
1120 182764 2558696 10783076 1
1121 157929 6317160 7896450 5
1122 23887 286644 1361559 1
1123 94131 1129572 4894812 4
1124 100787 503935 4535415 1
1125 3669 11007 69711 1
1126 179627 3233286 10238739 5
1127 159805 1917660 8469665 4
1128 174400 3488000 13603200 5
1129 116847 1752705 4557033 3
1130 103736 207472 4771856 3
1131 111279 2225580 3560928 1
1132 35175 703500 949725 4
1133 163504 6867168 14715360 4
1134 127122 1906830 3686538 5
1135 146442 1757304 6297006 5
1136 41021 615315 2338197 1
1137 126652 759912 6585904 5
1138 94533 283599 567198 2
1139 41837 334696 1882665 5
1140 176942 2831072 4423550 5
1141 193985 6789475 7759400 2
1142 131110 524440 2622200 3
1143 158713 2539408 4126538 3
1144 45941 183764 2710519 3
1145 85498 512988 5386374 3
1146 154872 3716928 3871800 1
1147 173506 2602590 8154782 1
1148 184857 3697140 5545710 1
1149 42594 340752 1703760 5
1150 133884 535536 7497504 1
1151 142609 2281744 4420879 2
1152 131724 2107584 6191028 5
1153 124577 249154 4858503 3
1154 101435 912915 6491840 3
1155 161126 1127882 2094638 5
1156 172260 1722600 6718140 5
1157 45185 135555 2168880 5
1158 90661 181322 5258338 1
1159 2482 99280 143956 2
1160 134306 0 2148896 4
1161 125908 629540 7680388 4
1162 171993 3439860 6363741 5
1163 146295 4096260 8046225 1
1164 185544 1484352 5566320 4
1165 149655 897930 7183440 2
1166 71074 852888 2274368 1
1167 49644 1191456 1985760 2
1168 125206 1878090 2879738 4
1169 130463 1043704 4044353 1
1170 139026 834156 6812274 1
1171 92634 741072 1574778 2
1172 142121 4547872 5258477 4
1173 146368 2341888 9660288 5
1174 163866 163866 1638660 3
1175 120106 1201060 5765088 4
1176 181552 1089312 3267936 1
1177 15083 0 90498 1
1178 4138 12414 124140 4
1179 9583 9583 555814 4
1180 203953 1631624 9585791 2
1181 75365 2260950 6029200 5
1182 158208 1423872 6170112 1
1183 641 12820 31409 2
1184 204779 2866906 4300359 4
1185 21320 0 298480 3
1186 56452 56452 1975820 2
1187 770 6160 21560 2
1188 77956 935472 5301008 4
1189 158768 3810432 8255936 2
1190 127587 2041392 3444849 4
1191 135378 0 7987302 5
1192 190677 2669478 5910987 2
1193 177389 2128668 6740782 5
1194 21849 174792 939507 2
1195 72930 1312740 5469750 5
1196 164772 988632 1153404 1
1197 59504 0 1606608 4
1198 171392 5141760 10626304 4
1199 3152 31520 72496 2
1200 44119 264714 2558902 3
1201 68632 411792 549056 3
1202 94631 5299336 10314779 4
1203 173743 2084916 5212290 4
1204 8495 152910 314315 4
1205 19023 57069 741897 2
1206 140428 842568 2808560 1
1207 134638 0 4173778 2
1208 163511 817555 1144577 3
1209 98119 490595 5396545 3
1210 92312 1476992 2492424 3
1211 201326 402652 3825194 1
1212 104847 629082 1363011 4
1213 100243 1002430 1303159 3
1214 72891 1312038 4956588 3
1215 117433 3757856 5519351 4
1216 77114 694026 1310938 3
1217 200189 2402268 4804536 3
1218 75736 302944 3256648 1
1219 139267 3342408 4317277 1
1220 54040 162120 432320 2
1221 106866 854928 5877630 2
1222 16803 134424 672120 2
1223 116590 582950 3381110 1
1224 195080 975400 1365560 5
1225 112258 224516 2132902 5
1226 179222 6272770 11828652 5
1227 111583 2343243 8703474 2
1228 115814 1737210 3242792 3
1229 8534 238952 273088 2
1230 145883 2188245 5835320 4
1231 99277 2779756 5162404 3
1232 27163 217304 1439639 2
1233 191676 6133632 14567376 5
1234 43041 430410 2195091 1
1235 1509 60360 146373 5
1236 7308 58464 460404 4
1237 38301 114903 1800147 5
1238 133708 4011240 8557312 1
1239 100186 601116 4107626 2
1240 46092 138276 2258508 5
1241 117031 1872496 2223589 4
1242 31949 1341858 2939308 3
1243 200406 1603248 7214616 3
1244 1539 24624 26163 4
1245 195747 0 7242639 3
1246 162471 0 2599536 4
1247 17501 420024 962555 4
1248 21961 263532 1537270 3
1249 53523 321138 2140920 5
1250 129145 1162305 8394425 2
1251 89904 269712 1977888 4
1252 53231 159693 1064620 4
1253 29352 234816 1643712 1
1254 97348 194696 5451488 1
1255 184672 3324096 10526304 5
1256 46502 325514 2418104 5
1257 173538 2429532 9197514 3
1258 156196 3123920 10152740 2
1259 87423 699384 3496920 2
1260 65350 653500 849550 1
1261 7393 88716 377043 3
1262 42149 758682 800831 2
1263 166037 5313184 6807517 3
1264 89074 356296 2583146 5
1265 170378 1022268 9711546 1
1266 185955 743820 1301685 4
1267 15586 155860 342892 4
1268 180795 1446360 2892720 1
1269 13749 206235 563709 3
1270 206279 1237674 7838602 1
1271 112537 0 2700888 1
1272 10430 292040 302470 4
1273 50143 150429 1404004 4
1274 157350 0 3776400 2
1275 143932 863592 4461892 4
1276 56770 56770 2270800 5
1277 88189 264567 1940158 2
1278 52750 2110000 4167250 5
1279 71101 1137616 4052757 4
1280 98846 2372304 3854994 4
1281 35512 106536 1384968 4
1282 132680 2786280 7297400 4
1283 117141 1405692 4099935 1
1284 90959 1455344 2092057 1
1285 14663 117304 175956 4
1286 99028 0 99028 4
1287 43637 130911 1440021 2
1288 91515 1281210 6680595 4
1289 46089 0 2534895 4
1290 123486 3704580 9261450 4
1291 56467 1694010 3670355 2
1292 17689 35378 636804 2
1293 13486 337150 458524 2
1294 14274 85644 371124 2
1295 43605 305235 436050 5
1296 206212 1237272 8042268 5
1297 127906 0 1662778 3
1298 181538 0 1815380 1
1299 67249 1681225 3295201 5
1300 106880 2565120 7481600 4
1301 184213 5894816 15842318 5
1302 192787 385574 6169184 5
1303 161627 1293016 6303453 2
1304 42091 294637 1346912 1
1305 146704 2347264 4987936 3
1306 183127 1281889 4761302 3
1307 43112 86224 1336472 3
1308 128279 1539348 6029113 4
1309 180722 4337328 11385486 2
1310 136486 2183776 5322954 4
1311 128640 771840 3087360 4
1312 58329 116658 349974 1
1313 170374 5963090 9029822 4
1314 73542 1765008 6103986 5
1315 70982 851784 4968740 1
1316 79981 639848 3919069 2
1317 42215 759870 3208340 1
1318 68837 619533 4474405 1
1319 49161 1032381 2998821 3
1320 130175 390525 3254375 3
1321 144859 0 4056052 3
1322 40081 801620 1963969 5
1323 26607 106428 744996 1
1324 168323 504969 7237889 1
1325 105341 0 4108299 2
1326 115303 1383636 8071210 3
1327 43781 919401 3327356 2
1328 108762 2175240 8048388 1
1329 51318 256590 2617218 1
1330 58212 3259872 5821200 4
1331 7179 301518 559962 1
1332 154598 1855176 8812086 3
1333 24235 145410 363525 1
1334 114212 2741088 2969512 3
1335 193493 4063353 7159241 1
1336 92958 929580 4183110 5
1337 61268 1960576 4166224 3
1338 168882 2533230 6924162 4
1339 105161 2944508 7466431 5
1340 52320 1569600 2092800 5
1341 155469 310938 3575787 1
1342 105496 1265952 1793432 2
1343 197802 2373624 2967030 5
1344 3017 30170 54306 5
1345 25713 308556 1542780 1
1346 195388 1758492 4689312 2
1347 55742 1003356 1839486 4
1348 103751 2490024 6847566 4
1349 53356 53356 2561088 4
1350 169813 4075512 5603829 4
1351 80646 725814 4516176 3
1352 72802 4076912 4877734 5
1353 141808 1701696 5530512 4
1354 183292 1832920 7698264 5
1355 204660 818640 12279600 4
1356 199230 0 4582290 5
1357 101087 1617392 7278264 3
1358 178597 2678955 5536507 1
1359 155386 621544 6836984 4
1360 8080 96960 347440 1
1361 41248 989952 3134848 4
1362 140763 1689156 8445780 1
1363 10369 155535 207380 5
1364 41837 41837 292859 3
1365 16070 289260 707080 4
1366 26197 130985 1519426 4
1367 133858 803148 2811018 3
1368 149489 1793868 8819851 2
1369 204480 1226880 10632960 4
1370 42857 899997 1714280 5
1371 57795 924720 4045650 2
1372 64392 1802976 5344536 5
1373 66292 1060672 4507856 2
1374 127829 1022632 8308885 2
1375 72604 653436 2323328 5
1376 189138 1134828 6052416 1
1377 143811 575244 8916282 5
1378 18144 163296 635040 1
1379 31414 1005248 1790598 2
1380 146395 1463950 4391850 3
1381 161103 2255442 8055150 4
1382 92554 740432 6201118 1
1383 12860 192900 720160 1
1384 181206 1449648 9241506 3
1385 115948 1739220 3014648 1
1386 178279 1426232 2495906 3
1387 153779 3690696 5997381 4
1388 74189 1038646 1187024 2
1389 157942 631768 2053246 5
1390 14480 347520 535760 1
1391 111371 0 4677582 3
1392 80130 1121820 2323770 5
1393 175155 2627325 3327945 4
1394 1112 13344 23352 1
1395 108375 216750 2709375 1
1396 128902 4124864 9023140 2
1397 111914 671484 4028904 4
1398 128060 2048960 2561200 5
1399 133113 3993390 9983475 5
1400 84488 2703616 7181480 2
1401 41343 744174 2852667 3
1402 114894 459576 6204276 3
1403 138576 4157280 6790224 4
1404 95035 570210 5512030 5
1405 122300 2201400 4647400 5
1406 73109 1754616 2851251 4
1407 163986 983916 2459790 3
1408 79503 1113042 4690677 1
1409 162556 975336 10403584 5
1410 149310 3135510 11944800 5
1411 81401 2604832 4639857 3
1412 30394 1458912 1671670 1
1413 52826 422608 1531954 2
1414 117014 1755210 3744448 3
1415 169666 5429312 15269940 2
1416 60454 120908 544086 3
1417 90637 271911 3806754 4
1418 85220 681760 2982700 3
1419 20624 721840 845584 3
1420 64215 0 3339180 4
1421 111831 2012958 6709860 1
1422 150279 5259765 8716182 1
1423 137247 2195952 5078139 1
1424 169062 4733736 13524960 2
1425 179467 717868 10229619 3
1426 164678 1976136 11033426 1
1427 181192 6341720 12864632 1
1428 170572 0 9210888 4
1429 33254 665080 1496430 1
1430 174930 874650 4723110 1
1431 24046 168322 793518 2
1432 11600 104400 487200 1
1433 169650 4071600 10179000 4
1434 11908 59540 214344 5
1435 185729 4457496 6500515 2
1436 134717 4041510 11181511 2
1437 51414 1439592 3393324 5
1438 30946 464190 928380 5
1439 105815 1269780 4232600 4
1440 146330 2341280 9511450 2
1441 193236 579708 3864720 4
1442 81216 243648 893376 2
1443 35781 429372 2039517 3
1444 63912 1278240 3451248 2
1445 17118 136944 530658 3
1446 61607 492856 1848210 1
1447 193049 3860980 5019274 3
1448 78082 1873968 3747936 3
1449 121248 1818720 6547392 3
1450 187893 1127358 9770436 2
1451 113614 1590596 7725752 1
1452 172417 2413838 9655352 5
1453 197721 4745304 5931630 2
1454 193154 193154 10044008 2
1455 163460 2451900 4249960 1
1456 132661 2387898 5173779 3
1457 195542 1173252 12123604 3
1458 124479 248958 497916 2
1459 92454 554724 1201902 5
1460 101298 0 5773986 4
1461 62943 2265948 2454777 5
1462 201623 2419476 12702249 4
1463 152379 304758 7923708 2
1464 166955 1335640 1669550 4
1465 175507 0 6669266 3
1466 114161 342483 5822211 2
1467 48587 1360436 3303916 4
1468 92583 370332 2129409 2
1469 55212 1325088 4140900 1
1470 44467 355736 2934822 3
1471 18482 295712 1275258 5
1472 72098 144196 793078 1
1473 37917 455004 1402929 1
1474 115817 926536 4516863 4
1475 34579 138316 1901845 5
1476 54053 864848 3945869 5
1477 102872 822976 4114880 5
1478 174982 524946 4724514 4
1479 70075 1401500 4695025 1
1480 53336 426688 1973432 3
1481 67514 810168 1687850 5
1482 151683 0 2578611 4
1483 167920 1007520 9739360 3
1484 121203 484812 1939248 4
1485 174318 522954 9413172 4
1486 35825 143300 573200 5
1487 130939 2749719 6546950 2
1488 195438 2931570 5667702 1
1489 142661 3994508 12411507 2
1490 26742 427872 1738230 5
1491 179264 1792640 8066880 4
1492 118363 3787616 8640499 1
1493 31562 1009984 2872142 4
1494 39523 237138 2134242 3
1495 134303 1074424 4029090 4
1496 199242 796968 9563616 4
1497 201899 2018990 8277859 4
1498 198243 1982430 6343776 5
1499 184402 1659618 2581628 2
1500 188392 941960 10549952 5
1501 31275 875700 1344825 3
1502 33778 304002 2026680 3
1503 122265 978120 2445300 3
1504 167712 4025088 10901280 3
1505 27689 664536 1550584 2
1506 57493 0 2702171 5
1507 79791 638328 3670386 1
1508 127576 4465160 8675168 1
1509 115844 1621816 5792200 2
1510 29691 178146 1781460 4
1511 185028 1110168 1480224 4
1512 194330 2914950 13991760 4
1513 41053 246318 615795 2
1514 152317 152317 3960242 4
1515 124179 869253 6705666 1
1516 132791 3186984 6905132 2
1517 182242 2186904 7836406 2
1518 26045 234405 807395 3
1519 134573 4844628 9689256 4
1520 188769 943845 12081216 5
1521 72889 2551115 3790228 1
1522 19952 498800 1476448 3
1523 26841 268410 1315209 4
1524 72071 576568 4828757 3
1525 33355 133420 1334200 2
1526 4381 17524 92001 1
1527 17471 279536 733782 5
1528 180529 2888464 6137986 3
1529 167089 3341780 9356984 2
1530 74654 895848 1642388 4
1531 103717 414868 4978416 3
1532 49772 1592704 1891336 4
1533 187564 375128 3751280 4
1534 37379 598064 2130603 4
1535 104496 2194416 5642784 2
1536 27172 108688 326064 3
1537 195333 1171998 3711327 4
1538 205949 2471388 3707082 2
1539 55826 1563128 2400518 3
1540 89913 719304 2607477 2
1541 43933 219665 1274057 4
1542 46637 233185 559644 5
1543 13057 78342 548394 5
1544 13859 166308 886976 5
1545 60992 1280832 1585792 3
1546 195234 2342808 12104508 4
1547 60007 2100245 5640658 2
1548 151932 759660 9419784 5
1549 149157 447471 6264594 5
1550 128748 3089952 7209888 1
1551 205408 616224 8421728 3
1552 200447 1202682 11024585 2
1553 18911 226932 1096838 1
1554 192807 1735263 7905087 3
1555 73308 1539468 4691712 3
1556 144780 0 2171700 1
1557 38393 460716 2725903 5
1558 49309 246545 2662686 2
1559 123011 492044 3198286 4
1560 46339 556068 2409628 3
1561 54060 432480 1513680 2
1562 1012 30360 59708 4
1563 81570 407850 2202390 1
1564 73071 73071 803781 4
1565 114573 3208044 3437190 4
1566 28446 284460 1706760 2
1567 99061 2971830 6042721 5
1568 200429 1603432 12827456 2
1569 132116 528464 7662728 5
1570 196934 1181604 9058964 2
1571 26095 104380 521900 4
1572 81770 408850 3352570 3
1573 105888 1905984 6353280 4
1574 13099 628752 668049 2
1575 3850 0 211750 4
1576 150967 301934 8001251 3
1577 199172 796688 10356944 4
1578 49397 1481910 1531307 4
1579 167801 2013612 3356020 5
1580 34417 68834 103251 3
1581 75797 1819128 4396226 1
1582 125172 1877580 4881708 3
1583 84978 424890 849780 4
1584 205142 2461704 9436532 3
1585 35052 175260 2103120 5
1586 152677 458031 6412434 1
1587 80373 3214920 5786856 5
1588 11675 0 385275 5
1589 48003 288018 1728108 2
1590 103080 721560 2680080 3
1591 40095 160380 2245320 4
1592 34315 549040 2573625 5
1593 135416 2843736 4062480 5
1594 50772 1015440 2944776 1
1595 469 1407 10318 1
1596 69826 2932692 4049908 3
1597 90957 727656 5730291 3
1598 10226 30678 306780 3
1599 156540 3756960 7044300 5
1600 32845 32845 1412335 4
1601 110185 110185 5839805 5
1602 145485 1745820 4946490 4
1603 173450 0 1040700 2
1604 134686 2693720 6599614 5
1605 15337 107359 736176 1
1606 102995 1544925 5870715 5
1607 98925 197850 4946250 5
1608 184780 369560 2586920 2
1609 190370 4568880 5520730 4
1610 177164 5669248 12578644 4
1611 69831 1675944 3351888 1
1612 46109 368872 1198834 5
1613 128184 769104 1794576 4
1614 88362 353448 5036634 1
1615 32252 64504 1967372 1
1616 65936 527488 2241824 3
1617 166489 332978 9323384 4
1618 203982 6527424 15706614 3
1619 149242 2089388 8059068 2
1620 139810 2236960 10485750 2
1621 42516 680256 977868 5
1622 133367 2667340 5868148 3
1623 105731 3171930 3594854 4
1624 66846 401076 1537458 1
1625 119766 718596 7185960 5
1626 8233 16466 444582 5
1627 176432 1058592 3352208 3
1628 118527 474108 7467201 4
1629 204215 1837935 10414965 3
1630 2481 4962 79392 4
1631 52378 785670 2042742 2
1632 66890 802680 936460 2
1633 184661 2215932 8494406 2
1634 31930 957900 1564570 2
1635 143112 143112 4150248 4
1636 73028 2190840 5988296 3
1637 133031 2128496 2527589 5
1638 164641 658564 7079563 1
1639 205354 1642832 7803452 3
1640 158056 948336 3161120 5
1641 19242 153936 1019826 1
1642 169158 5413056 7612110 2
1643 25489 764670 1656785 2
1644 93292 0 2425592 4
1645 187757 5257196 11453177 5
1646 127061 2032976 8131904 1
1647 96613 3381455 5893393 2
1648 1702 8510 20424 5
1649 160928 0 2252992 2
1650 149323 298646 7615473 2
1651 28874 346488 808472 1
1652 34584 1037520 2386296 2
1653 177981 2491734 9966936 2
1654 119154 2859696 9532320 4
1655 27751 582771 2081325 5
1656 98497 2757916 7978257 5
1657 5259 105180 136734 1
1658 116726 583630 1984342 1
1659 162555 1300440 7314975 4
1660 19096 343728 439208 2
1661 117076 4683040 5385496 4
1662 26143 549003 1516294 1
1663 177827 2667405 6046118 4
1664 72562 2539670 4498844 4
1665 174115 2089380 8357520 4
1666 170300 1021800 3746600 4
1667 24030 672840 792990 2
1668 5763 86445 391884 4
1669 19703 788120 965447 4
1670 197639 3162224 8103199 3
1671 97966 1175592 3820674 4
1672 95825 3353875 7666000 5
1673 192028 4800700 9985456 4
1674 84834 2969190 5344542 2
1675 63835 191505 3000245 4
1676 69513 834156 3823215 5
1677 133938 1607256 8572032 1
1678 190684 190684 1906840 1
1679 33203 664060 2390616 1
1680 140436 2106540 6179184 2
1681 57787 1040166 2311480 1
1682 35197 35197 1900638 1
1683 7787 77870 373776 1
1684 14110 987700 1749640 1
1685 182276 1640484 7655592 1
1686 132995 3191880 3989850 1
1687 64214 963210 4494980 4
1688 137842 275684 1102736 1
1689 30508 91524 1738956 1
1690 142022 2272352 4544704 5
1691 39199 156796 1881552 1
1692 56087 841305 2580002 2
1693 84072 1008864 2942520 5
1694 103200 619200 6088800 1
1695 157750 946500 8834000 1
1696 64714 0 388284 4
1697 13083 327075 719565 5
1698 174212 696848 6968480 2
1699 163386 0 6372054 3
1700 37631 150524 639727 4
1701 189308 2650312 4354084 3
1702 160199 480597 3844776 4
1703 59678 895170 1850018 3
1704 182222 1093332 2733330 2
1705 17656 105936 141248 1
1706 80104 560728 4726136 3
1707 71565 2504775 4508595 4
1708 79041 158082 2134107 3
1709 72008 0 3816424 4
1710 192170 3074720 4804250 2
1711 80992 1133888 2834720 2
1712 167425 502275 837125 2
1713 202461 6478752 18019029 3
1714 139944 1959216 6017592 1
1715 109711 548555 3730174 1
1716 58608 175824 937728 5
1717 92530 2590840 7679990 5
1718 196852 787408 9252044 4
1719 19708 118248 532116 4
1720 11802 70812 767130 1
1721 120894 967152 2417880 3
1722 46856 187424 2530224 2
1723 167989 4703692 7727494 5
1724 92620 92620 3797420 5
1725 40832 1143296 1306624 1
1726 168554 337108 6405052 4
1727 17364 277824 434100 4
1728 167642 3352840 12237866 5
1729 56444 2031984 3838192 2
1730 195055 1950550 5851650 2
1731 8124 0 56868 1
1732 75155 450930 4584455 4
1733 205078 3076170 8818354 1
1734 159040 4771200 6838720 1
1735 126743 126743 2281374 2
1736 69920 699200 3076480 3
1737 178920 715680 4651920 3
1738 203406 3254496 13628202 4
1739 98774 592644 5235022 4
1740 64873 778476 1881317 3
1741 177220 0 4076060 1
1742 174855 2098260 8043330 1
1743 2647 31764 108527 3
1744 49515 297090 1386420 1
1745 176546 2471644 5649472 1
1746 180671 1084026 9033550 1
1747 148341 1186728 3560184 4
1748 9215 9215 451535 2
1749 21163 84652 190467 2
1750 135156 1351560 8920296 1
1751 190836 954180 11259324 4
1752 130382 2346876 8083684 3
1753 200993 1607944 10049650 5
1754 152990 1223920 5354650 5
1755 116986 1871776 7253132 4
1756 2109 12654 35853 4
1757 69000 414000 4140000 3
1758 100523 1005230 1206276 1
1759 49085 0 1374380 5
1760 204625 0 613875 4
1761 58462 1753860 3332334 2
1762 33688 1010640 2661352 2
1763 128315 2694615 7313955 3
1764 49716 397728 2883528 4
1765 121771 0 852397 3
1766 204016 3672288 8364656 4
1767 10884 163260 609504 2
1768 74267 445602 816937 5
1769 7035 281400 576870 3
1770 141819 3970932 8083683 3
1771 205140 2051400 6974760 4
1772 193348 1546784 7540572 4
1773 137524 962668 1100192 1
1774 76739 1611519 5064774 4
1775 144873 1014111 1303857 4
1776 180724 2168688 9397648 1
1777 107139 2571336 8142564 5
1778 63800 255200 1148400 4
1779 59207 236828 3434006 3
1780 25830 387450 1653120 1
1781 28665 229320 1777230 5
1782 131707 921949 6848764 1
1783 86925 869250 5563200 5
1784 39688 0 595320 4
1785 137400 2198400 10030200 4
1786 191093 0 1337651 3
1787 95207 380828 4855557 2
1788 126205 3155125 7067480 3
1789 59645 1192900 1968285 4
1790 68013 1360260 5237001 4
1791 140341 3368184 9543188 5
1792 12421 37263 683155 4
1793 111047 1998846 5441303 2
1794 92207 922070 3964901 5
1795 15955 398875 1053030 4
1796 19486 58458 623552 4
1797 114747 1606458 6999567 4
1798 17238 344760 1154946 2
1799 24333 145998 194664 4
1800 14227 682896 967436 1
1801 10683 160245 256392 4
1802 9193 137895 661896 2
1803 9955 179190 199100 1
1804 57500 805000 1552500 4
1805 85326 682608 853260 1
1806 184716 1847160 9235800 1
1807 143207 1145656 3580175 2
1808 29907 59814 807489 3
1809 101948 611688 1019480 3
1810 103162 0 1960078 3
1811 188712 1509696 8869464 4
1812 161932 1943184 5829552 3
1813 51577 412616 3146197 2
1814 27148 488664 1167364 2
1815 113595 908760 4430205 3
1816 200859 602577 8837796 2
1817 5215 83440 359835 5
1818 200541 2005410 7821099 2
1819 202500 7087500 14782500 4
1820 146354 1463540 7903116 4
1821 105335 1264020 1474690 3
1822 65241 913374 1370061 5
1823 176617 2119404 7064680 2
1824 165183 5781405 14040555 3
1825 58316 933056 1982744 5
1826 3199 0 76776 3
1827 51339 924102 3747747 4
1828 164403 986418 3123657 5
1829 60887 243548 426209 5
1830 96268 1925360 2021628 5
1831 47912 479120 3066368 1
1832 130663 5226520 9799725 4
1833 36053 216318 1550279 3
1834 47172 330204 518892 1
1835 56607 339642 3453027 5
1836 174430 2616450 4884040 2
1837 144432 2888640 6355008 2
1838 164057 2953026 6562280 5
1839 178773 8044785 13229202 4
1840 143751 2875020 10637574 2
1841 48874 781984 1612842 1
1842 22201 66603 710432 3
1843 22186 177488 776510 4
1844 198784 3180544 10137984 4
1845 37418 898032 2581842 3
1846 144940 3623500 6667240 2
1847 199478 0 7979120 4
1848 83772 753948 1507896 4
1849 205620 616860 8841660 2
1850 52573 1051460 1577190 4
1851 200851 4017020 9841699 5
1852 182791 2924656 7128849 3
1853 205872 2058720 3911568 1
1854 10622 42488 148708 1
1855 153212 3064240 3830300 2
1856 176485 1411880 11295040 2
1857 77567 2482144 6593195 2
1858 43997 923937 2859805 4
1859 176408 529224 3175344 3
1860 124421 622105 7589681 5
1861 145430 2326880 7562360 5
1862 129686 1037488 8429590 3
1863 26109 626616 835488 3
1864 127247 508988 5089880 5
1865 121981 6830936 13783853 4
1866 98794 296382 5927640 1
1867 101069 202138 4447036 2
1868 141916 2554488 6670052 2
1869 195282 2343384 4296204 5
1870 185766 1300362 2972256 3
1871 202961 1623688 3044415 1
1872 127880 2557600 4859440 2
1873 20523 307845 677259 2
1874 82881 2652192 4724217 4
1875 43184 690944 906864 3
1876 89380 446900 1072560 2
1877 49644 794304 2928996 2
1878 46288 555456 1064624 5
1879 10774 226254 571022 4
1880 164315 657260 9201640 5
1881 98985 593910 2375640 2
1882 117520 822640 1410240 3
1883 147944 3550656 5178040 1
1884 75012 75012 1125180 4
1885 82059 2872065 6892956 1
1886 84096 672768 2186496 1
1887 89377 0 3396326 4
1888 18363 128541 1028328 2
1889 87151 2091624 5664815 3
1890 67932 271728 339660 5
1891 157672 5518520 10248680 5
1892 103815 415260 2387745 1
1893 170914 2734624 6494732 3
1894 124243 1490916 4100019 4
1895 72375 579000 2967375 4
1896 71524 572192 4291440 2
1897 29190 934080 1780590 5
1898 69553 834636 3408097 1
1899 73700 442200 3021700 4
1900 89161 1604898 5617143 4
1901 98788 592728 2766064 5
1902 147582 1475820 3837132 3
1903 193537 7741480 11999294 5
1904 180340 541020 7574280 5
1905 115309 2306180 6111377 4
1906 156720 4701600 11440560 5
1907 88625 709000 4874375 1
1908 20281 608430 1095174 4
1909 192667 1734003 12523355 4
1910 111884 2349564 5146664 1
1911 126737 2027792 5322954 5
1912 94435 849915 3588530 4
1913 27685 83055 996660 5
1914 137632 1238688 6743968 5
1915 169387 2710192 5250997 4
1916 65285 1175130 3786530 4
1917 127545 382635 6122160 1
1918 167664 0 5532912 1
1919 51319 1231656 2925183 4
1920 173319 3466380 3986337 2
1921 15031 360744 631302 3
1922 21814 0 698048 5
1923 189739 5692170 10625384 2
1924 94521 756168 6238386 4
1925 182023 4368552 14743863 2
1926 100278 1604448 6116958 2
1927 113666 1363992 3864644 2
1928 45226 678390 3301498 5
1929 82431 0 412155 5
1930 31238 749712 1124568 3
1931 167641 0 5196871 4
1932 10006 50030 70042 1
1933 122463 0 5510835 1
1934 75316 150632 451896 1
1935 17500 0 1032500 3
1936 85113 1532034 6298362 2
1937 167984 2015808 6047424 5
1938 172830 4147920 9332820 3
1939 110428 1325136 2981556 4
1940 136265 2043975 8857225 1
1941 78580 942960 4793380 2
1942 18875 264250 1189125 5
1943 15402 92412 415854 5
1944 52307 627684 1726131 3
1945 117325 1407900 3989050 5
1946 92521 832689 6106386 4
1947 142349 569396 2419933 5
1948 172499 0 7417457 1
1949 71166 996324 3629466 1
1950 123256 1972096 3327912 5
1951 32192 96576 1931520 3
1952 118752 2375040 8193888 2
1953 61071 1832130 4641396 3
1954 119551 956408 5738448 5
1955 168790 1350320 3713380 4
1956 45506 182024 2593842 3
1957 45687 730992 2512785 1
1958 68001 68001 2448036 5
1959 85699 1371184 4627746 2
1960 89707 717656 2422089 5
1961 17115 154035 479220 3
1962 191059 955295 11463540 2
1963 198279 1982790 2775906 5
1964 13014 52056 624672 2
1965 94539 567234 4537872 1
1966 112130 1345560 3476030 1
1967 48547 194188 728205 4
1968 61646 246584 739752 1
1969 197912 1583296 9103952 1
1970 172311 4135464 8443239 2
1971 44614 178456 2319928 1
1972 77410 1625610 5263880 3
1973 4842 77472 135576 2
1974 201238 4225998 8451996 5
1975 181151 724604 9963305 2
1976 137288 2059320 7138976 4
1977 161389 2905002 8876395 1
1978 158708 3174160 9681188 5
1979 117950 4128250 9082150 2
1980 125163 1001304 7259454 2
1981 114562 572810 2634926 4
1982 196413 3142608 5892390 3
1983 123737 1237370 8290379 5
1984 89256 1071072 4552056 5
1985 200975 1004875 2210725 4
1986 145578 2911560 9899304 5
1987 86981 1391696 1565658 4
1988 171183 1711830 10784529 4
1989 90451 1085412 3075334 1
1990 53213 0 2607437 2
1991 2116 44436 131192 1
1992 101218 404872 4858464 4
1993 132430 1059440 6489070 4
1994 165046 165046 8912484 5
1995 162691 2440365 11713752 1
1996 18855 603360 1564965 3
1997 7114 49798 448182 4
1998 170883 1537947 9740331 5
1999 61425 491400 614250 3
2000 184437 2582118 9590724 4
2001 116647 2449587 3616057 3
2002 177801 1600209 12090468 5
2003 125964 1511568 2645244 3
2004 44011 132033 176044 5
2005 69031 414186 3865736 2
2006 89135 534810 5080695 2
2007 116105 116105 6269670 2
2008 183150 732600 3663000 5
2009 146637 3079377 8798220 1
2010 77597 465582 2560701 4
2011 121829 730974 7431569 5
2012 11740 11740 281760 3
2013 73911 1330398 2217330 3
2014 20068 481632 1163944 5
2015 59678 0 1133882 5
2016 111731 782117 4134047 3
2017 98663 197326 5525128 1
2018 61987 185961 2107558 2
2019 472 2832 8496 1
2020 12529 87703 225522 2
2021 203138 2437656 9344348 2
2022 197092 1576736 3744748 1
2023 16842 168420 421050 1
2024 113008 0 3390240 2
2025 127063 1778882 7877906 4
2026 173323 6066305 6239628 5
2027 59846 957536 3650606 1
2028 161967 3887208 8746218 5
2029 144067 2593206 9508422 1
2030 99560 1194720 2588560 1
2031 188842 755368 944210 5
2032 133862 1070896 3748136 3
2033 150620 2259300 10091540 3
2034 67313 1413573 5317727 1
2035 89903 719224 4135538 1
2036 12060 192960 337680 1
2037 7702 154040 200252 5
2038 70822 849864 920686 5
2039 19690 98450 118140 4
2040 125160 375480 7134120 4
2041 73476 1542996 3085992 5
2042 62059 2482360 3785599 5
2043 186043 4465032 11720709 1
2044 112038 1344456 7506546 2
2045 78066 1170990 1795518 4
2046 94338 1132056 3679182 2
2047 77912 467472 1558240 1
2048 101002 202004 5858116 3
2049 193538 4644912 9483362 1
2050 101978 1529670 4283076 3
2051 171588 2745408 6177168 1
2052 63698 254792 3567088 1
2053 96016 96016 5280880 4
2054 162101 648404 7294545 2
2055 155726 934356 4204602 4
2056 50172 301032 602064 2
2057 42200 295400 717400 5
2058 70862 1700688 2551032 4
2059 5339 80085 341696 2
2060 148142 1036994 7851526 1
2061 168711 2024532 5736174 3
2062 1520 4560 89680 5
2063 170087 1020522 6463306 2
2064 126158 2018528 5550952 1
2065 2161 75635 125338 4
2066 26824 965664 1850856 4
2067 167960 1511640 4199000 4
2068 95524 764192 955240 2
2069 179368 3766728 12197024 1
2070 98899 988990 5241647 4
2071 74221 0 3636829 3
2072 166747 1000482 10171567 3
2073 191760 1150560 3259920 4
2074 33880 203280 982520 2
2075 174531 872655 9599205 1
2076 41895 628425 2681280 4
2077 58973 707676 4128110 2
2078 125217 751302 2128689 1
2079 180020 2880320 9361040 4
2080 140058 4201740 10644408 4
2081 204163 3062445 11024802 1
2082 169351 1354808 9483656 3
2083 159678 798390 1916136 5
2084 181950 2729250 4548750 1
2085 153297 5365395 13643433 3
2086 102264 1022640 6135840 2
2087 160971 2253594 10624086 5
2088 128727 3089448 6693804 5
2089 58377 817278 4086390 3
2090 91518 549108 3294648 2
2091 96096 384384 3843840 2
2092 144594 433782 5928354 1
2093 46625 186500 1072375 4
2094 13584 27168 584112 3
2095 191643 2299716 4982718 1
2096 121851 1218510 4508487 1
2097 111829 1006461 7492543 1
2098 58422 817908 2628990 4
2099 22366 89464 424954 5
2100 65719 131438 1905851 5
2101 23205 278460 1090635 5
2102 114177 2283540 7421505 5
2103 185855 0 5761505 3
2104 185845 2973520 13566685 5
2105 33270 798480 2528520 1
2106 110114 0 4294446 2
2107 49180 0 639340 2
2108 195384 1172304 1758456 1
2109 121986 1219860 7807104 2
2110 171036 0 6157296 1
2111 40438 363942 404380 2
2112 75535 755350 3172470 1
2113 180585 3611700 11918610 1
2114 48617 145851 2965637 3
2115 32838 591084 1346358 2
2116 97765 293295 2639655 2
2117 71171 284684 1067565 5
2118 132124 1585488 6209828 5
2119 110394 662364 6623640 5
2120 196651 1966510 9439248 5
2121 111626 669756 4130162 5
2122 130461 0 2348298 5
2123 160378 1924536 11386838 1
2124 87107 783963 2526103 3
2125 148884 2382144 3870984 2
2126 70729 424374 2687702 4
2127 93037 372148 1953777 1
2128 55197 165591 2925441 5
2129 5351 42808 331762 4
2130 187539 3000624 9939567 5
2131 137524 137524 7976392 3
2132 161398 484194 1452582 4
2133 67728 609552 1422288 1
2134 26911 0 1399372 3
2135 21110 506640 612190 3
2136 187237 748948 11421457 3
2137 183097 0 2746455 5
2138 175146 2101752 11209344 3
2139 12075 289800 555450 4
2140 34541 828984 1934296 1
2141 135952 4078560 11827824 5
2142 7967 223076 382416 1
2143 39445 552230 2090585 3
2144 156759 0 5800083 5
2145 35279 282232 1622834 5
2146 121110 4238850 6297720 5
2147 147018 1470180 4263522 2
2148 81111 2919996 4217772 1
2149 123205 3449740 9363580 1
2150 20028 60084 240336 3
2151 127315 3819450 9039365 1
2152 36017 1080510 2377122 3
2153 22374 178992 1208196 1
2154 82294 246882 2797996 1
2155 33304 133216 1765112 1
2156 66338 2786196 5439716 3
2157 92661 1389915 6393609 4
2158 110187 661122 4627854 3
2159 129185 0 387555 1
2160 48463 1550816 3683188 2
2161 19461 155688 934128 2
2162 25805 206440 928980 5
2163 193215 386430 4637160 2
2164 54113 649356 3517345 2
2165 13925 139250 292425 3
2166 107909 2266089 3776815 2
2167 174751 0 3669771 1
2168 94712 852408 5209160 3
2169 105498 421992 4219920 3
2170 63632 2227120 5090560 3
2171 125060 4001920 10004800 1
2172 178083 712332 5164407 4
2173 102891 823128 5350332 4
2174 20344 366192 1302016 2
2175 99930 1199160 6195660 3
2176 100381 2409144 7628956 3
2177 73561 1324098 1839025 1
2178 13211 158532 845504 4
2179 21614 324210 1556208 5
2180 201164 2011640 13880316 5
2181 92655 1482480 5373990 5
2182 93980 1127760 3007360 2
2183 26663 213304 1413139 3
2184 150779 2714022 6181939 4
2185 32182 257456 611458 4
2186 182560 1095360 5659360 2
2187 200401 2404812 6412832 4
2188 21484 343744 1525364 4
2189 112432 1798912 6071328 5
2190 107654 107654 3552582 2
2191 17554 175540 438850 5
2192 114231 2741544 7881939 4
2193 176828 353656 5481668 3
2194 171110 1368880 5988850 3
2195 49383 2074086 2765448 2
2196 155767 3738408 9034486 4
2197 178276 4456900 9270352 4
2198 195684 978420 11153988 2
2199 12852 51408 359856 5
2200 20943 83772 1193751 4
2201 93059 2233416 7630838 4
2202 132286 2778006 6746586 4
2203 60334 965344 2473694 2
2204 56422 1579816 4118806 5
2205 69407 347035 2498652 4
2206 182000 4368000 13650000 4
2207 39537 237222 1660554 2
2208 33895 33895 237265 4
2209 45305 362440 453050 1
2210 129814 778884 2596280 4
2211 48887 684418 782192 2
2212 97478 1754604 6238592 5
2213 111631 446524 3683823 5
2214 100564 1810152 3016920 2
2215 191516 3830320 8043672 1
2216 118804 2376080 2851296 4
2217 67577 1621848 2770657 1
2218 134879 2023185 5664918 4
2219 166264 1662640 6650560 2
2220 74856 299424 1422264 4
2221 185612 928060 6310808 4
2222 10594 222474 603858 4
2223 9227 166086 424442 2
2224 26950 377300 619850 3
2225 20528 287392 882704 5
2226 36015 900375 1476615 1
2227 182956 2927296 13538744 1
2228 8229 164580 493740 2
2229 92064 1380960 3774624 4
2230 36943 369430 1810207 4
2231 64219 513752 2825636 4
2232 103925 831400 3533450 1
2233 195076 1170456 6437508 1
2234 61355 61355 1349810 2
2235 48960 342720 1566720 5
2236 147357 2357712 3978639 1
2237 128007 384021 1280070 4
2238 992 5952 35712 4
2239 87095 870950 4703130 4
2240 168872 2026464 11821040 4
2241 44419 0 2531883 5
2242 82920 1990080 3814320 4
2243 20524 246288 1272488 3
2244 30346 242768 1395916 2
2245 67455 1214190 1956195 4
2246 182990 4574750 14822190 2
2247 47094 941880 3202392 5
2248 176751 1060506 3888522 2
2249 32620 32620 130480 2
2250 147017 1764204 3675425 1
2251 184541 369082 5351689 3
2252 48485 727275 2618190 4
2253 42278 253668 2283012 5
2254 105316 4212640 5265800 2
2255 163721 982326 8677213 1
2256 116379 1629306 4422402 2
2257 142593 2566674 7129650 4
2258 122833 982664 5773151 3
2259 145084 2176260 6093528 3
2260 44886 179544 448860 4
2261 203672 1833048 13035008 2
2262 6712 120816 241632 5
2263 99375 1490625 7055625 3
2264 163181 2284534 4405887 1
2265 67708 135416 2911444 3
2266 12936 25872 245784 5
2267 40091 962184 3046916 4
2268 106555 426220 3729425 3
2269 10732 85856 160980 5
2270 151697 758485 6067880 5
2271 19001 285015 1368072 2
2272 199309 398618 11161304 5
2273 93197 1957137 2516319 5
2274 121034 0 3752054 2
2275 7324 58592 278312 4
2276 159806 5753016 6232434 4
2277 110857 332571 2549711 3
2278 121656 1459872 4501272 4
2279 180669 4336056 5962077 2
2280 76552 612416 2985528 2
2281 46043 184172 414387 3
2282 23188 185504 1182588 2
2283 137919 3310056 9378492 1
2284 69061 2417135 3591172 1
2285 199758 2397096 8389836 2
2286 53979 215916 2429055 3
2287 152726 1221808 1679986 5
2288 74590 1790160 3878680 4
2289 132309 264618 2249253 5
2290 155713 311426 7785650 5
2291 157929 789645 4579941 2
2292 93490 1402350 2711210 1
2293 45341 725456 2947165 5
2294 172072 2064864 4818016 2
2295 80672 3226880 4517632 2
2296 130071 2341278 8844828 5
2297 41753 626295 1670120 1
2298 115425 461700 6579225 1
2299 7448 29792 409640 5
2300 51213 0 2765502 1
2301 165180 1982160 9910800 2
2302 143794 431382 4170026 4
2303 44524 1068576 1780960 3
2304 25641 897435 1999998 4
2305 36576 1024128 2706624 1
2306 84689 1778469 4403828 4
2307 2831 8493 11324 4
2308 72682 290728 1162912 2
2309 43409 0 520908 4
2310 98073 882657 2844117 4
2311 112794 563970 4511760 5
2312 102675 821400 5441775 2
2313 170407 1533663 7668315 2
2314 12410 148920 744600 5
2315 53812 161436 2852036 3
2316 43102 258612 387918 3
2317 58969 471752 1769070 4
2318 200736 9836064 19872864 2
2319 84136 2524080 3701984 2
2320 18934 227208 700558 3
2321 132030 528120 7261650 4
2322 18637 37274 670932 1
2323 32991 197946 2144415 3
2324 10024 20048 210504 2
2325 29027 174162 1596485 3
2326 74746 448476 2092888 5
2327 157259 943554 3774216 5
2328 59608 178824 1967064 1
2329 173991 3653811 13571298 4
2330 145461 1454610 7563972 4
2331 11380 204840 523480 2
2332 101478 1014780 6291636 2
2333 68433 205299 3626949 5
2334 10483 146762 712844 1
2335 27887 139435 864497 5
2336 7117 249095 590711 1
2337 190695 1716255 10488225 4
2338 54558 654696 2727900 4
2339 205512 1233072 9248040 4
2340 15367 491744 752983 4
2341 180480 7219200 8121600 5
2342 90457 1356855 4794221 1
2343 106344 0 2126880 3
2344 178170 5701440 11759220 3
2345 6249 12498 199968 5
2346 146577 2638386 9674082 1
2347 112714 1352568 5410272 5
2348 204255 817020 5923395 1
2349 188763 755052 6984231 4
2350 71828 430968 1221076 4
2351 62123 124246 1428829 4
2352 26051 0 859683 3
2353 171010 1026060 8208480 2
2354 106741 1707856 5443791 2
2355 91720 1100640 5594920 3
2356 90314 1896594 1986908 4
2357 98747 98747 2764916 4
2358 865 8650 26815 2
2359 52256 627072 2194752 2
2360 178082 4273968 6410952 4
2361 194156 0 2912340 1
2362 91771 2202504 4588550 5
2363 136827 820962 3420675 1
2364 42783 385047 2609763 1
2365 138303 1936242 6085332 3
2366 118893 713358 7609152 4
2367 115534 2772816 6816506 2
2368 69696 836352 4460544 3
2369 38422 76844 576330 4
2370 88129 881290 5463998 4
2371 20558 575624 842878 2
2372 189230 2270760 11353800 4
2373 31336 1253440 3070928 1
2374 32537 195222 715814 4
2375 67633 541064 1285027 5
2376 204956 3689208 7378416 3
2377 1805 28880 81225 2
2378 185731 3900351 7429240 2
2379 104098 1249176 4372116 1
2380 200770 1606160 7830030 4
2381 140448 2949408 10252704 4
2382 93279 1399185 1585743 1
2383 68288 1912064 4097280 5
2384 39254 314032 588810 3
2385 101879 305637 3871402 3
2386 91979 275937 735832 1
2387 170504 6138144 13128808 1
2388 6666 99990 373296 5
2389 92095 368380 1105140 3
2390 57260 171780 2977520 1
2391 70113 981582 5048136 3
2392 45589 91178 2644162 3
2393 60079 240316 480632 3
2394 201162 7241832 7442994 1
2395 194007 776028 10088364 2
2396 108987 326961 5667324 2
2397 141362 2544516 3958136 3
2398 176339 529017 1234373 1
2399 57201 858015 1315623 5
2400 17045 102270 170450 4
2401 192913 7716520 15625953 5
2402 169562 1356496 3560802 1
2403 184576 4429824 5537280 3
2404 17564 491792 1194352 1
2405 42766 513192 2394896 5
2406 200852 803408 8435784 2
2407 192309 769236 5192343 5
2408 60836 547524 2007588 4
2409 12753 153036 344331 1
2410 113387 907096 5329189 5
2411 120743 1811145 4829720 3
2412 184167 184167 552501 3
2413 66483 132966 465381 3
2414 76710 153420 613680 4
2415 184562 0 7751604 2
2416 129219 387657 1292190 2
2417 91365 1918665 3928695 3
2418 131720 0 5268800 5
2419 109830 1757280 3953880 3
2420 177226 1417808 6025684 2
2421 177039 708156 7966755 4
2422 35599 569584 2029143 2
2423 19488 116928 993888 4
2424 110588 884704 3759992 4
2425 161555 1453995 4846650 5
2426 193430 0 10058360 1
2427 70492 1691808 5145916 4
2428 27603 1324944 1490562 1
2429 165022 3960528 12706694 1
2430 163680 1309440 4583040 4
2431 53467 855472 3635756 2
2432 155672 1401048 5604192 4
2433 91569 2930208 4212174 5
2434 14615 350760 613830 5
2435 98343 2753604 3540348 5
2436 141052 2115780 8745224 1
2437 105051 1050510 6198009 3
2438 28994 1159760 1420706 1
2439 157427 1416843 6297080 1
2440 63379 1901370 5450594 4
2441 55544 666528 1333056 4
2442 89771 807939 5655573 4
2443 19625 176625 902750 5
2444 18545 111270 537805 2
2445 124525 4981000 9837475 4
2446 112228 2693472 2805700 3
2447 169525 0 7967675 2
2448 195036 1950360 5851080 2
2449 124398 2612358 5473512 4
2450 125209 1752926 3756270 4
2451 179244 1075464 4122612 1
2452 19290 96450 424380 3
2453 157154 6600468 9743548 3
2454 58099 929584 1917267 2
2455 180458 1624122 9744732 3
2456 29631 1422288 2459373 5
2457 100805 907245 3830590 2
2458 55911 111822 3075105 4
2459 168047 2520705 8738444 3
2460 98801 1482015 3754438 1
2461 98204 589224 5401220 3
2462 27696 138480 443136 1
2463 4523 253288 357317 1
2464 102033 306099 2652858 3
2465 191900 1727100 10554500 3
2466 109751 548755 5158297 4
2467 198466 595398 4564718 1
2468 90913 1636434 6363910 5
2469 37702 452424 1621186 4
2470 77836 1868064 3969636 2
2471 184797 739188 6098301 2
2472 48048 384384 960960 5
2473 65430 1374030 4645530 4
2474 61306 490448 3800972 5
2475 86980 2174500 4783900 3
2476 60605 303025 3757510 5
2477 189131 2836965 8889157 5
2478 47620 95240 1476220 2
2479 202738 1621904 10745114 5
2480 116089 1857424 2902225 1
2481 195626 8216292 16236958 3
2482 184225 2210700 8290125 4
2483 64587 1550088 4779438 3
2484 100866 1412124 1916454 1
2485 24862 49724 1069066 5
2486 56068 336408 672816 5
2487 91722 1926162 4677822 3
2488 100807 504035 3024210 1
2489 50657 253285 658541 4
2490 190807 1144842 12211648 4
2491 13044 78264 221748 1
2492 37965 189825 1480635 5
2493 105949 2542776 3708215 4
2494 118407 0 4499466 3
2495 57136 342816 2971072 4
2496 52502 2100080 3622638 4
2497 31479 251832 314790 5
2498 117234 820638 1172340 5
2499 205224 615672 3694032 1
2500 141341 989387 6501686 5
2501 134762 7546672 10780960 3
2502 62536 1000576 1188184 5
2503 97890 1370460 4796610 4
2504 12890 51560 373810 3
2505 7412 88944 511428 5
2506 78161 1406898 4533338 3
2507 166343 2994174 10313266 1
2508 28502 171012 1596112 3
2509 179754 2157048 11863764 3
2510 136183 4766405 9805176 2
2511 49601 595212 3075262 4
2512 17601 105606 475227 1
2513 100741 2417784 3928899 5
2514 187918 1503344 5261704 3
2515 37458 898992 2060190 4
2516 131768 263536 2635360 4
2517 80366 2410980 2571712 4
2518 65025 975375 2666025 2
2519 13243 26486 450262 3
2520 142825 142825 2999325 1
2521 133003 2793063 6916156 1
2522 50676 1013520 2989884 1
2523 40873 286111 2288888 5
2524 71143 2134290 4482009 4
2525 74244 2969760 5271324 5
2526 55291 1382275 1714021 5
2527 72241 577928 794651 1
2528 146021 3504504 5110735 1
2529 1070 6420 14980 4
2530 47987 479870 2639285 3
2531 42586 340688 2171886 5
2532 74088 1185408 3852576 5
2533 187317 2997072 7492680 3
2534 33026 330260 2014586 3
2535 41591 249546 1330912 3
2536 101713 406852 3051390 2
2537 50854 1067934 2949532 4
2538 159499 3189980 8931944 5
2539 35782 1073460 2826778 2
2540 201640 1411480 10485280 2
2541 143451 717255 860706 1
2542 14951 119608 897060 3
2543 167596 335192 6201052 4
2544 130186 4165952 4686696 2
2545 202826 3042390 5070650 4
2546 147502 590008 1622522 2
2547 176964 707856 4954992 3
2548 180725 722900 11204950 2
2549 165847 2985246 11111749 5
2550 75748 2651180 5984092 4
2551 67266 0 538128 1
2552 106548 4475016 5860140 5
2553 176790 176790 3359010 1
2554 30693 245544 1534650 2
2555 11147 167205 735702 4
2556 54834 658008 2412696 2
2557 187744 3379392 7697504 3
2558 21506 602168 1182830 5
2559 26581 850592 1754346 1
2560 41926 1006224 1551262 2
2561 8884 373128 639648 3
2562 152149 760745 8063897 3
2563 134781 4043430 11052042 5
2564 140057 280114 2661083 4
2565 140413 140413 2246608 4
2566 94594 1135128 6432392 2
2567 128541 1542492 6298509 1
2568 6056 90840 333080 2
2569 120019 480076 2640418 3
2570 126665 0 1139985 4
2571 151354 302708 8929886 3
2572 189571 947855 10426405 3
2573 171701 2060412 8413349 1
2574 147372 1768464 9726552 5
2575 205600 6168000 8224000 3
2576 122299 3057475 7215641 3
2577 138412 0 7474248 4
2578 147732 738660 9307116 1
2579 57140 857100 2628440 2
2580 31375 376500 439250 2
2581 67818 1017270 1831086 1
2582 22135 708320 1859340 4
2583 60435 241740 1269135 2
2584 150044 1500440 1950572 5
2585 163074 1304592 6033738 2
2586 205452 3081780 14381640 2
2587 159100 954600 6045800 1
2588 180835 3255030 5244215 4
2589 124674 4488264 7605114 4
2590 8722 34888 52332 1
2591 12139 194224 546255 5
2592 46502 232510 1581068 3
2593 121988 731928 3049700 5
2594 122716 1472592 2577036 4
2595 172214 1033284 7405202 1
2596 8040 24120 48240 1
2597 182371 1276597 2188452 1
2598 72447 869364 3260115 3
2599 167570 837850 6535230 5
2600 26663 319956 1466465 2
2601 76660 919920 1839840 4
2602 118851 2852424 5585997 3
2603 205931 823724 1235586 4
2604 189883 3987543 14810874 5
2605 191496 2680944 6510864 2
2606 99764 2992920 5187728 4
2607 61986 743832 1921566 2
2608 156955 2511280 6278200 3
2609 17990 143920 395780 2
2610 169367 2032404 5419744 3
2611 187312 2809680 7867104 2
2612 141981 709905 7241031 5
2613 117790 353370 4004860 4
2614 144904 2318464 7390104 2
2615 165139 5284448 5449587 2
2616 42034 378306 504408 3
2617 78983 1263728 4028133 3
2618 121919 121919 5974031 5
2619 64682 776184 2651962 4
2620 9102 45510 527916 4
2621 58425 467400 3505500 3
2622 97538 1365532 4876900 3
2623 45474 1273272 1682538 1
2624 142850 1142800 8285300 1
2625 102097 3573395 4696462 1
2626 62205 124410 1306305 2
2627 106324 1063240 1701184 5
2628 81312 0 650496 5
2629 3753 15012 33777 3
2630 87442 2623260 7170244 1
2631 126754 3042096 7224978 4
2632 29585 236680 1597590 5
2633 112998 1355976 2259960 5
2634 103367 516835 3514478 2
2635 148914 297828 4914162 5
2636 90551 1448816 2716530 1
2637 26681 667025 1787627 5
2638 8648 17296 112424 5
2639 53674 322044 966132 4
2640 77118 925416 2544894 4
2641 49200 2214000 2853600 5
2642 139235 0 2645465 4
2643 123399 123399 5676354 1
2644 32230 0 1289200 5
2645 49270 886860 3695250 2
2646 54282 1302768 3582612 1
2647 111679 0 2345259 3
2648 23442 492282 703260 4
2649 106571 1065710 5221979 2
2650 113474 1815584 5787174 4
2651 137816 3307584 9922752 4
2652 21440 128640 1222080 1
2653 81685 1470330 2287180 2
2654 18675 149400 242775 4
2655 56455 282275 1016190 3
2656 120934 4837360 11246862 3
2657 4583 4583 224567 5
2658 148153 1777836 7703956 3
2659 197850 1780650 8903250 4
2660 143456 2151840 4016768 5
2661 100625 905625 6138125 1
2662 32239 193434 1321799 1
2663 41979 125937 1175412 1
2664 175749 3163482 3339231 5
2665 33970 407640 1596590 5
2666 16250 195000 503750 4
2667 144793 1158344 3330239 4
2668 146944 881664 4555264 4
2669 64304 964560 3858240 1
2670 135594 2033910 10033956 5
2671 170892 3417840 3930516 4
2672 171806 4810568 14947122 1
2673 5205 83280 223815 3
2674 147989 1183912 6511516 2
2675 52232 1044640 1932584 5
2676 151954 1519540 4102758 5
2677 21361 85444 1046689 4
2678 165186 991116 7763742 1
2679 197971 7918840 14649854 4
2680 10021 20042 50105 1
2681 138849 1388490 2499282 1
2682 173667 7294014 14588028 1
2683 126397 2022352 3918307 1
2684 72645 871740 3196380 1
2685 204256 2042560 5923424 2
2686 169836 1188852 6793440 4
2687 68523 411138 3563196 4
2688 139894 1119152 4896290 5
2689 88945 1778900 5870370 4
2690 190109 2851635 12357085 3
2691 106563 1278756 6926595 4
2692 54137 433096 649644 4
2693 119349 1193490 8115732 5
2694 8752 157536 183792 5
2695 205735 2057350 11726895 5
2696 186648 2986368 13438656 4
2697 30840 1295280 1912080 3
2698 20990 524750 1721180 4
2699 75365 1507300 5350915 5
2700 87362 1048344 2620860 5
2701 60613 181839 3151876 4
2702 73065 2557275 2995665 4
2703 55575 444600 3223350 3
2704 13347 240246 266940 3
2705 195740 978700 9982740 3
2706 66934 1004010 1673350 5
2707 165472 6949824 9431904 2
2708 105584 633504 3484272 5
2709 41586 831720 998064 5
2710 29151 0 728775 3
2711 184653 1107918 2954448 2
2712 26868 188076 1262796 3
2713 149404 448212 5527948 1
2714 40889 654224 2289784 4
2715 80214 320856 1363638 2
2716 15784 0 615576 2
2717 24131 289572 337834 2
2718 67656 676560 1420776 4
2719 33041 132164 1255558 5
2720 63756 1530144 3697848 4
2721 121151 1938416 8359419 2
2722 29164 524952 1020740 3
2723 193311 3092976 8892306 1
2724 70439 2958438 7114339 5
2725 33681 303129 673620 5
2726 132688 1061504 6236336 2
2727 141302 3532550 6923798 4
2728 107968 215936 2483264 1
2729 89764 359056 5655132 5
2730 17610 105660 299370 1
2731 152133 2434128 3042660 3
2732 29199 467184 1664343 2
2733 59172 177516 650892 5
2734 201118 804472 4625714 4
2735 17920 0 519680 2
2736 84241 168482 3285399 5
2737 65444 1570656 2355984 4
2738 42538 0 638070 4
2739 205171 2051710 11489576 3
2740 74156 222468 2817928 5
2741 52799 105598 1742367 1
2742 60874 182622 3226322 5
2743 43785 175140 2101680 2
2744 137406 2198496 5908458 1
2745 172755 518265 7082955 4
2746 46599 931980 2376549 3
2747 184734 1108404 2586276 5
2748 156188 937128 1874256 1
2749 7672 138096 552384 1
2750 197904 2968560 14249088 5
2751 119099 476396 1190990 5
2752 57338 688056 3268266 3
2753 154724 3713376 5260616 5
2754 14952 269136 613032 2
2755 7420 22260 185500 1
2756 127464 382392 1147176 3
2757 100938 0 4441272 2
2758 85373 768357 4780888 2
2759 168016 840080 10753024 1
2760 136400 3819200 7774800 3
2761 197595 790380 4149495 4
2762 59199 1243179 3670338 1
2763 104900 839200 4300900 2
2764 60756 364536 2490996 2
2765 139317 3482925 7523118 4
2766 3230 19380 29070 2
2767 39194 823074 1920506 5
2768 93839 2815170 6099535 3
2769 46558 651812 884602 4
2770 181165 2717475 6340775 4
2771 77657 232971 1708454 4
2772 202247 6471904 7887633 3
2773 145389 1453890 2907780 2
2774 46800 1310400 3088800 1
2775 16935 541920 694335 2
2776 79546 636368 1750012 5
2777 164129 328258 7878192 5
2778 46845 562140 2810700 5
2779 175276 1752760 11568216 5
2780 142307 2276912 9107648 4
2781 16059 48177 835068 2
2782 41803 585242 1755726 1
2783 20897 208970 229867 1
2784 128863 3608164 5669972 2
2785 179155 358310 1970705 1
2786 138589 0 7068039 4
2787 202262 3236192 12337982 3
2788 68406 0 1983774 3
2789 169067 3550407 9636819 3
2790 37693 376930 1507720 2
2791 86984 260952 2087616 4
2792 99065 198130 2971950 1
2793 50258 301548 753870 1
2794 101241 1822338 5568255 5
2795 187171 3369078 6550985 1
2796 175632 4215168 12645504 3
2797 95630 2295120 3347050 3
2798 8903 106836 427344 2
2799 25204 302448 957752 4
2800 170378 2555670 6644742 2
2801 118239 827673 4729560 3
2802 23775 356625 1664250 4
2803 147668 2953360 3691700 3
2804 83693 2929255 5774817 5
2805 179926 2159112 10795560 1
2806 147150 1177200 4561650 4
2807 16393 196716 885222 5
2808 35868 430416 2439024 5
2809 57382 459056 803348 1
2810 188187 564561 2258244 1
2811 106576 2557824 8099776 5
2812 105016 1575240 4935752 1
2813 68513 274052 3357137 4
2814 195413 2344956 11333954 1
2815 155985 1247880 4211595 2
2816 117824 1178240 6833792 1
2817 168618 2023416 11297406 3
2818 59104 1773120 5201152 2
2819 72877 437262 3570973 2
2820 99582 3186624 6373248 3
2821 73107 1535247 2485638 4
2822 188359 3013744 13373489 4
2823 35265 1234275 2151165 4
2824 186678 1493424 4853628 5
2825 159121 1432089 2227694 4
2826 11461 160454 527206 5
2827 189239 189239 4730975 4
2828 21272 191448 1297592 5
2829 173741 3127338 7297122 1
2830 99017 0 5247901 5
2831 69603 208809 2366502 1
2832 145492 145492 6401648 3
2833 82477 1484586 2061925 5
2834 71676 1720224 3368772 4
2835 153750 307500 1076250 5
2836 199590 2794260 14370480 2
2837 142201 284402 8247658 3
2838 69764 418584 2092920 3
2839 32362 226534 1876996 2
2840 143555 1722660 2440435 3
2841 68676 206028 1785576 3
2842 169077 169077 6594003 1
2843 206174 4123480 6185220 1
2844 50622 809952 2429856 1
2845 191177 573531 10514735 4
2846 11737 46948 727694 2
2847 132076 3962280 6603800 5
2848 148660 297320 4757120 1
2849 7475 104650 463450 3
2850 123581 3460268 10627966 3
2851 108435 2710875 2819310 3
2852 184353 4424472 8480238 1
2853 49855 299130 847535 5
2854 8542 76878 281886 3
2855 40412 161648 969888 1
2856 12198 256158 805068 1
2857 55233 110466 165699 3
2858 120103 3603090 5644841 5
2859 176569 1412552 3001673 5
2860 144895 1448950 2463215 3
2861 1044 36540 91872 4
2862 167035 501105 7850645 2
2863 4734 14202 222498 1
2864 35680 428160 1819680 3
2865 180130 1080780 9366760 4
2866 177828 533484 6401808 4
2867 22500 0 1035000 1
2868 101840 611040 6008560 2
2869 14254 299334 955018 3
2870 116000 1392000 3364000 4
2871 197548 0 1185288 2
2872 1160 24360 34800 1
2873 102120 816960 2450880 3
2874 202402 5667256 9310492 1
2875 122821 3930272 6386692 2
2876 61005 2928240 3538290 5
2877 154708 1237664 9437188 3
2878 202272 1415904 7281792 5
2879 130854 2093664 7851240 1
2880 79680 637440 3426240 5
2881 136531 1365310 6553488 3
2882 107663 1076630 2045597 4
2883 171762 0 171762 1
2884 90419 1085028 5334721 1
2885 181619 0 8354474 4
2886 31672 570096 601768 5
2887 56275 1969625 2644925 1
2888 121233 363699 2909592 2
2889 60563 484504 2059142 1
2890 171142 1026852 1882562 1
2891 89750 359000 538500 5
2892 7653 0 45918 4
2893 58181 465448 3141774 5
2894 75331 1807944 2259930 5
2895 166740 833700 5002200 3
2896 176278 7051120 8285066 5
2897 40821 81642 1142988 4
2898 156485 938910 8606675 3
2899 94316 1509056 2074952 5
2900 67830 271320 1763580 2
2901 26256 918960 2258016 3
2902 197543 4741032 13037838 2
2903 190208 5706240 15406848 1
2904 54501 3052056 4251078 1
2905 74297 0 742970 3
2906 23317 139902 909363 2
2907 90651 725208 1087812 5
2908 181114 0 3803394 3
2909 140622 140622 6609234 4
2910 29381 0 411334 4
2911 33697 1179395 2695760 4
2912 111237 1112370 4115769 1
2913 10404 10404 499392 5
2914 126917 2538340 7361186 3
2915 47896 670544 1532672 3
2916 14310 286200 329130 1
2917 10793 64758 248239 2
2918 92534 1850680 3886428 2
2919 106015 2544360 3074435 5
2920 177078 1062468 6906042 4
2921 156019 624076 7644931 4
2922 66895 535160 1471690 2
2923 117576 0 1998792 4
2924 190899 190899 5536071 3
2925 5020 60240 286140 5
2926 50093 901674 3756975 4
2927 107058 1070580 3532914 2
2928 115353 461412 6344415 1
2929 107853 970677 2480619 5
2930 80701 645608 1856123 2
2931 102709 616254 2156889 5
2932 49224 393792 1082928 4
2933 101467 913203 1014670 1
2934 4321 12963 237655 2
2935 202774 4866576 9935926 1
2936 29278 29278 1346788 1
2937 116572 2797728 9558904 5
2938 199710 3994200 15577380 1
2939 143582 143582 7179100 1
2940 21784 326760 827792 4
2941 149143 0 1640573 2
2942 133552 2003280 4407216 3
2943 30682 981824 2423878 1
2944 55315 885040 3374215 5
2945 102046 918414 1224552 3
2946 106149 1273788 5413599 1
2947 37475 449700 637075 4
2948 18194 145552 1037058 2
2949 88048 704384 4402400 2
2950 184249 3869229 14739920 4
2951 156097 2809746 11707275 2
2952 129245 2326410 9305640 5
2953 5754 46032 350994 5
2954 5644 141100 428944 1
2955 206016 1236096 8240640 4
2956 185578 4453872 8536588 4
2957 114209 1713135 3083643 1
2958 75968 759680 3418560 5
2959 111738 335214 6480804 3
2960 100594 1609504 7041580 4
2961 133937 2812677 7098661 2
2962 40623 853083 1259313 1
2963 89196 802764 1516332 4
2964 114808 2755392 8610600 2
2965 184853 7394120 10721474 5
2966 144551 433653 4625632 4
2967 93447 747576 5887161 1
2968 41618 0 1747956 5
2969 177179 885895 7618697 5
2970 64764 0 2007684 1
2971 97284 2334816 2821236 3
2972 12347 197552 246940 4
2973 138082 2209312 7594510 2
2974 16920 84600 236880 3
2975 133863 4819068 11913807 4
2976 115081 2301620 4027835 5
2977 104106 624636 728742 3
2978 48047 0 576564 3
2979 42668 853360 2773420 5
2980 41448 663168 2942808 1
2981 38469 577035 2231202 3
2982 59981 959696 2939069 4
2983 145280 1743360 4213120 2
2984 45530 956130 2822860 3
2985 166104 1328832 2657664 4
2986 27397 0 547940 3
2987 18147 72588 979938 4
2988 142885 285770 2857700 1
2989 9664 57984 434880 4
2990 184673 3878133 5170844 2
2991 145516 0 8585444 3
2992 195789 4111569 14096808 5
2993 158763 5556705 6509283 5
2994 62583 1501992 3692397 4
2995 58959 1886688 4539843 3
2996 106775 2562600 4377775 2
2997 76888 461328 3152408 3
2998 23047 737504 1820713 5
2999 63975 383850 1407450 4
3000 190888 0 2863320 1
3001 100299 702093 2507475 3
3002 131984 5279360 11482608 2
3003 100085 600510 1501275 3
3004 51211 460899 1433908 4
3005 42810 128430 941820 1
3006 198925 3580650 7559150 4
3007 93765 1125180 6094725 4
3008 96728 386912 2321472 3
3009 170251 2553765 8853052 2
3010 172894 4841032 13831520 5
3011 62020 992320 2356760 2
3012 133617 4275744 7883403 5
3013 192630 1155780 3082080 3
3014 147251 1472510 9276813 3
3015 72062 1152992 1657426 5
3016 22878 228780 1532826 5
3017 159222 3821328 8597988 4
3018 114294 0 685764 3
3019 130937 3666236 4975606 2
3020 106794 427176 2456262 4
3021 142367 2277872 4555744 1
3022 127317 763902 2928291 3
3023 201288 2415456 3220608 1
3024 35651 213906 2246013 1
3025 55052 660624 1541456 1
3026 85295 1279425 4520635 3
3027 145294 145294 1162352 4
3028 203122 2437464 4468684 4
3029 98855 2372520 8106110 2
3030 119247 0 6677832 5
3031 205446 410892 2670798 4
3032 134651 269302 5116738 1
3033 70170 140340 4069860 2
3034 99326 3973040 6158212 2
3035 160918 3379278 12873440 1
3036 85264 1023168 2302128 2
3037 194028 776112 10671540 3
3038 158230 949380 9335570 4
3039 66789 2671560 6411744 4
3040 503 12072 20623 2
3041 148017 1184136 7548867 3
3042 2945 41230 55955 3
3043 58325 874875 3149550 2
3044 181375 2539250 7073625 4
3045 146876 1321884 3818776 1
3046 175400 1754000 8594600 1
3047 125835 2013360 8556780 1
3048 76357 3206994 4581420 1
3049 154666 1855992 10207956 4
3050 131956 791736 6729756 4
3051 68863 275452 3167698 2
3052 198074 1188444 7922960 3
3053 169775 509325 1188425 4
3054 167558 837790 1843138 3
3055 11967 287208 634251 2
3056 13445 94115 336125 4
3057 22192 177536 1309328 4
3058 9369 74952 543402 1
3059 150005 1500050 4800160 1
3060 48842 586104 2832836 2
3061 80828 161656 2505668 3
3062 177626 710504 4263024 1
3063 91531 3295116 4942674 4
3064 99024 1980480 6139488 1
3065 204824 4301304 9217080 4
3066 201384 1208304 10471968 1
3067 171200 1712000 10272000 2
3068 69664 696640 2368576 4
3069 139135 1113080 1669620 5
3070 137148 1234332 7817436 4
3071 180455 4330920 5413650 3
3072 199126 1991260 5973780 3
3073 42158 505896 1391214 3
3074 104127 104127 4685715 1
3075 99477 2089017 6366528 1
3076 77144 694296 848584 3
3077 136344 545376 2181504 5
3078 108790 3481280 8920780 5
3079 66071 1321420 2708911 2
3080 155316 1553160 7921116 4
3081 119403 1432836 7402986 3
3082 58639 293195 3518340 5
3083 62009 620090 1488216 2
3084 32420 1296800 2204560 4
3085 199707 798828 10584471 2
3086 4332 30324 164616 2
3087 196079 784316 6078449 5
3088 48058 865044 3556292 2
3089 91778 1284892 6424460 5
3090 131888 2373984 9891600 2
3091 180146 1621314 5764672 4
3092 176220 3700620 6696360 5
3093 129920 3118080 7015680 4
3094 37203 520842 1748541 2
3095 65645 1575480 5251600 2
3096 39040 78080 1249280 1
3097 190537 1524296 9336313 4
3098 49146 294876 1769256 3
3099 146611 1319499 2932220 1
3100 190193 4564632 5515597 3
3101 137879 2068185 8686377 5
3102 80898 242694 566286 2
3103 29149 87447 903619 3
3104 9018 0 351702 5
3105 17920 179200 896000 5
3106 8100 194400 315900 1
3107 85953 171906 3524073 4
3108 171973 5159190 15133624 3
3109 166039 0 3320780 2
3110 154160 2158240 2929040 1
3111 27736 665664 2218880 3
3112 183688 1469504 3306384 4
3113 128349 1540188 5904054 1
3114 169474 3050532 11863180 4
3115 146357 731785 5854280 4
3116 151448 9692672 16810728 1
3117 129649 1037192 1166841 5
3118 170266 340532 4086384 4
3119 111714 1340568 2122566 4
3120 31313 501008 2035345 5
3121 109408 1312896 6892704 3
3122 198679 1589432 5364333 4
3123 13141 197115 538781 2
3124 174499 174499 2268487 2
3125 194641 2335692 13624870 3
3126 186784 4482816 14195584 2
3127 102036 3061080 7244556 4
3128 200985 2009850 11456145 3
3129 11111 22222 555550 2
3130 79604 1194060 5572280 3
3131 204821 1024105 3686778 5
3132 64883 583947 2789969 1
3133 50825 457425 1677225 2
3134 98853 1977060 4547238 3
3135 95693 2679404 5550194 1
3136 36 648 2088 4
3137 145066 1740792 3481584 2
3138 100085 1201020 6305355 4
3139 86663 519978 3033205 1
3140 86668 433340 2080032 2
3141 53010 2120400 3445650 2
3142 51490 514900 2265560 4
3143 194325 388650 10104900 3
3144 52698 316188 2002524 3
3145 64924 194772 3765592 5
3146 6499 103984 409437 4
3147 101175 2023500 6576375 4
3148 119055 952440 1785825 2
3149 34164 102492 614952 1
3150 194566 2334792 8755470 4
3151 136627 3279048 7241231 5
3152 109493 656958 2518339 3
3153 121327 606635 5945023 5
3154 203933 815732 4486526 1
3155 187161 3743220 12539787 4
3156 79023 948276 1027299 2
3157 113467 1134670 6240685 3
3158 113579 1135790 7155477 3
3159 143322 2866440 8169354 4
3160 193220 386440 1545760 3
3161 29291 146455 908021 5
3162 30531 30531 1160178 1
3163 57981 1159620 1623468 2
3164 544 8160 32096 4
3165 192233 12110679 23260193 4
3166 103771 2075420 2179191 4
3167 153240 919440 1838880 2
3168 84328 674624 3710432 4
3169 767 0 19175 3
3170 168934 0 1689340 1
3171 48366 1160784 2079738 5
3172 169439 508317 7116438 5
3173 10980 131760 230580 3
3174 167761 671044 10401182 2
3175 139199 2087985 4732766 5
3176 141029 5641160 9872030 5
3177 173516 1041096 9716896 4
3178 159607 159607 5905459 5
3179 42646 0 597044 4
3180 159140 6365600 13686040 1
3181 185853 9106797 18585300 1
3182 37229 186145 1489160 4
3183 2777 5554 108303 4
3184 63971 511768 4094144 2
3185 185554 3711080 9834362 4
3186 175935 1759350 2814960 5
3187 1020 14280 16320 1
3188 145736 1748832 9618576 3
3189 54997 2694853 3244823 4
3190 184940 7397600 16089780 3
3191 143238 2148570 8880756 5
3192 52277 836432 2091080 4
3193 86016 602112 4902912 4
3194 47716 286296 3053824 5
3195 113788 1024092 2617124 1
3196 138616 2495088 3465400 4
3197 33319 266552 1765907 3
3198 174487 0 872435 1
3199 43227 907767 2636847 3
3200 38920 583800 2218440 1
3201 151025 302050 6947150 4
3202 163448 2288272 11931704 4
3203 205631 616893 8430871 5
3204 137612 825672 6054928 3
3205 54919 1098380 1263137 3
3206 51901 519010 3581169 5
3207 12879 386370 1133352 1
3208 20352 162816 1058304 4
3209 47120 282720 1036640 3
3210 152849 917094 9476638 4
3211 32698 0 915544 5
3212 8811 70488 422928 5
3213 111071 444284 2998917 4
3214 153939 2770902 9852096 5
3215 131874 1054992 3033102 5
3216 134423 806538 2150768 3
3217 98388 1574208 4624236 1
3218 90189 1893969 3517371 5
3219 2434 4868 146040 3
3220 125981 503924 7684841 3
3221 151098 1813176 6195018 2
3222 100994 302982 3635784 2
3223 61885 1732780 4517605 5
3224 145463 3054723 8727780 3
3225 98788 1778184 3260004 1
3226 35379 1273644 2476530 5
3227 95183 761464 5710980 1
3228 183138 1098828 1465104 3
3229 146291 4096148 8923751 5
3230 134964 3239136 6073380 1
3231 138663 2218608 4714542 1
3232 85257 852570 4689135 4
3233 122237 1955792 7700931 4
3234 175553 1053318 7724332 5
3235 70804 2265728 5876732 5
3236 193032 3088512 4053672 4
3237 37924 682632 1175644 2
3238 144521 0 5780840 3
3239 180449 721796 6857062 2
3240 116152 1626128 2090736 4
3241 114287 4114332 8685812 2
3242 90731 1088772 1723889 4
3243 89097 89097 712776 4
3244 30111 180666 993663 5
3245 38783 465396 504179 5
3246 75333 150666 451998 1
3247 84307 1348912 2697824 4
3248 25549 25549 127745 5
3249 203455 610365 5086375 1
3250 72216 361080 1660968 1
3251 4483 8966 125524 1
3252 73746 442476 1179936 5
3253 133152 1065216 6790752 5
3254 9784 156544 547904 4
3255 122953 737718 6270603 4
3256 140958 2537244 5920236 3
3257 139552 2791040 7535808 2
3258 106640 426560 1066400 2
3259 201841 2422092 12715983 4
3260 108945 0 4466745 1
3261 12816 64080 256320 2
3262 61625 0 61625 5
3263 129302 517208 2973946 2
3264 73078 438468 1534638 4
3265 123853 2972472 5573385 5
3266 136726 2871246 8203560 4
3267 11116 177856 600264 1
3268 31188 935640 1871280 4
3269 49491 742365 1088802 3
3270 186807 934035 7659087 1
3271 172912 2074944 3458240 1
3272 91997 643979 3035901 3
3273 121209 242418 2302971 2
3274 100203 1402842 3707511 2
3275 99960 1199520 1499400 1
3276 111751 1564514 6481558 2
3277 18074 90370 542220 4
3278 102424 3584840 7272104 2
3279 73784 1106760 4427040 5
3280 177568 3728928 3906496 4
3281 130633 0 4049623 5
3282 26936 646464 1400672 3
3283 165584 1987008 5795440 1
3284 149508 4485240 6428844 2
3285 37676 1130280 1431688 2
3286 40892 245352 2044600 5
3287 138862 3471550 9998064 3
3288 146109 292218 5552142 3
3289 125903 755418 1636739 3
3290 182458 1642122 4926366 4
3291 21029 294406 630870 3
3292 165273 495819 3636006 2
3293 10539 158085 685035 1
3294 107910 1618650 7985340 2
3295 64974 1169532 1364454 5
3296 150690 4219320 10548300 4
3297 122414 4406904 11262088 5
3298 177386 1773860 7095440 5
3299 69390 1457190 1665360 2
3300 179852 539556 8453044 4
3301 65581 786972 3016726 3
3302 188879 2266548 12088256 3
3303 9411 65877 338796 4
3304 136639 819834 4372448 3
3305 27254 953890 2071304 3
3306 180938 723752 5428140 5
3307 196957 3939140 11423506 4
3308 31365 376380 1097775 2
3309 28701 574020 1635957 2
3310 3582 10746 96714 1
3311 7163 171912 508573 1
3312 190146 3422628 5704380 3
3313 69764 279056 3209144 5
3314 117410 587050 5400860 3
3315 27179 81537 1304592 2
3316 33334 1166690 1266692 1
3317 61544 2154040 3631096 3
3318 176063 3169134 8627087 3
3319 163716 327432 7694652 5
3320 143667 574668 3591675 1
3321 78233 938796 2034058 3
3322 147047 8234632 15586982 3
3323 201009 804036 5628252 5
3324 119359 1909744 4058206 4
3325 104118 208236 3019422 3
3326 109511 876088 1533154 5
3327 45612 0 821016 1
3328 191331 5739930 7270578 3
3329 21658 173264 714714 5
3330 180406 2706090 6675022 4
3331 127840 383520 3707360 1
3332 80019 1440342 4481064 2
3333 7517 90204 217993 4
3334 61165 611650 1100970 2
3335 188626 754504 6413284 1
3336 139402 1672824 1812226 2
3337 132115 1056920 4888255 1
3338 22024 198216 682744 4
3339 51698 620376 3308672 5
3340 161378 5164096 12103350 4
3341 180028 6481008 10081568 3
3342 45278 543336 2716680 1
3343 27355 164130 492390 5
3344 197206 591618 6902210 2
3345 81587 1223805 5955851 4
3346 150324 300648 601296 1
3347 139441 836646 9063665 2
3348 18087 144696 560697 4
3349 150686 301372 6178126 4
3350 10881 21762 174096 4
3351 123670 989360 6183500 2
3352 43837 306859 350696 2
3353 96918 1163016 2229114 1
3354 206189 1649512 7835182 3
3355 65435 392610 3075445 5
3356 81720 735480 3513960 1
3357 66687 2334045 3667785 1
3358 9162 219888 595530 1
3359 38771 1356985 2093634 2
3360 105517 3376544 3587578 1
3361 46907 1172675 1266489 2
3362 5025 50250 306525 5
3363 6131 110358 171668 5
3364 149680 898080 5987200 3
3365 64169 0 577521 2
3366 138498 1107984 1523478 1
3367 187993 3947853 8647678 5
3368 202266 4247586 7888374 2
3369 56429 395003 733577 4
3370 13864 27728 180232 2
3371 144331 3463944 5340247 2
3372 19809 198090 257517 3
3373 183879 4413096 10848861 4
3374 57417 1148340 1837344 5
3375 73051 1314918 2922040 1
3376 5109 178815 388284 4
3377 54802 109604 2959308 4
3378 164965 1484685 5113915 4
3379 49280 1182720 1921920 3
3380 175515 3510300 6845085 1
3381 128034 1024272 4225122 2
3382 104478 1253736 2507472 2
3383 135420 812520 7177260 5
3384 7859 125744 133603 4
3385 15824 0 126592 2
3386 15855 0 491505 2
3387 6181 18543 74172 4
3388 177173 4252152 12933629 1
3389 98046 3431610 7255404 3
3390 189725 0 2086975 1
3391 87758 526548 965338 4
3392 2982 71568 131208 3
3393 126231 0 3282006 3
3394 133210 799260 7592970 2
3395 148954 0 6256068 3
3396 80534 1932816 5556846 3
3397 60606 121212 3575754 4
3398 35626 249382 1175658 2
3399 26891 80673 349583 1
3400 143749 1149992 9056187 1
3401 19605 176445 823410 1
3402 57717 3693888 5887134 5
3403 54677 164031 328062 5
3404 89876 1887396 6650824 5
3405 105094 840752 1891692 4
3406 181828 363656 9273228 5
3407 145505 873030 4365150 3
3408 139774 838644 1956836 1
3409 126498 2276964 7589880 2
3410 170103 2041236 6974223 2
3411 128796 3091104 10432476 1
3412 122616 7847424 13119912 3
3413 134600 4307200 9152800 2
3414 146500 1172000 5274000 1
3415 105223 2209683 7470833 3
3416 121741 730446 1947856 5
3417 109149 982341 5457450 1
3418 87889 1318335 2373003 4
3419 36901 885624 2583070 4
3420 47040 329280 3057600 3
3421 87029 1044348 5569856 5
3422 161286 645144 9193302 4
3423 95303 2859090 6385301 2
3424 173161 6060635 8831211 5
3425 61549 738588 1723372 3
3426 112795 451180 2594285 1
3427 119550 4184250 9444450 4
3428 47381 47381 2748098 2
3429 24662 295944 369930 5
3430 13149 210384 539109 5
3431 187516 3000256 12563572 5
3432 122989 3443692 7625318 4
3433 140467 0 4635411 3
3434 58668 1232028 2698728 1
3435 118832 1782480 7248752 4
3436 123771 371313 2970504 3
3437 67536 202608 607824 1
3438 147663 4725216 9155106 5
3439 31873 191238 1944253 4
3440 84665 423325 4063920 1
3441 181348 10155488 11787620 5
3442 59973 359838 1859163 3
3443 36805 772905 1803445 3
3444 25030 450540 1927310 3
3445 1464 8784 43920 2
3446 34582 69164 1971174 3
3447 117845 1649830 2239055 4
3448 79474 1271584 2304746 5
3449 166219 1994628 6814979 1
3450 199763 1598104 11586254 1
3451 55482 221928 2996028 3
3452 1594 0 1594 2
3453 177371 1241597 8336437 4
3454 179594 1257158 6106196 4
3455 129521 1036168 3626588 5
3456 113121 4524840 5316687 1
3457 204954 1229724 4713942 1
3458 42275 295925 1310525 2
3459 34301 686020 1920856 4
3460 165867 0 3980808 1
3461 174148 174148 5398588 3
3462 104176 1458464 3750336 1
3463 84169 168338 4124281 3
3464 52815 316890 1003485 4
3465 82526 495156 742734 5
3466 196737 4721688 12787905 4
3467 29548 59096 1477400 2
3468 133906 0 3481556 4
3469 24025 240250 696725 1
3470 157600 472800 788000 1
3471 32316 193896 1615800 5
3472 73059 3068478 3214596 4
3473 84637 677096 2793021 1
3474 75332 903984 2033964 4
3475 142985 0 8007160 3
3476 46725 186900 2896950 4
3477 110284 441136 6286188 1
3478 40153 120459 2449333 5
3479 1046 5230 37656 4
3480 128447 1541364 8220608 3
3481 30681 122724 1748817 3
3482 9581 86229 325754 1
3483 95451 1909020 6299766 4
3484 8671 346840 476905 5
3485 113685 1818960 3524235 3
3486 183342 733368 2566788 4
3487 117199 703194 3164373 2
3488 181237 1812370 4168451 1
3489 1975 27650 39500 4
3490 142606 3992968 6845088 5
3491 191209 4589016 4780225 3
3492 26845 134225 1691235 3
3493 91463 1097556 6493873 4
3494 137627 1376270 8808128 3
3495 8225 49350 82250 2
3496 132608 1591296 3580416 5
3497 172511 5520352 13800880 5
3498 97678 1562848 3223374 3
3499 94881 379524 474405 2
3500 109436 1641540 5690672 2
