0001 58886 529974 1825466 2
0002 40586 243516 365274 3
0003 10364 124368 176188 1
0004 30610 61220 1132570 3
0005 68928 0 1861056 1
0006 63279 126558 2214765 4
0007 26904 161424 511176 3
0008 65862 1317240 3227238 4
0009 36079 216474 1298844 4
0010 49579 495790 892422 1
0011 75296 602368 3388320 5
0012 67380 336900 1212840 5
0013 87161 2091864 4968177 4
0014 39962 159848 1878214 2
0015 69436 416616 833232 4
0016 49631 595572 1389668 4
0017 70409 844908 2323497 3
0018 69413 0 1665912 2
0019 2983 59660 116337 4
0020 59189 236756 1479725 2
0021 41731 333848 1752702 1
0022 27178 163068 434848 3
0023 77807 466842 3267894 2
0024 20926 0 899818 3
0025 55313 1659390 3097528 5
0026 13826 248868 566866 5
0027 2458 4916 31954 5
0028 19946 39892 359028 2
0029 9696 38784 193920 1
0030 53303 1865605 3144877 1
0031 37592 75184 676656 2
0032 42553 765954 851060 1
0033 33295 299655 1664750 3
0034 77982 779820 3587172 4
0035 80129 560903 3685934 3
0036 78672 236016 1888128 3
0037 47164 282984 1933724 3
0038 45874 2247826 3348802 4
0039 87974 2463272 3167064 5
0040 74745 1868625 2018115 3
0041 37667 75334 376670 4
0042 10864 130368 184688 2
0043 5085 40680 55935 2
0044 43569 914949 1481346 5
0045 74822 1047508 4339676 1
0046 66488 664880 797856 3
0047 54074 324444 1135554 1
0048 76190 1371420 1752370 5
0049 11999 287976 599950 1
0050 5811 81354 156897 1
0051 21502 516048 1311622 3
0052 42161 505932 801059 3
0053 74363 3346335 5577225 3
0054 72492 144984 3189648 3
0055 2121 42420 110292 3
0056 33876 711396 1693800 3
0057 18872 339696 792624 4
0058 55606 222424 2057422 3
0059 19499 818958 1618417 3
0060 43978 615692 2462768 1
0061 20951 251412 984697 2
0062 13632 81792 218112 5
0063 4105 16420 151885 4
0064 12785 153420 690390 1
0065 81687 980244 4247724 1
0066 24223 581352 823582 5
0067 21032 883344 1346048 3
0068 73891 295564 517237 2
0069 23203 162421 742496 1
0070 4719 94380 127413 4
0071 53841 484569 1130661 3
0072 22138 66414 1040486 5
0073 84582 676656 3129534 5
0074 80060 400300 1200900 5
0075 64429 902006 2512731 1
0076 73522 661698 2646792 5
0077 46247 138741 416223 1
0078 3046 36552 161438 1
0079 19658 275212 511108 4
0080 38638 463656 1661434 2
0081 73812 1328616 1697676 2
0082 31481 377772 566658 2
0083 32009 96027 576162 5
0084 74099 889188 2889861 1
0085 11655 0 11655 5
0086 83912 671296 1342592 1
0087 62303 1869090 2429817 2
0088 81270 325080 3169530 3
0089 40895 40895 940585 4
0090 61693 1110474 3331422 2
0091 58165 232660 2326600 3
0092 66946 937244 3280354 5
0093 47322 283932 2176812 4
0094 77309 927708 1159635 3
0095 82639 1487502 3057643 5
0096 14532 174384 523152 1
0097 11887 249627 380384 3
0098 38311 383110 1992172 4
0099 6595 79140 204445 1
0100 1341 12069 60345 2
0101 41326 206630 289282 5
0102 17694 212328 442350 5
0103 51225 512250 2049000 5
0104 35453 744513 1453573 2
0105 48767 877806 1170408 3
0106 5607 11214 229887 3
0107 81857 654856 2046425 2
0108 74159 1853975 2298929 4
0109 52978 105956 2172098 4
0110 70867 2126010 4393754 4
0111 33349 133396 1434007 3
0112 32505 195030 975150 5
0113 17831 213972 481437 1
0114 85941 1718820 2921994 5
0115 16025 560875 1217900 3
0116 78275 1408950 1722050 3
0117 49368 592416 1234200 1
0118 80098 2402940 5767056 2
0119 9801 156816 343035 3
0120 77114 925368 3393016 3
0121 82146 821460 1150044 4
0122 84974 1699480 4163726 1
0123 35826 429912 1576344 2
0124 60208 180624 903120 4
0125 83423 1001076 2669536 4
0126 47046 940920 2305254 2
0127 59741 238964 1851971 4
0128 53177 531770 2286611 4
0129 4765 119125 295430 3
0130 21259 85036 786583 2
0131 13790 248220 565390 2
0132 83493 2922255 5176566 2
0133 9486 18972 37944 2
0134 43119 301833 991737 5
0135 54099 162297 270495 3
0136 61309 735708 2023197 2
0137 34371 824904 859275 3
0138 37831 151324 907944 5
0139 86925 2433900 4172400 4
0140 15354 30708 429912 2
0141 29448 176688 1413504 1
0142 8763 17526 306705 1
0143 51458 617496 2418526 5
0144 69171 345855 2905182 2
0145 19966 359388 858538 4
0146 24111 120555 1133217 2
0147 62615 313075 2692445 2
0148 20076 562128 1244712 3
0149 16582 580370 679862 5
0150 33741 843525 1822014 4
0151 66689 1867292 4401474 5
0152 73205 439230 2928200 2
0153 66255 132510 2385180 5
0154 6349 12698 133329 1
0155 21843 87372 109215 1
0156 71980 431880 2087420 4
0157 61939 619390 1610414 4
0158 2594 36316 85602 5
0159 11526 115260 530196 2
0160 83506 1753626 3256734 5
0161 40717 81434 203585 4
0162 64907 259628 454349 1
0163 39538 474456 1304754 4
0164 60514 242056 605140 1
0165 50189 100378 853213 4
0166 68543 274172 822516 4
0167 37369 74738 261583 4
0168 71807 861684 2728666 3
0169 64391 450737 2768813 5
0170 75665 1891625 3707585 3
0171 87017 2088408 5308037 3
0172 67610 1419810 2636790 1
0173 30267 60534 302670 4
0174 65818 2369448 5199622 5
0175 87900 263700 791100 3
0176 73980 147960 2885220 2
0177 33819 676380 2164416 2
0178 6472 58248 90608 2
0179 23553 211977 989226 2
0180 59663 238652 2207531 5
0181 71801 143602 1795025 3
0182 17979 71916 575328 1
0183 54216 1897560 2927664 1
0184 20664 123984 764568 5
0185 60092 2163312 4266532 4
0186 1048 12576 37728 5
0187 18568 0 594176 4
0188 15685 47055 392125 5
0189 18966 796572 1194858 3
0190 8501 76509 161519 1
0191 42038 630570 2059862 5
0192 79210 792100 3406030 1
0193 85664 256992 2484256 5
0194 56543 395801 508887 4
0195 63204 568836 2844180 5
0196 84085 336340 3531570 1
0197 6741 80892 128079 1
0198 48882 391056 2150808 5
0199 66346 995190 1260574 2
0200 65359 588231 1241821 3
0201 30283 90849 1211320 1
0202 3723 7446 52122 4
0203 17660 741720 1289180 3
0204 5831 87465 297381 4
0205 76662 383310 3066480 2
0206 15578 93468 109046 3
0207 58910 412370 2886590 2
0208 19020 57060 741780 5
0209 72552 870624 3047184 4
0210 44499 0 1957956 4
0211 75741 908892 3635568 1
0212 76118 304472 2588012 1
0213 51564 257820 2423508 4
0214 16639 33278 648921 3
0215 41091 1150548 1273821 2
0216 20879 584612 709886 5
0217 40532 851172 2067132 2
0218 84144 841440 2019456 2
0219 74155 1112325 2595425 4
0220 5277 31662 131925 3
0221 49313 98626 1479390 5
0222 60586 2120510 2665784 5
0223 40222 965328 1850212 2
0224 20170 80680 746290 2
0225 616 0 25256 5
0226 13370 106960 267400 2
0227 52265 731710 2404190 5
0228 48194 192776 1108462 3
0229 27185 652440 1087400 1
0230 84133 673064 1093729 4
0231 11520 23040 322560 4
0232 49296 591552 887328 4
0233 51026 1428728 1530780 3
0234 73223 0 1830575 4
0235 16032 192384 657312 1
0236 51637 0 1136014 3
0237 28167 1183014 2422362 1
0238 87011 870110 4524572 3
0239 19371 77484 523017 1
0240 82477 1319632 3958896 2
0241 25329 709212 1595727 3
0242 20971 251652 314565 5
0243 80427 1688967 3136653 2
0244 71142 1280556 1920834 4
0245 61197 61197 489576 3
0246 59833 59833 1435992 5
0247 62861 1760108 3708799 1
0248 58007 58007 638077 3
0249 46709 1261143 2195323 1
0250 35850 179250 1613250 1
0251 15936 254976 637440 3
0252 2634 63216 79020 4
0253 54127 1136667 1353175 2
0254 86915 1303725 4867240 3
0255 44808 1433856 2733288 3
0256 58447 175341 2337880 5
0257 15791 189492 426357 3
0258 27557 55114 661368 5
0259 2460 7380 113160 3
0260 81619 163238 1795618 3
0261 86327 86327 3453080 1
0262 55357 1107140 2324994 4
0263 74470 223410 2308570 2
0264 65943 1846404 3363093 3
0265 22551 405918 1353060 1
0266 19529 234348 527283 4
0267 46908 844344 938160 1
0268 16785 251775 419625 1
0269 78210 2737350 5709330 3
0270 799 3196 9588 4
0271 86956 0 1739120 2
0272 5966 53694 268470 3
0273 29086 814408 1308870 3
0274 60848 547632 2007984 2
0275 79537 477222 1749814 4
0276 27254 572334 1008398 3
0277 59574 1251054 3455292 1
0278 15711 377064 597018 3
0279 37865 189325 1552465 5
0280 79008 948096 4108416 1
0281 52833 316998 2324652 4
0282 10673 0 85384 3
0283 25900 103600 1010100 5
0284 56812 1988420 3635968 4
0285 42651 426510 1919295 1
0286 60094 600940 1021598 2
0287 1379 20685 67571 4
0288 16872 134976 809856 3
0289 4312 25872 129360 2
0290 76909 307636 845999 5
0291 35742 1250970 1930068 5
0292 28889 144445 433335 1
0293 79470 158940 1589400 3
0294 60670 485360 849380 4
0295 68742 206226 2199744 1
0296 77096 308384 2929648 1
0297 16075 257200 401875 1
0298 35059 210354 841416 3
0299 22196 799056 1376152 2
0300 25683 513660 898905 3
0301 32118 192708 578124 2
0302 55555 111110 2388865 2
0303 75905 0 2049435 3
0304 79430 238290 1588600 3
0305 63180 189540 1137240 5
0306 86209 172418 1896598 3
0307 78944 947328 2763040 1
0308 7862 23586 235860 2
0309 64141 769692 3142909 1
0310 60631 363786 1637037 3
0311 4733 141990 198786 4
0312 25557 178899 536697 4
0313 49412 592944 1927068 1
0314 84781 1017372 4747736 3
0315 86199 86199 1292985 4
0316 60912 60912 2253744 4
0317 66910 535280 1271290 1
0318 56499 451992 1186479 2
0319 35518 426216 994504 4
0320 41912 502944 1173536 4
0321 83179 831790 1247685 4
0322 8153 163060 358732 3
0323 68205 136410 1977945 3
0324 60575 848050 2362425 4
0325 78491 941892 2982658 4
0326 76039 228117 3193638 2
0327 52752 791280 1266048 3
0328 8434 134944 430134 5
0329 1928 38560 71336 4
0330 35635 0 356350 5
0331 38852 466224 1049004 5
0332 74075 592600 1259275 1
0333 8387 25161 41935 4
0334 86854 521124 3908430 4
0335 84981 339924 3144297 3
0336 40871 817420 1512227 3
0337 29816 417424 655952 5
0338 8941 0 35764 2
0339 24443 342202 659961 3
0340 77331 231993 2706585 4
0341 44170 88340 1148420 5
0342 12793 0 63965 3
0343 42741 897561 2436237 5
0344 65507 2292745 3209843 3
0345 54437 108874 707681 2
0346 6015 126315 144360 3
0347 24036 72108 1105656 2
0348 31137 1525713 2304138 4
0349 70666 423996 3462634 2
0350 67555 270220 1959095 3
0351 36806 0 993762 3
0352 60286 241144 1205720 4
0353 28867 346404 1270148 2
0354 1002 7014 38076 2
0355 33908 203448 678160 4
0356 20611 309165 391609 3
0357 72749 509243 1382231 4
0358 86538 1211532 3894210 4
0359 34681 520215 1907455 3
0360 55050 1101000 2036850 3
0361 24999 874965 1774929 3
0362 25437 381555 1500783 1
0363 20398 244776 917910 5
0364 15804 237060 853416 3
0365 22365 111825 1051155 3
0366 36354 145416 254478 4
0367 32964 692244 1813020 3
0368 14445 28890 505575 4
0369 47613 952260 1333164 1
0370 29247 350964 935904 4
0371 389 8169 24118 2
0372 82898 497388 2155348 2
0373 48705 389640 1899495 1
0374 82398 329592 1647960 3
0375 21952 0 724416 1
0376 34664 727944 1698536 4
0377 44702 938742 2011590 5
0378 3985 27895 143460 2
0379 3371 26968 124727 1
0380 70708 565664 2757612 5
0381 46746 981666 1963332 2
0382 195 3120 5655 2
0383 4507 18028 202815 2
0384 78392 2194976 5565832 4
0385 66847 0 1537481 1
0386 6127 24508 220572 5
0387 14777 118216 709296 1
0388 38576 462912 925824 5
0389 36699 330291 1871649 1
0390 4485 62790 183885 1
0391 82928 248784 1907344 5
0392 46736 560832 1635760 3
0393 6055 145320 351190 3
0394 3270 39240 75210 3
0395 81058 324232 1864334 1
0396 38956 467472 1791976 4
0397 66299 132598 2055269 2
0398 74397 3124674 3719850 3
0399 55485 1109700 3329100 3
0400 68987 965818 2759480 5
0401 84373 168746 3121801 1
0402 11446 34338 160244 5
0403 36599 146396 1610356 1
0404 79455 2780925 5879670 3
0405 29505 265545 1357230 4
0406 55010 330060 1100200 1
0407 28833 0 230664 1
0408 52433 629196 2569217 1
0409 3405 68100 163440 1
0410 9442 113304 472100 4
0411 19813 118878 356634 3
0412 78587 1178805 4086524 4
0413 66840 334200 401040 4
0414 27402 137010 602844 2
0415 47958 383664 1918320 5
0416 38433 269031 1652619 3
0417 24161 48322 724830 2
0418 31640 474600 569520 1
0419 22516 135096 1125800 1
0420 21749 761215 1413685 1
0421 73075 584600 2192250 4
0422 84430 253290 3630490 1
0423 1417 17004 38259 2
0424 21739 652170 978255 1
0425 14567 305907 932288 5
0426 79679 398395 1513901 5
0427 12040 36120 553840 3
0428 30394 91182 577486 3
0429 77630 465780 1552600 4
0430 5717 0 62887 5
0431 78360 0 3291120 1
0432 51496 1029920 1802360 2
0433 16340 196080 343140 3
0434 28275 791700 1837875 2
0435 60401 362406 3020050 3
0436 52159 521590 625908 1
0437 13384 26768 200760 2
0438 54084 324504 703092 3
0439 52574 52574 1314350 2
0440 55514 999252 2553644 4
0441 26094 313128 1330794 4
0442 50660 1773100 2887620 2
0443 46318 463180 1204268 2
0444 84699 1016388 2710368 4
0445 66253 265012 2318855 1
0446 26645 639480 905930 5
0447 66776 200328 600984 4
0448 64656 581904 1745712 5
0449 60087 480696 1622349 1
0450 18119 289904 869712 5
0451 46487 92974 1069201 3
0452 62475 749700 2436525 5
0453 79807 638456 957684 3
0454 71552 357760 3219840 3
0455 71515 357575 1787875 2
0456 77601 2328030 5509671 1
0457 9546 114552 505938 1
0458 46539 1303092 2513106 1
0459 22804 45608 684120 1
0460 18626 223512 447024 4
0461 33445 702345 1137130 3
0462 23498 281976 1151402 4
0463 24596 590304 1033032 4
0464 60757 303785 1822710 5
0465 18468 554040 794124 5
0466 29937 718488 1377102 1
0467 37986 113958 1063608 4
0468 56969 284845 2620574 1
0469 45973 643622 2620461 3
0470 80819 1131466 2909484 1
0471 8639 120946 354199 3
0472 62254 1743112 3610732 4
0473 7888 63104 220864 1
0474 60130 360780 781690 3
0475 72582 2032296 2903280 2
0476 1043 3129 37548 1
0477 62956 1888680 2140504 3
0478 37834 454008 1626862 4
0479 30538 244304 824526 3
0480 732 0 13908 1
0481 72042 1296756 3530058 1
0482 3105 46575 176985 3
0483 51343 821488 2156406 4
0484 28390 596190 1646620 5
0485 80124 560868 2724216 4
0486 87702 350808 3420378 5
0487 20512 82048 184608 3
0488 71300 213900 1782500 5
0489 81807 572649 981684 2
0490 29661 474576 889830 5
0491 57055 684660 1483430 5
0492 33518 201108 1005540 2
0493 62378 748536 1684206 4
0494 28840 201880 1038240 4
0495 54590 1910650 4203430 1
0496 70353 1407060 3588003 2
0497 85216 1022592 2897344 3
0498 22446 269352 538704 4
0499 52741 738374 2267863 1
0500 42628 852560 2387168 3
0501 27497 164982 769916 5
0502 63682 573138 2037824 1
0503 78699 2203572 3777552 2
0504 34404 688080 963312 1
0505 169 3380 5746 2
0506 74927 2622445 5694452 3
0507 73062 0 730620 1
0508 38673 232038 1430901 5
0509 64624 387744 452368 4
0510 32181 193086 225267 5
0511 77207 1544140 4400799 3
0512 83629 418145 836290 1
0513 20568 0 123408 1
0514 45762 0 366096 1
0515 50699 304194 2433552 5
0516 62824 1319304 1507776 1
0517 21596 453516 1252568 3
0518 15510 186120 341220 4
0519 65761 1972830 3814138 5
0520 19647 412587 491175 1
0521 25844 258440 1240512 1
0522 73551 147102 2868489 5
0523 69229 1384580 4015282 2
0524 46995 93990 610935 3
0525 76461 1529220 3899511 1
0526 23052 484092 1267860 4
0527 16656 133248 383088 3
0528 30919 649299 1236760 3
0529 83658 501948 3513636 2
0530 10005 400200 790395 2
0531 37200 520800 1599600 4
0532 72754 2182620 2473636 5
0533 72098 432588 2956018 4
0534 73689 1326402 2726493 1
0535 53247 1064940 3248067 2
0536 70306 421836 3515300 1
0537 87662 613634 4032452 5
0538 48163 866934 1300401 5
0539 25019 500380 975741 5
0540 21075 0 800850 5
0541 43561 1219708 2570099 5
0542 24939 299268 1346706 5
0543 61443 245772 2642049 4
0544 57104 114208 2169952 3
0545 13917 208755 681933 2
0546 38792 2172352 2870608 2
0547 30322 909660 2001252 1
0548 15444 231660 432432 2
0549 59976 239904 779688 2
0550 24080 240800 361200 3
0551 48441 145323 1501671 1
0552 76615 1608915 4443670 3
0553 21192 169536 741720 4
0554 82110 1477980 4269720 5
0555 27607 331284 938638 1
0556 10166 0 71162 2
0557 26454 211632 476172 2
0558 3774 60384 135864 4
0559 61394 1473456 3192488 3
0560 43770 525240 2144730 1
0561 48321 773136 2754297 2
0562 10181 0 61086 5
0563 43599 915579 1046376 2
0564 29220 818160 1168800 3
0565 31647 379764 917763 3
0566 65158 65158 977370 4
0567 38605 463260 1968855 3
0568 46080 276480 1059840 2
0569 60311 1447464 1688708 5
0570 21777 130662 609756 3
0571 45159 677385 812862 3
0572 35914 71828 107742 2
0573 29864 1045240 1851568 5
0574 52978 794670 2913790 2
0575 41166 246996 1687806 1
0576 14595 87570 350280 1
0577 78552 235656 1649592 3
0578 55051 990918 2202040 3
0579 45696 913920 1873536 2
0580 51144 767160 1125168 5
0581 33641 134564 403692 1
0582 68671 1922788 4738299 4
0583 56152 0 1403800 3
0584 42502 1020048 2720128 3
0585 210 5880 14280 1
0586 43632 1047168 2966976 2
0587 22693 226930 953106 1
0588 57816 0 1618848 1
0589 29256 0 906936 2
0590 70535 423210 1269630 4
0591 64765 1165770 1878185 2
0592 16217 48651 518944 3
0593 76638 2682330 5211384 3
0594 19524 488100 1230012 3
0595 54256 325536 2278752 3
0596 20054 100270 661782 2
0597 70895 2481325 3757435 3
0598 26645 399675 852640 3
0599 34605 138420 519075 5
0600 64585 387510 516680 4
0601 9954 49770 238896 5
0602 49052 1471560 1765872 5
0603 87947 351788 2814304 3
0604 12897 193455 425601 1
0605 72448 2173440 3187712 4
0606 60898 1826940 2070532 3
0607 65904 593136 1779408 1
0608 9355 65485 84195 5
0609 7653 107142 275508 1
0610 40939 491268 1432865 1
0611 28901 173406 1213842 4
0612 12545 125450 614705 3
0613 16062 0 706728 5
0614 55975 279875 2239000 2
0615 67324 1683100 2625636 2
0616 42115 336920 884415 5
0617 60674 728088 788762 3
0618 25204 529284 1260200 3
0619 40800 163200 775200 4
0620 35689 713780 1570316 4
0621 56664 0 1246608 5
0622 69042 1657008 4142520 3
0623 6452 96780 225820 3
0624 60712 424984 667832 5
0625 26089 652225 939204 4
0626 40892 572488 654272 4
0627 1118 6708 36894 1
0628 40467 242802 1133076 1
0629 79124 632992 1978100 4
0630 43192 518304 777456 3
0631 33488 1004640 1506960 1
0632 65245 913430 2740290 3
0633 61354 920310 2944992 3
0634 62323 498584 1433429 5
0635 5568 44544 66816 2
0636 41507 124521 1950829 1
0637 81213 324852 1867899 5
0638 70222 1263996 3721766 3
0639 71084 2985528 3696368 4
0640 75998 303992 683982 4
0641 41859 209295 1925514 4
0642 10899 130788 566748 3
0643 69155 138310 1175635 4
0644 33827 541232 1995793 3
0645 54933 164799 2307186 4
0646 47694 667716 810798 1
0647 1142 3426 38828 4
0648 19665 78660 904590 5
0649 14176 56704 637920 4
0650 3000 84000 141000 3
0651 18461 110766 756901 5
0652 31916 63832 414908 5
0653 61289 612890 1899959 5
0654 13395 267900 790305 4
0655 24403 390448 780896 3
0656 75928 1594488 1974128 4
0657 73180 219540 3366280 5
0658 25717 154302 231453 3
0659 31804 763296 1653808 3
0660 80546 241638 886006 1
0661 70361 140722 1970108 5
0662 34429 206574 482006 1
0663 39353 118059 747707 3
0664 67823 135646 271292 2
0665 26658 159948 506502 4
0666 23222 92888 441218 1
0667 67007 67007 1943203 1
0668 5117 107457 184212 4
0669 25049 150294 701372 4
0670 39682 476184 1428552 5
0671 19220 230640 269080 4
0672 54744 328464 985392 3
0673 64831 518648 2982226 1
0674 72811 436866 509677 2
0675 24800 223200 1314400 2
0676 33137 132548 1126658 4
0677 66854 668540 1871912 4
0678 32611 130444 1304440 2
0679 29786 238288 1161654 2
0680 19343 154744 560947 1
0681 15681 78405 203853 4
0682 80420 80420 2493020 5
0683 28180 507240 986300 1
0684 53949 971082 2697450 1
0685 86145 1033740 2756640 4
0686 11652 244692 710772 5
0687 59552 714624 833728 2
0688 62732 313660 1756496 3
0689 84679 677432 1100827 3
0690 50350 604200 2265750 3
0691 22739 795865 1682686 2
0692 38379 268653 1151370 4
0693 51129 306774 511290 1
0694 8419 353598 530397 5
0695 49914 199656 898452 3
0696 17870 0 411010 5
0697 41103 287721 1726326 2
0698 13593 40779 163116 3
0699 36655 586480 806410 4
0700 87020 1392320 4699080 2
0701 17931 53793 233103 2
0702 9915 416430 842775 3
0703 63103 0 567927 2
0704 36584 365840 1060936 1
0705 49517 495170 841789 5
0706 71373 570984 713730 5
0707 31621 948630 2055365 1
0708 45809 549708 1649124 1
0709 83714 1506852 1757994 4
0710 56507 1582196 2599322 5
0711 52718 1845130 3110362 3
0712 58707 939312 2465694 3
0713 48014 192056 576168 5
0714 633 3798 12027 3
0715 30539 30539 1282638 2
0716 43872 131616 965184 4
0717 35524 35524 1243340 1
0718 4345 152075 334565 2
0719 81939 491634 4096950 2
0720 29095 29095 174570 2
0721 9628 77024 462144 3
0722 47545 142635 1283715 1
0723 14371 57484 517356 2
0724 85153 510918 3491273 5
0725 35021 420252 1015609 3
0726 58028 1450700 2727316 5
0727 84379 506274 4218950 1
0728 47037 423333 1928517 4
0729 26686 213488 240174 5
0730 51233 204932 1229592 1
0731 5533 38731 232386 4
0732 56402 112804 507618 3
0733 84848 169696 2545440 4
0734 40479 1416765 2793051 2
0735 25917 362838 622008 1
0736 57883 115766 1041894 2
0737 3136 47040 97216 1
0738 75552 1888800 2946528 1
0739 44732 1073568 2191868 1
0740 5443 228606 408225 5
0741 72339 651051 2314848 5
0742 83839 335356 3940433 2
0743 20714 289996 517850 3
0744 72612 1524852 1887912 3
0745 35270 740670 1798770 1
0746 49698 298188 844866 2
0747 54752 1149792 2244832 1
0748 38454 153816 499902 2
0749 30516 183096 457740 3
0750 6431 64310 135051 2
0751 30334 0 1243694 3
0752 34994 419928 524910 2
0753 15217 30434 76085 2
0754 18524 277860 389004 5
0755 52057 520570 1041140 3
0756 65385 2288475 4053870 1
0757 43412 1519420 1736480 4
0758 8522 42610 392012 1
0759 25251 631275 984789 3
0760 63474 444318 3110226 1
0761 22902 183216 435138 4
0762 86906 260718 1738120 5
0763 76266 76266 3431970 3
0764 87908 1582344 5450296 3
0765 43589 523068 871780 2
0766 53579 964422 1285896 4
0767 85862 0 1202068 2
0768 3270 26160 35970 3
0769 9126 447174 574938 5
0770 16689 267024 817761 4
0771 39678 119034 833238 1
0772 22786 319004 979798 2
0773 45107 811926 1759173 4
0774 30934 0 433076 1
0775 37361 224166 1830689 2
0776 42288 507456 2241264 1
0777 7035 56280 358785 4
0778 70689 424134 989646 4
0779 10391 83128 270166 3
0780 40584 487008 527592 3
0781 26745 320940 454665 3
0782 52611 368277 1788774 2
0783 18718 393078 1104362 4
0784 53772 322632 645264 3
0785 12105 36315 375255 4
0786 70485 281940 2960370 5
0787 41325 413250 578550 3
0788 12303 442908 455211 2
0789 57535 402745 2071260 3
0790 53167 1276008 3455855 5
0791 87521 525126 1225294 4
0792 50783 609396 964877 1
0793 20176 706160 1271088 2
0794 5983 143592 358980 3
0795 10714 85712 257136 5
0796 26407 79221 1241129 3
0797 87323 698584 3842212 2
0798 65112 0 1497576 5
0799 14001 168012 196014 3
0800 4106 24636 172452 2
0801 9576 172368 181944 4
0802 49084 49084 1767024 2
0803 31255 1093925 1437730 3
0804 70860 566880 2267520 2
0805 23246 232460 883348 2
0806 15539 93234 435092 5
0807 17769 248766 479763 3
0808 48802 1220050 3220932 3
0809 43586 392274 566618 5
0810 19005 152040 285075 5
0811 3800 91200 250800 3
0812 56852 1591856 3979640 3
0813 52765 1108065 2268895 4
0814 1454 61068 103234 2
0815 11330 67980 532510 5
0816 42782 128346 470602 4
0817 71664 358320 1504944 3
0818 56040 224160 616440 2
0819 3567 49938 153381 4
0820 67014 804168 2010420 1
0821 5057 75855 156767 3
0822 62289 249156 1868670 4
0823 75004 1200064 3225172 2
0824 13674 136740 314502 2
0825 559 0 17888 4
0826 55951 783314 1007118 2
0827 1608 28944 36984 2
0828 73588 1030232 2722756 3
0829 1651 3302 4953 5
0830 40287 241722 1329471 1
0831 25466 713048 1247834 3
0832 69690 1951320 4111710 2
0833 6545 26180 104720 3
0834 41128 411280 945944 3
0835 32829 262632 525264 2
0836 67149 1007235 1813023 2
0837 39080 273560 547120 5
0838 11863 23726 35589 4
0839 79160 158320 3008080 1
0840 56649 1189629 1302927 5
0841 52905 158715 1587150 4
0842 13062 39186 169806 4
0843 55980 671760 2183220 3
0844 18881 113286 925169 1
0845 82034 492204 3445428 5
0846 15943 95658 749321 5
0847 53367 640404 1494276 1
0848 8134 73206 374164 5
0849 70566 705660 3528300 1
0850 55386 166158 443088 2
0851 22542 473382 1149642 2
0852 36588 36588 1573284 3
0853 68028 2380980 4557876 1
0854 76546 918552 1530920 1
0855 31825 31825 1432125 3
0856 8391 151038 285294 5
0857 59847 59847 1196940 4
0858 50666 202664 607992 3
0859 19745 236940 552860 4
0860 52081 1302025 2031159 4
0861 73073 584584 803803 5
0862 7514 75140 217906 2
0863 12317 24634 270974 4
0864 19679 118074 708444 4
0865 1553 9318 35719 3
0866 52785 52785 1794690 1
0867 46499 1115976 2324950 5
0868 37654 1845046 2259240 1
0869 36751 882024 2278562 2
0870 71511 357555 1501731 2
0871 33747 1012410 2227302 4
0872 71210 427260 2848400 2
0873 40310 1410850 2902320 5
0874 21999 87996 109995 4
0875 47764 191056 620932 4
0876 1399 16788 25182 1
0877 67475 202425 2766475 1
0878 53462 213848 908854 5
0879 59887 718644 1497175 5
0880 12963 103704 362964 1
0881 85882 343528 1030584 2
0882 28661 171966 1146440 4
0883 3104 43456 180032 4
0884 49309 98618 2218905 1
0885 40406 727308 1495022 2
0886 86939 1825719 4520828 3
0887 68314 273256 2459304 2
0888 18196 254744 909800 1
0889 25177 604248 1057434 1
0890 84764 169528 1695280 4
0891 19642 98210 333914 2
0892 40667 162668 1911349 4
0893 62360 1746080 2182600 2
0894 60988 1524700 3720268 1
0895 37221 111663 334989 2
0896 44088 308616 837672 4
0897 35983 755643 1043507 2
0898 6917 103755 172925 3
0899 80743 1937832 2260804 3
0900 24641 295692 1330614 5
0901 23651 236510 733181 5
0902 56609 339654 2207751 1
0903 67818 203454 1152906 2
0904 39242 470904 1098776 2
0905 56948 113896 854220 1
0906 39551 474612 1898448 4
0907 39884 0 1356056 2
0908 80880 1455840 4529280 1
0909 27633 221064 1050054 1
0910 10909 272725 589086 3
0911 64425 773100 1739475 1
0912 39323 943752 1887504 3
0913 21331 42662 554606 2
0914 57694 230776 2365454 5
0915 82164 246492 1889772 5
0916 38689 309512 619024 5
0917 15989 255824 623571 1
0918 62428 1123704 3433540 3
0919 64922 1558128 2661802 1
0920 66054 396324 2576106 2
0921 16923 50769 406152 3
0922 33012 264096 1551564 2
0923 72085 216255 1946295 5
0924 8850 123900 265500 3
0925 77641 0 2329230 5
0926 42421 678736 2205892 4
0927 33385 200310 801240 2
0928 79308 1268928 1586160 2
0929 58056 928896 2670576 2
0930 23528 423504 894064 5
0931 18984 113904 284760 3
0932 53827 861232 3014312 5
0933 37163 185815 929075 3
0934 53017 106034 1961629 1
0935 59749 0 1672972 1
0936 36706 0 1358122 4
0937 54540 1308960 3326940 5
0938 59625 178875 2802375 1
0939 53651 268255 2521597 2
0940 13537 0 189518 1
0941 83557 417785 1002684 5
0942 77394 619152 1083516 2
0943 66873 267492 2073063 3
0944 36997 184985 1701862 3
0945 23850 643950 954000 4
0946 25307 455526 860438 5
0947 37918 0 113754 2
0948 13870 0 208050 1
0949 34043 68086 646817 4
0950 11283 473886 959055 4
0951 16475 32950 757850 1
0952 3991 119730 259415 3
0953 81557 652456 2609824 5
0954 31338 313380 1660914 3
0955 83937 503622 1510866 1
0956 8607 34428 387315 2
0957 40176 401760 723168 5
0958 5801 52209 295851 5
0959 20386 183474 203860 1
0960 81439 1140146 1791658 3
0961 50030 500300 2651590 4
0962 19116 401436 420552 3
0963 18622 55866 744880 3
0964 30959 866852 1888499 5
0965 40184 1969016 2210120 4
0966 16593 99558 813057 3
0967 87788 3072580 5442856 5
0968 48634 583608 680876 1
0969 57372 114744 1950648 2
0970 56189 337134 1966615 1
0971 21083 84332 105415 1
0972 26640 319680 506160 3
0973 41620 249720 541060 4
0974 84467 422335 3969949 1
0975 86731 1300965 4336550 1
0976 8560 51360 350960 4
0977 20132 120792 181188 4
0978 86904 4258296 4519008 2
0979 55734 1950690 3511242 1
0980 18398 220776 533542 1
0981 36720 1101600 1542240 1
0982 27751 416265 1387550 1
0983 51879 415032 2697708 4
0984 71987 719870 2807493 3
0985 76986 461916 1616706 2
0986 55550 111100 1166550 1
0987 40041 480492 1881927 1
0988 66605 0 2397780 3
0989 83004 1162056 3154152 2
0990 78008 234024 390040 2
0991 42148 421480 1475180 5
0992 59195 2486190 3492505 1
0993 45616 1368480 3284352 4
0994 43655 916755 2313715 3
0995 37063 0 593008 5
0996 29472 471552 707328 3
0997 25275 303300 682425 2
0998 72318 433908 2603448 4
0999 34482 206892 1172388 2
1000 56190 1179990 3596160 1
1001 87727 1403632 4123169 5
1002 61690 493520 1542250 4
1003 82555 330220 3632420 1
1004 42563 340504 638445 3
1005 34172 0 1059332 4
1006 53946 107892 1888110 5
1007 50913 814608 1476477 4
1008 37641 1053948 2521947 5
1009 51049 255245 1123078 4
1010 73228 585824 951964 2
1011 80992 2267776 2348768 4
1012 28866 519588 1587630 2
1013 36491 766311 948766 3
1014 19436 583080 1282776 2
1015 78348 1175220 4074096 4
1016 80036 560252 3921764 5
1017 12089 181335 205513 4
1018 53696 322176 2147840 4
1019 27393 164358 1177899 5
1020 45716 45716 1371480 2
1021 42056 757008 1303736 2
1022 25180 755400 1133100 5
1023 78556 1963900 5106140 4
1024 1531 42868 81143 4
1025 30934 216538 958954 4
1026 68346 136692 1571958 5
1027 62784 1318464 1444032 2
1028 84404 3544968 7258744 5
1029 26846 1127532 2255064 1
1030 76317 2747412 5876409 2
1031 85146 3065256 5619636 2
1032 56112 224448 841680 1
1033 7548 211344 528360 4
1034 63967 127934 2750581 5
1035 57410 459280 1377840 5
1036 79915 799150 958980 1
1037 26688 106752 373632 4
1038 77168 154336 2469376 5
1039 39840 1115520 2270880 5
1040 69740 1464540 2998820 3
1041 3355 20130 157685 3
1042 32499 0 974970 2
1043 22175 332625 1286150 5
1044 1014 15210 37518 1
1045 9297 46485 92970 5
1046 21013 126078 357221 2
1047 71766 1291788 2942406 4
1048 54532 381724 1145172 4
1049 22428 403704 717696 1
1050 54209 650508 2276778 4
1051 55450 55450 1608050 3
1052 56720 170160 2495680 1
1053 32940 65880 230580 1
1054 35586 533790 1316682 1
1055 57349 229396 1376376 2
1056 66012 594108 1122204 1
1057 91 364 3458 4
1058 54679 1913765 3007345 2
1059 85535 1026420 3592470 3
1060 63595 763140 2098635 4
1061 62012 248048 1984384 4
1062 33156 397872 1027836 5
1063 42148 84296 379332 2
1064 19057 228684 533596 1
1065 22102 44204 530448 5
1066 53858 269290 700154 5
1067 17804 267060 676552 1
1068 71356 1997968 3924580 4
1069 87519 1225266 3063165 1
1070 19182 172638 345276 1
1071 41891 1508076 2387787 3
1072 80765 484590 3715190 4
1073 12386 123860 495440 2
1074 69642 1253556 2576754 4
1075 87042 783378 3829848 3
1076 53116 478044 1646596 5
1077 68364 1025460 3281472 2
1078 17576 210912 562432 1
1079 32572 228004 1368024 1
1080 85272 341088 3581424 2
1081 77081 1387458 3545726 1
1082 31040 0 310400 1
1083 83994 1763874 1847868 5
1084 73071 1753704 2703627 3
1085 23482 328748 399194 2
1086 34976 209856 314784 1
1087 47088 1318464 1695168 4
1088 11538 115380 253836 1
1089 52893 952074 2274399 2
1090 6924 27696 55392 2
1091 82600 1156400 3799600 3
1092 85153 1362448 3491273 1
1093 7477 44862 194402 1
1094 59268 0 1600236 4
1095 3219 77256 86913 4
1096 51771 1242504 2743863 1
1097 14098 56392 408842 5
1098 61439 368634 2457560 2
1099 38194 229164 1795118 2
1100 60888 243552 791544 1
1101 24480 391680 489600 2
1102 34693 416316 1040790 5
1103 30421 365052 486736 5
1104 3829 30632 49777 3
1105 78785 630280 1969625 5
1106 14492 217380 666632 2
1107 45532 0 1821280 2
1108 44932 269592 1842212 3
1109 77327 2319810 3789023 2
1110 28913 57826 1272172 1
1111 256 1536 4608 5
1112 5199 51990 83184 5
1113 59736 477888 2150496 2
1114 74488 2607080 5288648 2
1115 50724 608688 2079684 4
1116 26890 672250 1667180 2
1117 18472 461800 683464 5
1118 19779 178011 514254 1
1119 5040 75600 146160 4
1120 75115 225345 2478795 3
1121 76340 152680 3435300 5
1122 12195 85365 170730 1
1123 24671 98684 912827 2
1124 13601 489636 992873 2
1125 17992 125944 503776 3
1126 44279 797022 1638323 2
1127 49982 0 1649406 1
1128 1326 7956 51714 3
1129 69886 279544 2446010 3
1130 34117 204702 1262329 4
1131 27262 163572 1008694 3
1132 42925 0 772650 3
1133 62992 377952 1385824 5
1134 52970 1483160 3707900 4
1135 49336 197344 444024 5
1136 60994 304970 2805724 1
1137 47842 0 2009364 2
1138 85936 1546848 3523376 1
1139 11229 22458 449160 3
1140 6265 62650 288190 2
1141 24772 49544 966108 2
1142 37224 148896 1451736 2
1143 32228 225596 547876 3
1144 78116 937392 4140148 3
1145 20313 121878 385947 3
1146 58668 704016 2992068 1
1147 36719 734380 881256 5
1148 69510 486570 2919420 5
1149 32508 487620 1495368 1
1150 28904 86712 809312 1
1151 77019 1232304 4390083 5
1152 67560 1216080 2364600 2
1153 70789 141578 1132624 2
1154 85428 1195992 4527684 5
1155 70249 842988 2107470 2
1156 81324 1219860 3090312 4
1157 12126 84882 121260 5
1158 63386 380316 2598826 4
1159 34972 1224020 1713628 5
1160 45132 1263696 1489356 5
1161 80069 1441242 3042622 3
1162 73328 879936 1393232 3
1163 69457 2778280 3472850 3
1164 5932 118640 266940 3
1165 4275 12825 42750 3
1166 26122 156732 1279978 4
1167 58383 291915 1167660 3
1168 42127 294889 589778 5
1169 38154 457848 1793238 4
1170 71386 1499106 3497914 3
1171 59482 297410 535338 2
1172 3097 12388 30970 4
1173 57398 114796 1721940 3
1174 20697 579516 1448790 3
1175 30075 631575 1804500 1
1176 52501 105002 1155022 4
1177 45920 0 1193920 3
1178 21313 85252 149191 4
1179 32694 457716 1765476 5
1180 61655 924825 1787995 3
1181 48775 780400 2828950 4
1182 60931 2193516 3594929 4
1183 69993 559944 1749825 5
1184 18101 325818 380121 2
1185 79767 1435806 3350214 5
1186 12852 385560 591192 4
1187 33668 101004 942704 4
1188 1555 6220 71530 3
1189 77054 924648 1772242 3
1190 70353 211059 633177 1
1191 78318 704862 1566360 1
1192 79920 639360 3276720 1
1193 2989 62769 167384 4
1194 19819 356742 654027 4
1195 25036 0 776116 5
1196 32244 644880 1064052 5
1197 77912 233736 2103624 5
1198 19338 96690 483450 1
1199 10023 20046 70161 5
1200 58501 351006 1579527 3
1201 42039 840780 2017872 1
1202 50787 203148 253935 4
1203 74452 3126984 5211640 3
1204 16004 480120 944236 5
1205 38043 114129 494559 4
1206 31048 0 620960 4
1207 27997 223976 727922 1
1208 58752 1175040 1645056 1
1209 60391 845474 1449384 1
1210 56818 56818 2215902 2
1211 46104 138312 1936368 5
1212 19152 191520 1034208 1
1213 5660 45280 152820 2
1214 47494 284964 1092362 2
1215 23354 280248 350310 1
1216 50987 611844 2447376 4
1217 41737 500844 1544269 2
1218 84173 673384 2020152 3
1219 24085 240850 409445 4
1220 59984 239936 2159424 1
1221 53265 1331625 2290395 5
1222 49472 742080 1978880 4
1223 7578 318276 409212 5
1224 46756 187024 1776728 2
1225 42235 253410 1393755 5
1226 70461 563688 1691064 2
1227 26451 0 529020 4
1228 49664 397312 695296 3
1229 7573 68157 242336 5
1230 41341 496092 1364253 1
1231 69320 554560 3604640 4
1232 22521 0 247731 3
1233 15962 63848 191544 1
1234 59656 596560 1252776 2
1235 8276 198624 281384 5
1236 34150 273200 717150 4
1237 49056 392448 2158464 2
1238 38025 228150 798525 5
1239 55514 333084 2775700 3
1240 48818 97636 2099174 3
1241 60670 728040 2366130 4
1242 51514 154542 2266616 4
1243 59437 1069866 1188740 3
1244 50361 251805 1460469 1
1245 20478 204780 839598 3
1246 920 19320 35880 5
1247 11304 169560 486072 3
1248 83420 417100 3670480 4
1249 2736 10944 49248 1
1250 49972 349804 1948908 1
1251 73423 1468460 2055844 2
1252 3852 30816 146376 1
1253 4934 9868 207228 2
1254 52792 316752 1267008 5
1255 5923 11846 41461 2
1256 18163 145304 672031 1
1257 75645 529515 2723220 5
1258 81299 243897 894289 3
1259 15423 185076 323883 2
1260 69864 1956192 2584968 3
1261 37415 448980 1085035 1
1262 35375 530625 1061250 5
1263 62827 1130886 3078523 5
1264 46807 655298 1216982 4
1265 87367 1048404 2358909 3
1266 25949 155694 441133 4
1267 34057 476798 885482 1
1268 31256 187536 1500288 5
1269 65571 1376991 1639275 3
1270 19599 0 548772 1
1271 13172 26344 171236 5
1272 2366 9464 16562 2
1273 6171 129591 388773 1
1274 41276 742968 1939972 1
1275 32194 386328 1770670 2
1276 68265 819180 2662335 3
1277 41264 618960 2352048 1
1278 38745 232470 1278585 5
1279 305 610 7625 5
1280 85755 2058120 3258690 3
1281 57432 114864 2182416 2
1282 57232 1716960 2804368 2
1283 41321 495852 1322272 4
1284 72419 434514 2317408 3
1285 82217 2466510 5508539 2
1286 78442 0 2274818 1
1287 68355 956970 2529135 1
1288 78086 468516 624688 3
1289 54315 434520 869040 5
1290 42523 170092 1190644 4
1291 83322 999864 4082778 1
1292 82440 989280 4039560 3
1293 30663 0 153315 3
1294 52777 1055540 2902735 2
1295 22152 531648 1284816 1
1296 87221 784989 3314398 4
1297 59763 1792890 2808861 4
1298 82236 1151304 4111800 1
1299 46541 1675476 1908181 4
1300 39697 0 39697 5
1301 45263 135789 2036835 5
1302 41898 377082 921756 3
1303 28894 144470 202258 1
1304 52095 104190 1250280 3
1305 80634 1612680 2177118 2
1306 53035 954630 1856225 2
1307 82797 248391 2069925 4
1308 75947 1822728 4784661 1
1309 83895 1006740 2852430 4
1310 72845 1019830 2768110 3
1311 24244 193952 557612 1
1312 5885 0 158895 4
1313 80473 321892 2494663 1
1314 36622 292976 842306 3
1315 47263 236315 614419 3
1316 30558 122232 183348 3
1317 44529 445290 935109 3
1318 34429 860725 1239444 3
1319 35733 0 1179189 3
1320 72494 1087410 1812350 5
1321 62889 251556 2389782 2
1322 80371 2250388 5786712 5
1323 33208 929824 1461152 1
1324 75901 151802 379505 3
1325 26952 161712 997224 1
1326 33146 994380 1524716 5
1327 9245 83205 351310 2
1328 22762 136572 364192 3
1329 65103 976545 2213502 3
1330 458 3206 5496 1
1331 16717 33434 735548 2
1332 56206 281030 337236 3
1333 58121 348726 1453025 1
1334 64967 0 779604 2
1335 39546 593190 1384110 3
1336 37362 0 224172 3
1337 79279 2378370 4518903 2
1338 884 4420 43316 3
1339 34429 413148 482006 4
1340 13030 52120 482110 4
1341 80369 482214 2009225 5
1342 74366 669294 3346470 1
1343 27098 325176 1111018 4
1344 46468 975828 2509272 3
1345 21089 84356 295246 2
1346 23417 0 46834 4
1347 80325 160650 1285200 1
1348 74380 2603300 3495860 1
1349 42889 514668 1200892 5
1350 79076 632608 1186140 1
1351 64140 769680 1539360 3
1352 32709 915852 2191503 3
1353 34442 309978 723282 5
1354 74202 1558242 4006908 4
1355 11848 213264 414680 4
1356 51488 411904 1544640 5
1357 75374 602992 2261220 4
1358 5355 26775 69615 5
1359 250 500 4000 1
1360 686 5488 19208 4
1361 4907 58884 88326 5
1362 42978 859560 1160406 3
1363 71826 574608 2873040 2
1364 61460 614600 3318840 1
1365 443 0 13733 1
1366 81956 3933888 5654964 3
1367 71168 284672 1565696 5
1368 54443 1143303 2286606 1
1369 28044 504792 673056 2
1370 10344 51720 186192 3
1371 4223 16892 54899 5
1372 23471 70413 469420 1
1373 63838 191514 1404436 5
1374 9889 39556 128557 3
1375 52268 365876 1724844 4
1376 8706 121884 287298 4
1377 4697 117425 248941 4
1378 58265 815710 2563660 3
1379 81349 1626980 2847215 5
1380 67467 1416807 3440817 4
1381 11551 184816 669958 4
1382 38700 580500 1161000 3
1383 22265 267180 846070 5
1384 71651 644859 1576322 2
1385 2563 53823 161469 3
1386 53083 0 212332 4
1387 19074 95370 114444 2
1388 60850 2129750 3285900 3
1389 66959 3280991 3816663 5
1390 59302 830228 1423248 5
1391 30116 240928 602320 2
1392 53545 1285080 2730795 5
1393 16170 97020 226380 1
1394 80003 160006 2160081 4
1395 2313 27756 120276 2
1396 70576 705760 1764400 3
1397 42993 42993 343944 3
1398 78477 1255632 1334109 5
1399 85652 0 3254776 2
1400 260 1560 10920 3
1401 75007 675063 1725161 5
1402 31785 0 190710 5
1403 10754 215080 494684 5
1404 67190 2015700 2620410 2
1405 5055 60660 106155 5
1406 16987 305766 1036207 4
1407 80151 721359 1923624 5
1408 73370 73370 3081540 5
1409 77602 931224 4345712 5
1410 86024 1806504 4731320 4
1411 16955 356055 729065 3
1412 6175 37050 129675 2
1413 26250 787500 1916250 2
1414 76606 1149090 2604604 2
1415 61163 733956 3180476 1
1416 74001 888012 1480020 1
1417 39584 356256 950016 2
1418 73785 664065 1475700 1
1419 75932 455592 3189144 4
1420 62827 1005232 2952869 4
1421 39587 237522 1662654 2
1422 46701 980721 1914741 1
1423 53187 0 797805 2
1424 57609 230436 576090 5
1425 69232 346160 2769280 3
1426 44655 133965 223275 4
1427 73827 442962 3543696 4
1428 12418 24836 273196 1
1429 21065 315975 1158575 3
1430 57330 515970 802620 1
1431 74106 889272 3631194 2
1432 78264 782640 2504448 3
1433 55448 110896 221792 1
1434 44190 662850 1502460 3
1435 18449 516572 645715 1
1436 16077 96462 160770 1
1437 21370 128220 341920 5
1438 22963 275556 482223 2
1439 46049 92098 414441 5
1440 84887 509322 679096 1
1441 51966 623592 2026674 4
1442 67306 1076896 1413426 4
1443 64232 899248 1605800 5
1444 55990 1679700 4087270 2
1445 41611 374499 1997328 2
1446 83928 3524976 3776760 4
1447 69449 208347 2291817 4
1448 43397 303779 954734 5
1449 47131 989751 2450812 3
1450 35402 0 35402 2
1451 81965 245895 1147510 4
1452 85608 513648 3766752 3
1453 39957 958968 2397420 2
1454 44613 669195 1516842 1
1455 72263 289052 2095627 5
1456 10994 21988 428766 5
1457 638 12760 15950 2
1458 35192 879800 1442872 4
1459 47072 188288 988512 2
1460 4221 50652 160398 3
1461 1066 37310 70356 3
1462 16822 100932 672880 4
1463 12438 62190 597024 4
1464 71878 575024 1078170 3
1465 64998 389988 1884942 5
1466 74644 522508 3060404 3
1467 49935 349545 1647855 1
1468 24936 149616 1072248 4
1469 66734 1401414 3336700 2
1470 48500 1455000 3443500 4
1471 12468 37404 162084 3
1472 82399 2883965 5026339 3
1473 41045 164180 820900 5
1474 14128 98896 409712 4
1475 3215 19290 160750 5
1476 60132 180396 1262772 4
1477 60738 60738 1822140 4
1478 85891 858910 2748512 5
1479 34695 208170 1491885 1
1480 72900 874800 3353400 5
1481 7072 70720 254592 4
1482 61015 732180 1525375 2
1483 87523 1575414 4463673 4
1484 20316 0 731376 3
1485 14496 0 43488 1
1486 66432 1395072 4052352 3
1487 41364 248184 620460 4
1488 59976 299880 2159136 1
1489 73609 1030526 2502706 4
1490 37337 149348 410707 1
1491 27871 390194 529549 5
1492 3275 58950 140825 1
1493 21556 301784 323340 5
1494 24472 146832 562856 5
1495 76691 0 153382 5
1496 55034 770476 1871156 2
1497 22335 134010 982740 5
1498 35756 429072 464828 2
1499 37199 371990 632383 2
1500 56528 2374176 3787376 1
1501 17897 161073 501116 2
1502 51151 818416 2864456 3
1503 18717 149736 580227 5
1504 11450 320600 778600 1
1505 69506 695060 2780240 1
1506 1059 25416 62481 3
1507 37340 597440 1194880 4
1508 56116 1010088 2188524 2
1509 49492 395936 2128156 1
1510 8247 206175 321633 5
1511 59643 477144 2624292 3
1512 52585 0 893945 1
1513 3908 19540 171952 1
1514 48310 966200 1642540 1
1515 57420 1435500 3961980 3
1516 56860 454880 2843000 5
1517 6969 195132 466923 4
1518 21768 130608 282984 3
1519 80927 1618540 3884496 1
1520 20232 202320 789048 4
1521 9388 75104 187760 1
1522 20900 250800 1024100 3
1523 27499 439984 1182457 5
1524 54233 433864 1084660 2
1525 83804 167608 3352160 1
1526 78284 1409112 2191952 2
1527 37885 303080 1022895 4
1528 6939 83268 145719 3
1529 34468 620424 1861272 3
1530 31329 657909 2036385 1
1531 37361 74722 821942 4
1532 65324 979860 2351664 2
1533 9286 195006 510730 5
1534 20255 486120 708925 1
1535 50673 1216152 1418844 2
1536 83453 417265 1335248 2
1537 71485 285940 1215245 3
1538 41378 744804 2482680 4
1539 77979 1169685 3509055 2
1540 29551 591020 856979 4
1541 68150 1090400 3339350 2
1542 85355 426775 512130 4
1543 79678 956136 2948086 3
1544 1596 47880 71820 4
1545 67604 338020 2366140 3
1546 86618 1559124 3464720 1
1547 54796 109592 1589084 5
1548 87207 261621 2616210 5
1549 81774 1471932 3189186 4
1550 13302 159624 598590 4
1551 60444 906660 2961756 1
1552 47109 847962 2355450 5
1553 57224 286120 2803976 3
1554 78594 3300948 6601896 4
1555 64935 2272725 3571425 5
1556 78296 1644216 1879104 4
1557 35581 426972 1707888 3
1558 1934 77360 154720 2
1559 37057 185285 407627 4
1560 16148 48444 435996 1
1561 9784 273952 704448 5
1562 39437 236622 1419732 5
1563 40998 122994 1188942 2
1564 16339 49017 81695 3
1565 70673 494711 1130768 4
1566 15761 31522 283698 5
1567 33081 132324 1455564 5
1568 22991 275892 482811 3
1569 24318 72954 778176 2
1570 25891 362474 750839 5
1571 36156 0 1337772 4
1572 68583 205749 1508826 4
1573 57939 0 2317560 3
1574 75307 677763 3012280 3
1575 73950 1552950 1774800 1
1576 28891 288910 1560114 5
1577 29979 119916 569601 1
1578 10496 41984 199424 3
1579 13321 39963 372988 5
1580 2546 5092 68742 4
1581 61131 978096 2689764 5
1582 66542 798504 3659810 2
1583 74626 746260 3358170 5
1584 68266 1023990 1570118 5
1585 60833 364998 1094994 4
1586 54547 327282 2290974 5
1587 34149 409788 1844046 5
1588 2163 25956 90846 1
1589 31495 440930 787375 5
1590 53388 480492 2188908 3
1591 15005 150050 675225 1
1592 56667 680004 850005 5
1593 5109 0 194142 1
1594 56656 226624 1529712 2
1595 25819 77457 1058579 5
1596 9310 335160 512050 4
1597 41769 1461915 2923830 4
1598 58761 705132 1057698 4
1599 4249 63735 106225 1
1600 73115 1096725 1169840 5
1601 64022 960330 2240770 5
1602 14851 59404 193063 3
1603 72089 360445 3460272 1
1604 10915 65490 305620 2
1605 37850 75700 1514000 3
1606 22190 399420 732270 5
1607 44759 268554 760903 4
1608 60979 243916 304895 3
1609 53699 644388 1449873 5
1610 72758 1018612 1673434 5
1611 25196 377940 1184212 4
1612 83224 166448 1248360 4
1613 30084 0 782184 4
1614 78294 391470 1644174 4
1615 58536 702432 2809728 2
1616 1542 12336 69390 2
1617 65067 1301340 3513618 3
1618 10175 427350 569800 4
1619 46097 414873 1198522 3
1620 36944 110832 369440 2
1621 43381 260286 1561716 5
1622 54360 1141560 1902600 5
1623 15568 46704 529312 4
1624 10015 40060 250375 3
1625 12832 307968 487616 5
1626 4205 67280 185020 3
1627 6546 0 288024 1
1628 67389 269556 2089059 1
1629 76760 460560 3147160 4
1630 62403 312015 1996896 2
1631 30762 861336 1322766 3
1632 15498 61992 619920 5
1633 50409 604908 957771 1
1634 25641 307692 1333332 2
1635 33982 67964 1393262 2
1636 73817 664353 2583595 1
1637 63638 509104 2354606 3
1638 23099 230990 669871 2
1639 23260 209340 628020 1
1640 53297 959346 3144523 1
1641 79701 956412 2789535 1
1642 44099 352792 1808059 4
1643 6919 83028 89947 1
1644 23803 95212 214227 1
1645 3404 0 13616 3
1646 44879 1346370 1750281 4
1647 10817 129804 270425 3
1648 61223 122446 1714244 5
1649 37732 150928 1320620 5
1650 74481 670329 3426126 5
1651 82758 2482740 4468932 2
1652 14857 207998 609137 3
1653 23753 71259 593825 1
1654 75711 75711 1135665 3
1655 61615 246460 924225 3
1656 51616 1238784 2271104 2
1657 63524 2223340 4637252 3
1658 19479 272706 876555 2
1659 86475 1210650 1383600 1
1660 61808 123616 618080 1
1661 53230 0 1756590 4
1662 26754 133770 989898 3
1663 18531 389151 908019 3
1664 71291 1425820 4562624 3
1665 44940 539280 2022300 3
1666 16961 84805 474908 3
1667 50148 150444 1404144 4
1668 68350 546800 2734000 3
1669 23219 92876 1068074 4
1670 62546 312730 2001472 1
1671 68135 1430835 2044050 2
1672 26762 401430 856384 4
1673 967 9670 28043 2
1674 28648 401072 1546992 5
1675 47696 429264 1144704 1
1676 72121 432726 1658783 5
1677 31187 467805 717301 1
1678 69043 1933204 4625881 4
1679 37090 148360 1520690 1
1680 74414 892968 3646286 2
1681 44223 0 707568 5
1682 87073 435365 1131949 1
1683 86995 260985 1217930 2
1684 51027 1071567 2398269 3
1685 83810 419050 1089530 1
1686 18827 169443 809561 4
1687 14199 85194 695751 2
1688 23002 46004 644056 2
1689 34520 207120 690400 4
1690 25494 101976 535374 1
1691 21381 106905 277953 1
1692 1783 12481 58839 2
1693 75792 606336 2273760 2
1694 73776 295104 2582160 1
1695 42899 171596 1244071 2
1696 4491 4491 13473 1
1697 74617 149234 2089276 1
1698 22444 89776 718208 5
1699 1502 7510 46562 2
1700 4835 43515 145050 5
1701 8168 0 285880 3
1702 49686 596232 2434614 1
1703 76032 1216512 2965248 1
1704 8839 26517 203297 3
1705 27491 329892 1127131 2
1706 17736 35472 603024 1
1707 25751 77253 695277 2
1708 87640 4206720 7098840 5
1709 84123 336492 2439567 3
1710 15020 630840 811080 5
1711 54116 1623480 3409308 2
1712 72573 0 2249763 5
1713 42975 1031400 1160325 1
1714 74172 370860 1854300 3
1715 53429 106858 2083731 3
1716 77879 934548 3426676 5
1717 55679 668148 3006666 1
1718 70998 1490958 2839920 5
1719 78247 782470 1799681 4
1720 15259 427252 930799 1
1721 72680 1017520 1962360 5
1722 7979 167559 454803 3
1723 78823 2837628 5596433 4
1724 24092 192736 433656 1
1725 40570 162280 770830 5
1726 85537 1026444 3421480 1
1727 57367 114734 172101 4
1728 47233 944660 2456116 5
1729 40739 733302 2077689 1
1730 58408 116816 467264 3
1731 52801 1056020 1742433 2
1732 73937 2070236 3327165 5
1733 79249 237747 3724703 4
1734 57451 402157 2757648 5
1735 75587 907044 2872306 3
1736 25911 388665 751419 3
1737 1849 33282 103544 1
1738 86448 1210272 4235952 3
1739 9319 111828 288889 3
1740 68523 548184 890799 1
1741 2600 15600 49400 1
1742 14767 221505 605447 4
1743 82458 824580 1814076 2
1744 30025 540450 750625 2
1745 5523 193305 392133 2
1746 11958 179370 322866 1
1747 78648 1651608 4797528 3
1748 51703 1861308 2119823 5
1749 36324 290592 326916 4
1750 13608 54432 653184 2
1751 72869 728690 2623284 4
1752 80121 320484 2643993 4
1753 19411 310576 368809 3
1754 86652 1213128 2946168 4
1755 56324 563240 2478256 3
1756 24994 449892 849796 3
1757 40452 161808 1618080 3
1758 15710 94260 706950 5
1759 10941 459522 590814 3
1760 13240 158880 701720 4
1761 57111 57111 1884663 1
1762 64963 1364223 1429186 2
1763 57246 286230 973182 5
1764 70559 282236 1763975 3
1765 1807 18070 97578 3
1766 35071 490994 806633 3
1767 20113 563164 643616 4
1768 41397 206985 372573 4
1769 26243 262430 1312150 4
1770 64925 324625 2532075 2
1771 11502 138024 172530 3
1772 77997 1559940 4523826 1
1773 76343 1526860 3206406 2
1774 76942 76942 1308014 4
1775 7209 129762 194643 5
1776 4831 19324 140099 4
1777 68245 409470 3412250 3
1778 44997 944937 2654823 3
1779 72642 217926 2615112 3
1780 73778 295112 811558 2
1781 24802 347228 1140892 2
1782 65269 783228 2414953 4
1783 75700 1514000 3330800 5
1784 61419 614190 2395341 5
1785 45637 45637 273822 5
1786 44231 0 1017313 5
1787 37182 780822 1561644 4
1788 53055 636660 2599695 1
1789 8676 8676 260280 4
1790 20771 498504 1246260 4
1791 45322 271932 498542 3
1792 17279 103674 207348 3
1793 4969 0 64597 2
1794 22766 182128 819576 2
1795 33017 198102 363187 5
1796 53892 215568 1940112 4
1797 23010 276120 1196520 5
1798 70516 846192 3243736 5
1799 52546 1103466 1366196 3
1800 67976 611784 951664 4
1801 16332 195984 702276 4
1802 16750 100500 217750 5
1803 64218 899052 2697156 2
1804 86013 1720260 2408364 1
1805 15088 181056 754400 2
1806 3150 50400 122850 2
1807 85308 341232 1364928 3
1808 50728 304368 1623296 3
1809 74412 1785888 4018248 3
1810 21027 126162 862107 4
1811 13581 40743 529659 2
1812 50761 304566 1319786 1
1813 17349 260235 902148 5
1814 34188 170940 1025640 1
1815 75290 1505800 4592690 3
1816 48088 288528 1683080 4
1817 79297 2378910 5867978 3
1818 53184 744576 797760 2
1819 64749 776988 1424478 1
1820 87774 1843254 4388700 1
1821 13585 108680 163020 4
1822 64214 0 2504346 1
1823 12186 48744 73116 2
1824 7964 0 222992 1
1825 68456 410736 1848312 3
1826 65436 1963080 2028516 4
1827 70235 1264230 2458225 5
1828 16683 200196 834150 2
1829 11104 133248 255392 3
1830 76553 612424 3138673 4
1831 86722 433610 520332 2
1832 76809 460854 2688315 2
1833 79423 794230 1826729 2
1834 9640 96400 347040 2
1835 56508 1130160 2090796 5
1836 30404 729696 2037068 2
1837 47221 661094 2502713 3
1838 56648 226592 623128 2
1839 69782 348910 1814332 4
1840 59941 359646 2877168 4
1841 23112 0 138672 3
1842 44158 618212 1810478 3
1843 51699 1292475 1654368 5
1844 6267 37602 81471 5
1845 18847 508869 603104 5
1846 31687 95061 1077358 1
1847 1209 24180 33852 4
1848 54433 762062 2449485 2
1849 14250 399000 413250 3
1850 34017 238119 714357 3
1851 43017 172068 2064816 5
1852 83763 586341 4271913 2
1853 5835 87525 180885 5
1854 7368 66312 243144 1
1855 10082 80656 393198 5
1856 47369 947380 2557926 4
1857 11094 166410 643452 3
1858 32652 685692 1763208 4
1859 53447 1068940 1282728 3
1860 37568 563520 1465152 5
1861 48309 289854 1835742 2
1862 2039 36702 42819 1
1863 75069 1501380 3077829 1
1864 60320 1688960 2533440 1
1865 12948 77688 595608 2
1866 9699 475251 863211 3
1867 62244 186732 1493856 4
1868 12733 267393 343791 4
1869 77109 308436 1002417 5
1870 13187 131870 316488 3
1871 64315 1543560 2122395 1
1872 82077 820770 2216079 5
1873 5983 71796 161541 1
1874 35755 572080 2002280 3
1875 83189 665512 2162914 4
1876 64433 386598 1546392 3
1877 9309 148944 242034 3
1878 58984 294920 2713264 1
1879 54453 217812 653436 2
1880 77778 1088892 1555560 2
1881 435 2175 14355 4
1882 38412 614592 1498068 5
1883 83022 830220 2573682 2
1884 48920 978400 3081960 4
1885 49835 99670 1544885 5
1886 64657 387942 1681082 1
1887 16788 352548 537216 3
1888 86575 519450 2943550 3
1889 12389 173446 545116 2
1890 27913 0 781564 4
1891 56095 673140 2860845 1
1892 31479 157395 1133244 1
1893 19497 350946 428934 2
1894 12983 181762 584235 5
1895 76923 461538 615384 5
1896 48358 870444 2272826 4
1897 45141 180564 2031345 3
1898 54 108 1944 1
1899 26439 185073 793170 4
1900 72279 1301022 3686229 2
1901 77254 463524 3321922 1
1902 34214 205284 1573844 5
1903 61829 865606 2102186 3
1904 16558 463624 1076270 4
1905 52822 316932 1003618 2
1906 62208 933120 995328 3
1907 40219 40219 1729417 4
1908 69408 832896 3053952 4
1909 81234 162468 3249360 5
1910 69440 0 2152640 2
1911 20281 81124 892364 4
1912 72188 433128 2165640 3
1913 85375 0 170750 2
1914 50121 751815 2155203 2
1915 8373 25119 234444 1
1916 74806 1496120 3590688 2
1917 7350 0 44100 5
1918 66868 534944 2072908 5
1919 29925 179550 1286775 2
1920 26914 80742 861248 2
1921 41504 0 664064 4
1922 36370 436440 1782130 5
1923 24831 74493 198648 3
1924 46731 654234 1588854 4
1925 52262 365834 1881432 1
1926 71841 574728 1436820 4
1927 10334 51670 72338 2
1928 11330 226600 328570 3
1929 27819 166914 389466 5
1930 51631 826096 1032620 1
1931 6551 39306 52408 1
1932 46781 327467 2105145 3
1933 22433 89732 650557 5
1934 65665 65665 2166945 4
1935 5150 36050 175100 5
1936 21108 42216 970968 5
1937 37466 786786 2360358 4
1938 60653 727836 1698284 2
1939 23990 287880 887630 2
1940 8200 0 114800 3
1941 85198 511188 1959554 2
1942 42159 252954 1897155 1
1943 39339 118017 1455543 4
1944 52444 734216 1101324 4
1945 32387 97161 291483 2
1946 33766 472724 1316874 4
1947 37359 224154 672462 4
1948 8365 100380 150570 3
1949 1290 3870 11610 1
1950 64748 517984 906472 2
1951 65991 395946 2111712 2
1952 64346 1930380 2895570 2
1953 25818 774540 1394172 2
1954 5753 0 247379 1
1955 9366 37464 412104 3
1956 22177 776195 1508036 1
1957 84062 2942170 3530604 2
1958 57006 1368144 2166228 1
1959 78178 234534 2579874 3
1960 12426 124260 260946 2
1961 47231 991851 1228006 1
1962 16321 195852 261136 2
1963 33498 803952 1808892 4
1964 23124 346860 716844 4
1965 69787 279148 1465527 3
1966 56471 677652 1355304 4
1967 4794 43146 105468 5
1968 61528 922920 3384040 3
1969 50261 603132 1809396 1
1970 10182 40728 386916 2
1971 1391 11128 27820 2
1972 16366 458248 654640 1
1973 35757 750897 786654 5
1974 72709 872508 945217 1
1975 57996 289980 2145852 3
1976 42812 899052 1113112 4
1977 15881 222334 508192 1
1978 36054 108162 1370052 1
1979 74655 298620 2164995 1
1980 845 10140 19435 3
1981 45099 180396 1352970 4
1982 47453 237265 1281231 3
1983 7670 153400 199420 2
1984 67416 606744 2426976 3
1985 38898 0 311184 4
1986 6852 143892 191856 4
1987 18346 293536 935646 2
1988 46739 701085 2056516 5
1989 36587 768327 2231807 3
1990 7317 219510 409752 3
1991 86627 0 2772064 3
1992 85264 426320 1790544 4
1993 55377 664524 2159703 5
1994 19897 79588 139279 2
1995 38997 1637874 2027844 1
1996 87382 1572876 3145752 3
1997 85756 1800876 4287800 5
1998 41273 165092 990552 2
1999 42059 1009416 2523540 2
2000 48983 1469490 1910337 4
