001 4420 53040 150280 4
002 8338 33352 166760 5
003 6729 20187 47103 3
004 1011 30330 50550 1
005 6679 13358 120222 2
006 4638 69570 92760 1
007 509 509 8144 4
008 9786 58716 205506 1
009 1459 8754 23344 1
010 5446 21784 125258 4
011 6082 72984 145968 3
012 5298 21192 137748 1
013 9448 28344 103928 3
014 5685 102330 193290 1
015 701 8412 20329 3
016 7857 117855 282852 1
017 3751 18755 78771 5
018 10474 52370 178058 4
019 2827 45232 65021 2
020 4468 35744 107232 1
021 535 6420 11770 5
022 4931 118344 167654 2
023 9895 118740 207795 4
024 9590 57540 163030 1
025 8707 78363 252503 2
026 8459 126885 211475 4
027 3780 22680 105840 5
028 10786 129432 161790 4
029 4798 19192 91162 4
030 8434 50604 193982 2
031 6398 38388 179144 4
032 1706 20472 46062 4
033 8520 102240 136320 3
034 5307 63684 84912 4
035 9238 110856 277140 1
036 10865 217300 347680 5
037 7078 21234 134482 1
038 8398 100776 151164 2
039 10679 42716 74753 3
040 7828 187872 227012 5
041 10905 21810 141765 4
042 2745 0 35685 4
043 6295 25180 62950 4
044 1331 3993 18634 2
045 2925 122850 140400 3
046 1776 8880 24864 3
047 4093 24558 73674 4
048 4314 25884 90594 3
049 1506 13554 25602 2
050 2111 50664 69663 2
051 8168 0 147024 4
052 8842 132630 203366 4
053 2815 11260 42225 2
054 8262 132192 223074 2
055 1748 15732 29716 3
056 571 571 5710 2
057 3892 23352 66164 5
058 6112 61120 103904 5
059 8338 166760 350196 1
060 460 2300 3220 5
061 10827 0 238194 1
062 8349 208725 217074 1
063 10318 30954 61908 5
064 3578 14312 75138 4
065 37 111 148 5
066 1101 19818 40737 5
067 3798 7596 91152 4
068 1651 14859 49530 1
069 9437 28311 188740 4
070 4565 114125 164340 3
071 8203 82030 213278 1
072 2682 16092 67050 4
073 10519 10519 189342 4
074 7515 90180 255510 4
075 1781 10686 37401 3
076 2415 43470 82110 2
077 3516 14064 56256 3
078 2408 36120 67424 2
079 10946 43784 284596 5
080 7334 88008 176016 4
081 8445 50670 202680 2
082 9106 45530 182120 1
083 7678 184272 268730 2
084 2902 14510 52236 5
085 1046 6276 26150 2
086 5319 42552 47871 4
087 2756 11024 46852 3
088 6887 206610 275480 4
089 10035 90315 120420 4
090 934 16812 21482 5
091 8839 53034 203297 1
092 1708 5124 15372 1
093 5473 32838 153244 1
094 2279 34185 72928 5
095 7361 176664 331245 4
096 9402 28206 84618 2
097 7949 190776 349756 4
098 10130 30390 141820 5
099 6412 57708 76944 1
100 8204 246120 254324 5
101 3563 42756 67697 1
102 4932 88776 93708 2
103 6240 124800 224640 3
104 2053 4106 41060 5
105 9643 154288 327862 2
106 1450 43500 69600 5
107 5972 59720 149300 4
108 2603 5206 10412 5
109 3483 13932 73143 3
110 3230 19380 58140 1
111 5792 17376 63712 3
112 8647 0 121058 5
113 10294 205880 298526 5
114 9491 28473 170838 5
115 9048 144768 180960 4
116 8477 0 59339 1
117 8756 105072 245168 2
118 2648 39720 63552 3
119 7719 154380 169818 4
120 8192 32768 106496 4
121 5431 65172 70603 5
122 1715 17150 30870 2
123 606 12120 15150 3
124 4834 19336 116016 3
125 3878 19390 54292 5
126 8801 70408 88010 5
127 1432 21480 51552 5
128 1445 17340 44795 2
129 5650 118650 220350 1
130 7474 22422 142006 4
131 5779 92464 98243 1
132 816 14688 32640 2
133 10351 165616 331232 1
134 1532 7660 18384 5
135 6944 111104 222208 1
136 4961 89298 94259 4
137 3813 76260 141081 3
138 5411 43288 124453 3
139 8935 178700 285920 1
140 7889 63112 94668 4
141 1378 13780 42718 3
142 10313 206260 360955 3
143 2483 19864 49660 2
144 2344 21096 60944 1
145 1778 26670 55118 5
146 5722 68664 154494 3
147 8544 68352 136704 4
148 2183 32745 45843 2
149 8582 42910 145894 3
150 8763 17526 175260 1
151 2323 55752 102212 5
152 6418 19254 32090 3
153 10630 318900 350790 2
154 9068 0 108816 1
155 7448 22344 29792 2
156 8945 134175 241515 3
157 6610 79320 185080 4
158 1565 9390 32865 5
159 8475 84750 220350 3
160 1887 22644 30192 4
161 3173 6346 9519 4
162 2293 68790 75669 3
163 3610 57760 119130 3
164 4637 18548 78829 5
165 5597 33582 44776 2
166 9331 83979 111972 3
167 5345 80175 96210 4
168 3961 71298 110908 1
169 5055 15165 96045 2
170 5147 15441 82352 3
171 9579 114948 325686 3
172 7572 151440 302880 1
173 5299 52990 137774 3
174 6371 95565 235727 1
175 745 5960 8195 2
176 787 9444 13379 2
177 8246 0 131936 5
178 6774 54192 108384 1
179 2156 4312 49588 3
180 3543 21258 99204 1
181 8084 194016 202100 2
182 1673 20076 45171 1
183 10485 52425 178245 2
184 7060 14120 77660 1
185 10742 128904 354486 1
186 3614 14456 46982 4
187 3742 22452 44904 5
188 4135 24810 53755 5
189 5514 38598 126822 5
190 334 3340 9018 2
191 392 11760 18424 2
192 6940 249840 256780 5
193 9634 28902 38536 2
194 10551 158265 189918 5
195 1400 33600 47600 1
196 4571 45710 127988 4
197 5195 41560 62340 3
198 4960 59520 128960 1
199 7378 177072 184450 4
200 7448 7448 67032 3
201 4643 69645 116075 4
202 9295 92950 130130 5
203 4804 115296 187356 5
204 7044 7044 21132 5
205 139 1668 3336 2
206 5166 92988 98154 4
207 5831 58310 87465 4
208 5844 0 17532 2
209 2885 8655 17310 5
210 6038 120760 223406 5
211 111 2664 3219 3
212 2755 8265 57855 5
213 119 238 2499 5
214 2746 13730 30206 5
215 3325 59850 86450 5
216 3066 0 42924 2
217 7670 15340 161070 3
218 3957 47484 63312 4
219 6104 48832 97664 1
220 9303 46515 232575 4
221 5670 85050 198450 4
222 7639 30556 84029 5
223 6606 26424 66060 3
224 6378 19134 31890 3
225 4104 123120 201096 4
226 4514 18056 103822 3
227 753 12048 13554 5
228 9029 90290 171551 1
229 8758 105096 227708 4
230 9297 92970 204534 3
231 7720 46320 146680 3
232 9357 56142 93570 5
233 1248 4992 16224 4
234 6070 36420 66770 1
235 10379 41516 83032 2
236 1714 13712 18854 1
237 7391 44346 88692 5
238 1405 4215 15455 1
239 8367 33468 200808 2
240 5319 132975 244674 4
241 10839 86712 303492 2
242 3898 35082 70164 4
243 1205 9640 36150 3
244 4012 8024 92276 5
245 1129 33870 40644 1
246 1929 57870 98379 2
247 2588 0 49172 5
248 10986 65916 263664 3
249 236 0 236 1
250 5462 81930 142012 5
251 812 4872 8932 1
252 4252 8504 85040 1
253 5537 33222 138425 5
254 6451 6451 70961 5
255 915 4575 9150 2
256 9112 18224 63784 2
257 42 630 714 3
258 10153 40612 243672 3
259 9265 277950 472515 1
260 865 3460 6055 3
261 5888 35328 88320 5
262 5069 152070 248381 2
263 2105 16840 27365 2
264 3444 27552 96432 4
265 7646 91752 191150 4
266 1994 23928 53838 5
267 2968 11872 26712 4
268 7002 70020 224064 5
269 5712 85680 125664 1
270 5277 31662 142479 1
271 4517 81306 153578 2
272 2192 4384 17536 3
273 2043 12258 24516 4
274 3842 57630 130628 1
275 3084 9252 37008 5
276 6886 82632 151492 2
277 12 360 408 4
278 7205 108075 237765 3
279 6735 26940 134700 3
280 698 2792 6980 3
281 4571 18284 118846 2
282 9303 37212 55818 5
283 2741 32892 60302 4
284 1110 17760 38850 5
285 3332 39984 73304 5
286 10300 82400 257500 3
287 4375 52500 126875 4
288 9622 0 202062 1
289 3502 35020 38522 5
290 10292 123504 164672 3
291 7446 74460 193596 4
292 45 540 675 3
293 8917 321012 472601 4
294 3171 38052 91959 2
295 5638 5638 67656 3
296 5271 94878 158130 3
297 2641 47538 105640 2
298 10388 0 103880 1
299 1180 28320 41300 3
300 3199 38388 99169 1
301 9972 59832 129636 1
302 2068 8272 20680 3
303 3500 35000 80500 1
304 6652 66520 166300 1
305 4477 35816 71632 1
306 4321 0 60494 1
307 534 3204 13884 4
308 2399 86364 100758 3
309 6650 159600 226100 4
310 9312 279360 391104 2
311 9723 58338 165291 2
312 9775 48875 244375 2
313 5902 5902 11804 1
314 6296 50368 62960 1
315 7319 182975 226889 2
316 9774 58644 224802 4
317 6056 12112 18168 4
318 7449 89388 223470 2
319 10142 40568 121704 4
320 7816 187584 304824 3
321 7652 91824 221908 1
322 1886 18860 60352 3
323 7100 85200 220100 5
324 10309 61854 123708 3
325 103 3605 4532 2
326 5260 63120 68380 5
327 6702 120636 140742 2
328 736 8832 11040 4
329 2459 19672 39344 1
330 10636 127632 159540 5
331 2254 33810 51842 1
332 5286 52860 121578 3
333 7937 47622 103181 5
334 9982 49910 259532 1
335 83 498 1162 2
336 10643 255432 447006 1
337 9415 112980 122395 5
338 921 18420 37761 1
339 445 1335 8900 1
340 2255 4510 11275 1
341 10203 0 132639 3
342 6464 51712 58176 4
343 2485 19880 34790 1
344 1009 16144 23207 2
345 1848 3696 29568 2
346 3407 143094 211234 4
347 7050 253800 373650 1
348 2781 33372 75087 3
349 4818 0 86724 2
350 8880 35520 195360 1
351 6431 64310 109327 3
352 5407 135175 183838 5
353 7206 28824 79266 1
354 5111 20444 81776 2
355 8486 169720 229122 3
356 915 14640 21960 4
357 10735 32205 203965 4
358 569 3414 13656 1
359 10113 40452 212373 2
360 8760 17520 61320 5
361 9695 116340 319935 3
362 6287 18861 37722 5
363 2820 2820 16920 1
364 10101 50505 60606 3
365 5037 15111 25185 4
366 8279 124185 289765 1
367 2250 54000 58500 2
368 5047 60564 85799 2
369 241 4820 9881 3
370 10972 21944 87776 3
371 10872 32616 228312 3
372 4447 8894 102281 4
373 2949 47184 91419 3
374 84 336 1596 1
375 9633 192660 250458 3
376 2609 10436 46962 2
377 10326 154890 237498 2
378 5841 23364 40887 5
379 7966 143388 191184 5
380 1966 5898 23592 4
381 867 17340 26877 4
382 5564 38948 50076 1
383 10348 155220 382876 2
384 4769 143070 200298 2
385 23 460 667 2
386 7545 90540 98085 3
387 4430 8860 101890 2
388 253 759 5060 1
389 7945 15890 119175 4
390 7662 229860 390762 3
391 7196 43176 107940 1
392 7245 28980 188370 1
393 10842 65052 260208 5
394 3047 54846 88363 4
395 2390 11950 59750 2
396 4663 55956 135227 1
397 1946 46704 52542 2
398 4613 27678 59969 4
399 9126 54756 109512 4
400 4822 9644 81974 3
401 3984 71712 123504 4
402 2182 6546 32730 4
403 1410 33840 42300 1
404 5014 25070 30084 4
405 5952 47616 160704 4
406 1424 34176 45568 2
407 2598 64950 70146 4
408 3492 41904 101268 5
409 6506 58554 123614 4
410 1857 11142 31569 2
411 6806 136120 163344 4
412 4585 13755 73360 3
413 3542 42504 70840 3
414 8153 0 105989 5
415 3694 0 36940 3
416 6885 137700 213435 5
417 4138 82760 153106 3
418 7447 37235 81917 5
419 2602 31224 41632 4
420 820 13120 22140 1
421 1245 4980 7470 3
422 1806 14448 52374 5
423 4274 8548 38466 3
424 2422 24220 26642 2
425 6647 79764 199410 5
426 10665 42660 74655 3
427 5969 23876 131318 3
428 3116 37392 52972 1
429 302 7550 13288 2
430 3219 64380 119103 2
431 10415 83320 114565 5
432 8917 142672 196174 4
433 9089 136335 145424 1
434 7050 169200 324300 2
435 5097 20388 112134 3
436 5865 29325 99705 3
437 4443 0 26658 2
438 5328 133200 154512 5
439 2818 101448 129628 2
440 1678 25170 30204 3
441 6999 55992 139980 5
442 2170 0 32550 3
443 1131 3393 23751 1
444 1644 3288 16440 5
445 5380 161400 269000 4
446 8897 35588 133455 3
447 7149 21447 114384 5
448 4474 26844 111850 3
449 10967 131604 318043 3
450 1314 13140 28908 2
451 3692 110760 169832 2
452 2401 28812 76832 4
453 10536 94824 210720 3
454 10495 31485 241385 4
455 5560 33360 155680 4
456 6743 107888 148346 1
457 6147 73764 141381 2
458 10764 32292 236808 4
459 2876 51768 103536 1
460 3006 27054 51102 5
461 7258 58064 210482 1
462 6709 67090 167725 3
463 3896 35064 50648 5
464 925 16650 24975 2
465 10213 30639 132769 2
466 9804 29412 107844 4
467 2357 4714 40069 3
468 8963 53778 98593 5
469 154 4620 6314 1
470 7356 88272 228036 1
471 4839 14517 38712 2
472 2955 11820 70920 1
473 2607 26070 46926 5
474 4702 0 103444 5
475 9632 0 144480 2
476 3899 58485 77980 3
477 7563 151260 257142 1
478 2177 65310 104496 1
479 1365 16380 31395 1
480 2864 8592 65872 4
481 3480 41760 48720 5
482 7540 60320 211120 2
483 9545 95450 143175 2
484 8711 261330 409417 4
485 2539 25390 48241 1
486 1402 1402 32246 4
487 4795 71925 86310 5
488 7164 85968 243576 3
489 10403 20806 228866 3
490 2079 20790 33264 3
491 3638 43656 50932 2
492 9156 54936 155652 2
493 3273 26184 58914 3
494 8661 17322 207864 3
495 9499 28497 94990 5
496 9032 36128 117416 2
497 3415 51225 64885 4
498 2979 71496 83412 1
499 9101 182020 282131 3
500 9351 233775 392742 2
