0001 17498 209976 332462 1
0002 3888 15552 66096 1
0003 29416 441240 1294304 4
0004 27678 110712 332136 1
0005 11537 230740 242277 4
0006 3790 113700 178130 3
0007 29149 116596 874470 1
0008 2435 12175 41395 3
0009 10507 157605 357238 3
0010 24049 48098 432882 5
0011 1976 15808 55328 3
0012 12379 148548 408507 4
0013 3792 0 30336 5
0014 28897 28897 144485 2
0015 3993 31944 79860 1
0016 4012 72216 160480 4
0017 30987 92961 123948 2
0018 4825 28950 86850 1
0019 22600 226000 474600 1
0020 22936 825696 1536712 4
0021 21503 64509 516072 3
0022 26309 789270 1499613 2
0023 16882 253230 692162 5
0024 22225 133350 333375 4
0025 27832 222656 667968 5
0026 18754 187540 750160 1
0027 21758 261096 348128 4
0028 23734 213606 332276 3
0029 13222 330550 594990 2
0030 3307 13228 56219 2
0031 8673 86730 138768 1
0032 28404 142020 908928 4
0033 5546 166380 232932 1
0034 15953 191436 462637 4
0035 8252 247560 495120 1
0036 26271 78813 394065 2
0037 6407 76884 249873 1
0038 2676 80280 125772 5
0039 7392 29568 88704 3
0040 20642 20642 557334 5
0041 4042 24252 32336 5
0042 6032 96512 114608 3
0043 17644 352880 652828 5
0044 4992 59904 94848 2
0045 6706 67060 107296 4
0046 1907 3814 7628 2
0047 28579 257211 314369 1
0048 5197 124728 218274 4
0049 136 544 4352 2
0050 11296 22592 327584 4
0051 19201 345618 614432 4
0052 9931 148965 218482 4
0053 5971 35826 47768 1
0054 20890 250680 793820 3
0055 19176 76704 460224 5
0056 22650 181200 407700 5
0057 15638 125104 453502 2
0058 6304 18912 189120 2
0059 15601 46803 327621 5
0060 19577 156616 195770 1
0061 4345 78210 104280 2
0062 13105 209680 340730 1
0063 2111 52775 67552 2
0064 29224 175344 1052064 4
0065 10170 20340 305100 2
0066 12222 73332 268884 4
0067 16166 258656 565810 1
0068 23727 71181 450813 4
0069 3876 31008 96900 3
0070 15393 46179 230895 1
0071 2651 0 58322 1
0072 19700 197000 433400 2
0073 8176 32704 122640 5
0074 22085 795060 905485 4
0075 19982 599460 1059046 3
0076 9871 236904 473808 3
0077 19177 153416 498602 4
0078 9660 38640 231840 4
0079 23607 141642 188856 2
0080 4692 14076 93840 3
0081 14139 113112 212085 1
0082 3288 19728 26304 5
0083 11135 55675 356320 4
0084 17444 104664 313992 1
0085 12937 129370 517480 2
0086 7434 74340 208152 4
0087 29952 359424 1108224 1
0088 15856 15856 174416 2
0089 6243 24972 168561 3
0090 17291 345820 847259 1
0091 4412 52944 132360 4
0092 29867 0 686941 2
0093 19116 95580 554364 2
0094 30478 182868 1036252 1
0095 3327 53232 109791 4
0096 3251 3251 45514 5
0097 28484 256356 883004 1
0098 7034 14068 84408 2
0099 28869 0 375297 2
0100 3234 48510 113190 4
0101 28053 420795 1009908 1
0102 15515 155150 263755 2
0103 2651 13255 95436 2
0104 24197 871092 1476017 1
0105 28276 28276 367588 5
0106 22491 337365 449820 1
0107 7796 31184 194900 5
0108 14625 58500 175500 5
0109 15859 95154 333039 3
0110 10643 42572 287361 5
0111 20883 417660 814437 1
0112 19137 57411 248781 3
0113 3922 7844 62752 1
0114 11006 88048 396216 5
0115 18730 37460 112380 3
0116 22801 364816 570025 2
0117 1729 41496 77805 3
0118 13129 39387 170677 4
0119 30547 610940 1557897 1
0120 6527 156648 234972 4
0121 17260 103560 638620 5
0122 16040 320800 401000 5
0123 16767 201204 620379 2
0124 19616 294240 353088 1
0125 585 585 3510 1
0126 6850 102750 246600 3
0127 25658 769740 1103294 2
0128 26907 134535 699582 3
0129 30001 540018 1170039 3
0130 29103 29103 145515 4
0131 28938 86814 549822 3
0132 16309 65236 277253 2
0133 18300 329400 860100 4
0134 2297 80395 144711 2
0135 22692 136152 249612 1
0136 15007 60028 180084 1
0137 13517 202755 554197 1
0138 17511 262665 490308 4
0139 17565 210780 632340 2
0140 7789 46734 116835 4
0141 2262 13572 24882 1
0142 20187 0 444114 1
0143 4330 69280 103920 2
0144 9383 112596 347171 3
0145 24430 390880 1074920 1
0146 17950 71800 556450 4
0147 20448 81792 654336 2
0148 6481 0 64810 5
0149 28830 288300 1095540 5
0150 24936 299232 473784 2
0151 30592 183552 458880 3
0152 11388 91104 170820 4
0153 25564 102256 357896 5
0154 13343 106744 280203 3
0155 2221 26652 66630 4
0156 30383 911490 1002639 4
0157 23955 598875 742605 5
0158 18240 273600 528960 2
0159 7276 87312 94588 3
0160 23657 141942 307541 4
0161 17942 0 430608 3
0162 17780 213360 266700 4
0163 500 3000 9500 5
0164 7749 116235 139482 1
0165 10169 10169 152535 1
0166 7368 44208 257880 2
0167 18691 299056 859786 1
0168 27099 81297 867168 2
0169 13397 214352 348322 3
0170 11841 142092 260502 1
0171 19409 97045 155272 4
0172 18917 75668 340506 5
0173 3411 40932 115974 2
0174 11679 210222 303654 2
0175 1897 17073 73983 2
0176 29353 29353 352236 1
0177 27589 331068 1103560 3
0178 12602 75612 88214 4
0179 17707 0 212484 4
0180 28275 565500 961350 4
0181 18058 72232 379218 2
0182 13363 80178 374164 3
0183 4947 39576 133569 3
0184 20493 307395 676269 4
0185 29669 267021 504373 2
0186 6670 46690 73370 1
0187 19250 462000 712250 3
0188 12096 72576 302400 3
0189 30692 613840 1565292 5
0190 24258 727740 1091610 1
0191 12807 102456 243333 1
0192 3761 11283 22566 4
0193 30858 185148 1080030 1
0194 21117 253404 865797 5
0195 10719 171504 267975 4
0196 9185 45925 266365 2
0197 11842 213156 248682 4
0198 20058 40116 220638 5
0199 27812 111248 834360 1
0200 29121 116484 640662 1
0201 21705 130230 151935 4
0202 19666 294990 393320 5
0203 19603 470472 999753 5
0204 21685 173480 498755 1
0205 2044 6132 53144 4
0206 1129 4516 16935 2
0207 12145 72870 412930 2
0208 22692 90768 226920 1
0209 27826 333912 834780 2
0210 14404 259272 331292 5
0211 25798 51596 748142 1
0212 30596 458940 979072 1
0213 16054 128432 529782 3
0214 24491 146946 685748 2
0215 12294 110646 135234 4
0216 6700 26800 147400 3
0217 17236 0 327484 3
0218 28552 342624 628144 3
0219 20676 372168 765012 1
0220 15182 364368 531370 2
0221 30779 554022 1077265 5
0222 28857 461712 1298565 1
0223 3585 71700 143400 1
0224 5355 128520 214200 4
0225 12311 61555 73866 1
0226 28848 144240 288480 2
0227 26284 0 788520 2
0228 9701 116412 242525 2
0229 18049 433176 938548 2
0230 335 3350 12060 2
0231 21420 128520 556920 3
0232 6991 20973 62919 4
0233 28377 227016 312147 3
0234 8113 81130 251503 2
0235 20052 401040 541404 3
0236 5014 30084 185518 1
0237 19094 114564 477350 4
0238 1053 1053 26325 3
0239 6019 0 48152 3
0240 22150 0 22150 5
0241 14487 86922 536019 4
0242 20569 205690 575932 3
0243 11149 44596 234129 5
0244 5755 46040 201425 3
0245 5809 116180 278832 4
0246 21679 65037 86716 4
0247 11401 57005 364832 3
0248 30186 241488 1177254 4
0249 7217 64953 252595 5
0250 112 224 336 5
0251 7209 64881 108135 5
0252 11979 47916 143748 1
0253 8747 17494 174940 4
0254 25338 253380 557436 1
0255 9926 119112 268002 4
0256 5056 20224 136512 4
0257 15282 45846 168102 4
0258 1468 17616 52848 1
0259 5716 34296 62876 5
0260 22975 229750 390575 4
0261 5967 71604 83538 4
0262 3230 48450 93670 5
0263 13548 108384 284508 4
0264 28925 173550 723125 4
0265 14062 281240 478108 2
0266 26498 317976 980426 4
0267 16387 98322 180257 3
0268 5516 22064 182028 1
0269 7166 14332 186316 1
0270 18984 170856 607488 2
0271 24572 245720 712588 3
0272 6682 160368 267280 1
0273 11934 0 322218 3
0274 18698 74792 373960 3
0275 25378 101512 228402 4
0276 30638 367656 459570 3
0277 25479 229311 560538 3
0278 19028 19028 589868 5
0279 13546 81276 243828 1
0280 28939 231512 723475 4
0281 1874 11244 14992 1
0282 6043 0 132946 5
0283 15174 45522 106218 1
0284 23225 139350 766425 3
0285 7726 15452 193150 1
0286 19140 153120 478500 2
0287 18791 112746 507357 1
0288 2849 22792 48433 4
0289 13036 260720 625728 2
0290 13096 52384 340496 3
0291 2702 10808 45934 2
0292 8082 0 177804 1
0293 11461 137532 492823 3
0294 22132 88528 376244 3
0295 29565 266085 679995 4
0296 21234 106170 509616 3
0297 27598 220784 993528 2
0298 648 12960 20736 2
0299 20784 41568 207840 3
0300 496 496 10912 5
0301 11010 528480 682620 4
0302 28564 171384 285640 3
0303 21302 21302 85208 2
0304 28033 420495 925089 5
0305 17987 0 377727 5
0306 14257 28514 384939 3
0307 13354 320496 574222 5
0308 3189 38268 133938 1
0309 19665 78660 98325 4
0310 27074 216592 676850 5
0311 13963 418890 754002 3
0312 841 5046 25230 3
0313 7950 159000 325950 5
0314 10092 302760 504600 5
0315 2703 10812 51357 2
0316 19917 159336 577593 5
0317 11167 134004 156338 1
0318 12234 146808 464892 3
0319 10425 20850 83400 1
0320 2178 39204 41382 2
0321 24126 482520 506646 3
0322 1883 37660 64022 3
0323 3557 21342 46241 3
0324 16629 199548 598644 4
0325 30753 369036 430542 4
0326 6972 104580 195216 5
0327 10969 54845 65814 2
0328 1172 14064 26956 3
0329 24119 385904 771808 1
0330 2537 2537 27907 3
0331 9201 165618 312834 3
0332 22093 353488 1016278 1
0333 3025 18150 63525 4
0334 11648 34944 384384 1
0335 1062 4248 12744 2
0336 14003 84018 182039 3
0337 11542 57710 196214 2
0338 1696 50880 78016 3
0339 23593 94372 637011 5
0340 25334 304008 785354 5
0341 1591 12728 27047 1
0342 29095 1309275 1600225 4
0343 13066 104528 209056 3
0344 12551 376530 489489 2
0345 28235 564700 1383515 1
0346 9026 27078 90260 5
0347 30028 60056 870812 3
0348 2874 22992 89094 3
0349 23736 569664 1068120 1
0350 2174 43480 65220 1
0351 428 3424 16692 1
0352 26735 267350 882255 1
0353 2271 9084 34065 2
0354 10671 106710 117381 1
0355 13767 247806 550680 2
0356 22795 45590 661055 3
0357 24763 0 24763 2
0358 783 7830 19575 1
0359 6182 74184 191642 5
0360 24960 0 599040 5
0361 29524 177144 856196 2
0362 21573 43146 409887 5
0363 8152 16304 146736 4
0364 22412 358592 403416 5
0365 20727 248724 290178 2
0366 17768 319824 692952 3
0367 906 10872 17214 3
0368 23528 188224 729368 1
0369 28123 281230 1124920 3
0370 3278 3278 29502 3
0371 17733 638388 868917 4
0372 13106 104848 458710 5
0373 6852 20556 27408 3
0374 16120 193440 515840 5
0375 2802 42030 86862 2
0376 25023 600552 800736 4
0377 826 2478 13216 1
0378 4280 51360 158360 5
0379 10334 62004 320354 2
0380 13129 183806 551418 4
0381 22729 90916 409122 4
0382 1682 33640 57188 1
0383 15309 275562 642978 1
0384 1172 46880 56256 4
0385 17441 139528 662758 3
0386 1915 22980 63195 2
0387 24969 224721 848946 3
0388 12529 200464 438515 5
0389 26199 209592 576378 2
0390 29880 358560 657360 5
0391 10352 124224 331264 3
0392 25170 50340 402720 3
0393 2839 11356 42585 3
0394 261 5220 7047 3
0395 7604 68436 235724 5
0396 27955 698875 1174110 4
0397 326 1304 9128 5
0398 27110 271100 352430 4
0399 10493 104930 178381 5
0400 29250 0 58500 5
0401 7201 57608 79211 1
0402 4277 25662 94094 4
0403 4684 37472 173308 5
0404 21340 213400 789580 5
0405 27616 0 276160 3
0406 23522 117610 235220 1
0407 11707 163898 479987 1
0408 21290 191610 681280 2
0409 12902 25804 425766 3
0410 2849 34188 37037 3
0411 27909 697725 1395450 2
0412 8245 98940 131920 5
0413 8049 64392 241470 2
0414 28975 0 608475 1
0415 8216 65728 295776 4
0416 13836 110688 290556 3
0417 26894 484092 968184 3
0418 22868 182944 891852 1
0419 26593 239337 319116 3
0420 30110 541980 873190 3
0421 8577 85770 120078 5
0422 3995 59925 107865 4
0423 19851 357318 893295 5
0424 16760 83800 117320 3
0425 7019 84228 182494 5
0426 18750 56250 187500 2
0427 10820 270500 595100 1
0428 10035 40140 140490 2
0429 22453 179624 853214 1
0430 1812 43488 56172 1
0431 9403 37612 282090 2
0432 3820 11460 45840 2
0433 566 5094 19244 4
0434 21285 532125 595980 3
0435 25136 904896 1457888 3
0436 7505 120080 285190 5
0437 4380 35040 144540 3
0438 26876 53752 215008 2
0439 7714 138852 269990 4
0440 28222 56444 620884 1
0441 17816 53448 178160 4
0442 25689 462402 924804 3
0443 14690 88140 249730 5
0444 6896 62064 186192 3
0445 1159 34770 50996 1
0446 23882 47764 310466 1
0447 6054 72648 115026 1
0448 534 9612 24564 4
0449 7833 70497 148827 4
0450 12890 193350 360920 3
0451 9076 54456 72608 3
0452 7602 45612 258468 1
0453 19414 97070 407694 1
0454 25287 531027 657462 3
0455 3107 37284 77675 4
0456 14428 230848 302988 1
0457 23628 708840 874236 3
0458 1665 19980 61605 4
0459 1403 5612 36478 4
0460 1390 4170 37530 3
0461 23662 70986 520564 1
0462 17694 212328 530820 5
0463 15596 842184 1044932 4
0464 14200 85200 383400 1
0465 25888 414208 750752 5
0466 30305 121220 909150 2
0467 18831 282465 809733 5
0468 27357 246213 1094280 2
0469 2826 16956 79128 5
0470 18642 223704 354198 5
0471 1389 11112 34725 4
0472 23646 283752 874902 5
0473 13168 39504 263360 1
0474 29607 355284 1273101 4
0475 17893 53679 178930 3
0476 15860 142740 412360 3
0477 14414 172968 389178 1
0478 26265 52530 709155 5
0479 10705 214100 256920 3
0480 16512 49536 561408 1
0481 8339 83390 91729 4
0482 6489 77868 272538 5
0483 646 1292 18088 2
0484 19392 174528 717504 4
0485 17643 52929 299931 3
0486 1792 14336 66304 5
0487 23105 231050 300365 3
0488 27523 220184 302753 4
0489 4012 4012 28084 5
0490 447 10728 16092 5
0491 16572 99432 513732 1
0492 7297 109455 204316 2
0493 4132 66112 90904 1
0494 12839 154068 308136 1
0495 138 552 4278 5
0496 29232 701568 1286208 3
0497 16579 331580 828950 5
0498 19424 58272 563296 3
0499 12217 36651 85519 2
0500 26501 53002 238509 1
0501 22643 203787 362288 4
0502 20291 162328 304365 3
0503 30194 905820 1177566 5
0504 13051 313224 508989 3
0505 18448 110688 682576 5
0506 20505 82020 164040 4
0507 11174 100566 111740 2
0508 19055 190550 647870 1
0509 15665 281970 673595 5
0510 16536 33072 463008 5
0511 25245 403920 984555 2
0512 2702 48636 126994 4
0513 23871 95484 668388 4
0514 3957 47484 102882 2
0515 10340 310200 413600 1
0516 17233 344660 465291 4
0517 19583 704988 861652 5
0518 11426 91408 159964 2
0519 30333 303330 818991 5
0520 16220 145980 470380 4
0521 21752 174016 348032 5
0522 8803 316908 422544 5
0523 1040 12480 30160 1
0524 2267 34005 36272 1
0525 6433 64330 212289 3
0526 26756 401340 802680 5
0527 30862 370344 1141894 1
0528 24639 197112 936282 5
0529 27935 167610 363155 4
0530 23777 190216 618202 3
0531 14735 132615 515725 1
0532 19060 57180 533680 3
0533 20124 120744 543348 1
0534 5105 91890 219515 3
0535 6464 77568 135744 3
0536 6198 49584 216930 5
0537 474 2844 17064 5
0538 25794 515880 902790 5
0539 9196 18392 183920 4
0540 22708 227080 613116 2
0541 29774 595480 655028 1
0542 22133 88532 686123 5
0543 26502 159012 821562 4
0544 13834 110672 235178 5
0545 23838 572112 715140 3
0546 28540 285400 713500 1
0547 17659 211908 618065 2
0548 18615 148920 539835 2
0549 12029 72174 228551 3
0550 6807 40842 211017 1
0551 9617 57702 76936 2
0552 22549 180392 721568 1
0553 29086 145430 494462 4
0554 5010 30060 80160 4
0555 3943 39430 122233 4
0556 30599 91797 336589 2
0557 24811 148866 471409 1
0558 15035 90210 225525 1
0559 29743 59486 208201 5
0560 23890 191120 764480 1
0561 14299 214485 614857 2
0562 4874 73110 116976 1
0563 9493 94930 284790 5
0564 29509 708216 1209869 2
0565 25221 75663 403536 2
0566 1672 10032 20064 4
0567 29990 119960 449850 5
0568 12973 51892 428109 4
0569 15107 181284 574066 3
0570 624 6240 9360 5
0571 1169 14028 45591 1
0572 7604 152080 372596 5
0573 30941 556938 1330463 2
0574 13821 110568 276420 5
0575 11828 35484 307528 4
0576 17420 243880 679380 1
0577 13555 121995 406650 2
0578 14320 171840 358000 5
0579 11623 557904 639265 5
0580 10509 105090 357306 4
0581 25929 77787 466722 4
0582 3168 47520 82368 4
0583 5291 105820 158730 5
0584 14960 239360 613360 5
0585 22173 88692 221730 1
0586 26144 78432 627456 1
0587 17787 142296 320166 1
0588 23374 23374 584350 3
0589 28268 339216 480556 4
0590 16553 66212 446931 4
0591 10756 64536 150584 2
0592 19881 278334 417501 2
0593 23874 143244 716220 5
0594 16719 334380 752355 2
0595 13972 167664 181636 1
0596 15221 547956 684945 4
0597 16637 33274 83185 2
0598 24153 362295 603825 1
0599 20223 121338 384237 2
0600 24606 442908 861210 3
0601 5724 34344 177444 2
0602 27955 55910 726830 5
0603 13925 83550 306350 5
0604 19775 316400 355950 4
0605 14311 114488 372086 3
0606 18004 108024 432096 3
0607 30169 60338 482704 1
0608 16318 261088 277406 3
0609 19124 95620 267736 5
0610 8239 98868 255409 2
0611 12295 98360 122950 1
0612 25218 630450 1235682 2
0613 17461 279376 593674 5
0614 18106 217272 452650 2
0615 4921 9842 132867 5
0616 12528 313200 425952 2
0617 16432 197184 377936 3
0618 13236 317664 555912 4
0619 22031 132186 506713 5
0620 8174 163480 326960 5
0621 27136 162816 298496 2
0622 929 5574 14864 1
0623 13745 164940 206175 5
0624 27643 967505 1354507 2
0625 20163 40326 60489 2
0626 25483 203864 688041 2
0627 3377 3377 50655 3
0628 19945 79780 618295 4
0629 263 526 789 1
0630 20509 123054 287126 5
0631 14223 113784 170676 5
0632 25836 775080 1162620 5
0633 10772 43088 204668 1
0634 7486 7486 179664 3
0635 5333 42664 58663 4
0636 17829 285264 534870 2
0637 30015 180090 990495 4
0638 12533 125330 175462 3
0639 14538 363450 596058 4
0640 20048 20048 100240 2
0641 10927 131124 218540 2
0642 15710 188520 534140 3
0643 21852 174816 458892 4
0644 29376 440640 763776 4
0645 9200 55200 211600 5
0646 14192 0 241264 4
0647 420 840 3360 5
0648 4002 8004 40020 3
0649 22040 440800 815480 2
0650 8675 104100 294950 2
0651 11586 81102 440268 1
0652 3516 63288 98448 4
0653 696 5568 26448 3
0654 5939 29695 166292 5
0655 24723 0 568629 5
0656 10446 20892 313380 4
0657 12960 129600 272160 3
0658 22411 336165 560275 3
0659 15632 234480 328272 4
0660 8861 26583 115193 5
0661 23287 0 535601 4
0662 1183 29575 59150 3
0663 6527 39162 189283 1
0664 2361 23610 42498 1
0665 9430 94300 113160 4
0666 26742 133710 347646 2
0667 25484 305808 942908 4
0668 15547 186564 248752 3
0669 778 2334 18672 5
0670 14944 298880 687424 4
0671 5156 30936 134056 3
0672 19576 97880 508976 4
0673 14779 147790 532044 2
0674 15385 461550 907715 1
0675 5199 124776 129975 4
0676 9542 57252 114504 4
0677 536 6432 13936 5
0678 18674 224088 336132 5
0679 10406 0 301774 3
0680 24791 0 322283 3
0681 24323 291876 997243 1
0682 19769 553532 711684 2
0683 1669 0 18359 2
0684 28401 227208 710025 4
0685 2004 30060 40080 3
0686 9445 141675 425025 4
0687 22714 272568 976702 4
0688 20941 83764 670112 1
0689 7246 86952 108690 5
0690 12145 194320 570815 3
0691 28629 85887 200403 4
0692 16909 507270 608724 4
0693 12757 102056 382710 5
0694 16001 160010 400025 5
0695 10099 121188 222178 3
0696 7047 211410 281880 1
0697 9822 78576 117864 3
0698 16562 248430 579670 5
0699 6076 48608 176204 1
0700 12883 51532 141713 3
0701 23474 563376 892012 2
0702 16672 133376 383456 3
0703 11353 170295 431414 5
0704 19775 19775 59325 2
0705 7575 113625 196950 5
0706 12926 38778 349002 1
0707 22812 182496 615924 1
0708 2250 45000 87750 2
0709 30747 276723 860916 4
0710 18653 55959 261142 2
0711 1227 18405 50307 3
0712 120 960 4200 2
0713 13149 131490 262980 2
0714 27946 558920 1061948 5
0715 22877 45754 251647 5
0716 18664 37328 261296 2
0717 29733 594660 1397451 4
0718 5322 31932 154338 4
0719 8659 51954 103908 4
0720 19568 234816 371792 4
0721 13509 135090 553869 3
0722 30866 370392 1327238 5
0723 25596 614304 972648 3
0724 28057 28057 252513 3
0725 12394 123940 334638 2
0726 17884 357680 447100 5
0727 27236 435776 844316 2
0728 10687 42748 256488 4
0729 1164 13968 34920 5
0730 21964 43928 351424 1
0731 7121 85452 142420 1
0732 16925 609300 693925 1
0733 10698 128376 139074 4
0734 413 9912 11564 4
0735 22270 200430 289510 4
0736 12384 37152 235296 2
0737 5924 47392 94784 5
0738 18035 360700 450875 1
0739 17356 156204 329764 5
0740 20182 40364 363276 5
0741 14525 290500 392175 5
0742 1784 21408 64224 1
0743 665 16625 27930 5
0744 4236 0 12708 5
0745 27955 0 447280 3
0746 28758 431370 460128 4
0747 7120 71200 291920 3
0748 29158 87474 437370 4
0749 10856 0 108560 5
0750 26438 317256 475884 5
0751 16860 101160 252900 3
0752 13969 83814 488915 2
0753 10892 98028 359436 3
0754 29331 527958 1114578 1
0755 25793 257930 309516 2
0756 2606 20848 46908 1
0757 3285 98550 197100 3
0758 11881 71286 154453 2
0759 21070 632100 1074570 3
0760 4309 86180 116343 1
0761 28711 459376 660353 1
0762 2226 4452 44520 5
0763 25008 150048 550176 5
0764 6787 33935 142527 5
0765 27314 0 518966 2
0766 3273 26184 81825 3
0767 25288 151728 581624 4
0768 16515 99090 363330 3
0769 7852 157040 188448 4
0770 5060 60720 101200 2
0771 8083 40415 177826 5
0772 24930 448740 1047060 2
0773 27455 219640 823650 1
0774 8496 25488 135936 5
0775 3552 71040 152736 1
0776 15983 31966 159830 1
0777 30212 362544 392756 2
0778 18088 434112 723520 5
0779 10606 127272 339392 2
0780 28196 676704 986860 2
0781 26219 157314 970103 2
0782 6614 119052 205034 3
0783 7616 152320 327488 1
0784 14405 259290 417745 3
0785 18908 302528 737412 2
0786 23071 92284 530633 1
0787 26414 105656 581108 1
0788 19195 460680 633435 4
0789 7092 14184 170208 2
0790 10341 124092 341253 1
0791 1461 17532 40908 5
0792 23827 714810 1239004 5
0793 16309 163090 505579 5
0794 14748 176976 442440 1
0795 2175 8700 56550 1
0796 16639 299502 565726 3
0797 22442 673260 1256752 5
0798 9794 58764 195880 1
0799 418 1672 12958 2
0800 1580 14220 39500 1
0801 22621 22621 203589 3
0802 14328 171936 415512 2
0803 699 5592 14679 3
0804 27591 331092 855321 5
0805 15119 151190 241904 1
0806 8134 146412 366030 3
0807 550 2200 18150 4
0808 2965 59300 68195 2
0809 18398 183980 625532 3
0810 20003 180027 540081 4
0811 27681 110724 193767 5
0812 19817 356706 455791 5
0813 28598 343176 514764 4
0814 17522 315396 385484 5
0815 30776 553968 1107936 1
0816 25935 207480 311220 4
0817 13453 107624 457402 5
0818 19333 77332 212663 2
0819 19346 154768 348228 3
0820 4940 59280 83980 5
0821 12297 61485 307425 1
0822 1099 19782 38465 3
0823 24670 24670 394720 2
0824 8614 43070 301490 5
0825 4038 32304 104988 2
0826 5213 104260 229372 4
0827 25182 100728 881370 2
0828 24459 391344 807147 5
0829 23363 280356 327082 5
0830 8011 128176 232319 5
0831 7174 50218 208046 2
0832 29386 470176 617106 4
0833 11236 134832 460676 3
0834 16447 131576 608539 1
0835 8709 139344 148053 4
0836 2650 21200 42400 2
0837 18847 94235 226164 3
0838 8928 35712 214272 5
0839 21313 426260 895146 2
0840 3549 14196 31941 4
0841 27610 0 496980 3
0842 22738 341070 909520 4
0843 510 1020 13770 3
0844 11451 0 297726 5
0845 5709 22836 57090 1
0846 6512 39072 58608 5
0847 27404 1150968 1287988 1
0848 19568 78272 352224 2
0849 5131 61572 82096 5
0850 30025 240200 1080900 4
0851 26570 159420 478260 5
0852 22311 267732 691641 4
0853 23171 92684 208539 1
0854 2103 33648 73605 3
0855 29738 594760 1011092 4
0856 12097 108873 217746 5
0857 3206 28854 76944 3
0858 2621 31452 70767 1
0859 24653 862855 1257303 3
0860 15933 95598 462057 1
0861 9322 335592 400846 2
0862 8907 187047 311745 2
0863 9313 167634 409772 5
0864 28282 226256 933306 3
0865 16785 201420 621045 3
0866 26699 106796 320388 5
0867 4604 27624 128912 1
0868 11667 23334 151671 4
0869 16151 48453 129208 4
0870 3926 11778 121706 1
0871 13348 160176 547268 3
0872 22531 67593 630868 3
0873 13339 213424 333475 1
0874 29888 119552 328768 2
0875 24278 48556 461282 4
0876 25273 151638 606552 1
0877 9483 37932 142245 1
0878 11118 266832 555900 1
0879 12505 150060 262605 4
0880 26574 53148 79722 2
0881 16903 202836 219739 3
0882 13063 195945 522520 4
0883 30085 481360 902550 5
0884 29629 888870 977757 2
0885 27244 490392 1280468 2
0886 20677 82708 227447 2
0887 7059 84708 218829 4
0888 16876 253140 624412 5
0889 22810 45620 615870 4
0890 21097 126582 232067 1
0891 24675 370125 715575 4
0892 8678 26034 78102 3
0893 7388 132984 332460 3
0894 20220 80880 465060 1
0895 24625 49250 467875 5
0896 1051 10510 11561 4
0897 7638 30552 229140 2
0898 17986 107916 197846 3
0899 5428 27140 173696 2
0900 29711 356532 950752 5
0901 12316 307900 652748 4
0902 7801 0 179423 4
0903 6321 101136 151704 1
0904 15654 62616 172194 1
0905 25053 150318 901908 3
0906 7351 36755 220530 1
0907 30539 732936 1496411 5
0908 9260 111120 305580 1
0909 2835 70875 110565 2
0910 3842 23052 142154 5
0911 14474 57896 506590 4
0912 8755 131325 385220 3
0913 23138 69414 185104 5
0914 28836 346032 634392 4
0915 5780 46240 80920 2
0916 5948 118960 249816 1
0917 18790 37580 394590 3
0918 20895 376110 522375 2
0919 23871 71613 405807 3
0920 952 11424 30464 2
0921 25390 355460 660140 2
0922 857 5142 19711 5
0923 24511 441198 637286 3
0924 18782 150256 563460 2
0925 23299 46598 209691 4
0926 6659 19977 39954 5
0927 22173 221730 886920 3
0928 24850 621250 720650 5
0929 9828 19656 314496 2
0930 2533 7599 32929 2
0931 30397 486352 1367865 1
0932 354 6372 6726 3
0933 12529 62645 150348 3
0934 17466 209592 698640 4
0935 14608 350592 569712 1
0936 18973 75892 303568 2
0937 20020 60060 380380 3
0938 29133 0 524394 2
0939 20380 40760 224180 2
0940 685 1370 21235 4
0941 2636 5272 28996 2
0942 6171 61710 74052 5
0943 20155 100775 282170 4
0944 26333 631992 868989 2
0945 6598 19794 26392 5
0946 12783 102264 319575 3
0947 26455 52910 132275 1
0948 4787 119675 224989 4
0949 22408 268896 537792 5
0950 18064 144512 325152 4
0951 29964 0 599280 1
0952 7108 14216 85296 4
0953 16845 202140 269520 5
0954 22483 134898 449660 2
0955 17797 320346 783068 1
0956 7120 213600 242080 4
0957 9094 109128 172786 2
0958 27380 164280 821400 3
0959 29022 1044792 1247946 1
0960 5608 67296 168240 1
0961 13163 65815 118467 1
0962 1812 3624 56172 1
0963 5451 10902 43608 5
0964 18137 90685 380877 2
0965 13279 199185 504602 2
0966 13474 323376 417694 2
0967 28731 689544 1522743 4
0968 9971 99710 219362 3
0969 2549 7647 12745 3
0970 11236 101124 157304 4
0971 27552 110208 220416 5
0972 817 6536 13889 4
0973 29747 178482 356964 1
0974 15066 542376 617706 2
0975 4742 42678 61646 3
0976 23370 70110 350550 2
0977 27835 222680 1029895 2
0978 2381 23810 73811 2
0979 21975 0 175800 1
0980 18513 888624 925650 3
0981 8911 187131 249508 2
0982 27757 111028 305327 3
0983 205 3280 5330 1
0984 1312 2624 18368 5
0985 5705 114100 216790 2
0986 28329 113316 283290 1
0987 24807 74421 694596 2
0988 6042 18126 72504 5
0989 15923 143307 175153 4
0990 1602 14418 54468 3
0991 23594 0 519068 1
0992 11571 138852 300846 5
0993 14610 87660 409080 1
0994 9372 112464 206184 4
0995 28326 254934 453216 2
0996 20324 0 386156 2
0997 5540 11080 149580 4
0998 8197 32788 237713 2
0999 4846 4846 53306 1
1000 22620 226200 746460 3
