0001 79211 1108954 1742642 2
0002 71889 143778 647001 2
0003 87745 1842645 5703425 2
0004 75367 2261010 4898855 4
0005 39359 236154 314872 5
0006 5401 0 108020 1
0007 84272 1348352 2780976 3
0008 52064 260320 1978432 2
0009 12080 120800 579840 3
0010 80017 160034 2000425 5
0011 30738 461070 922140 5
0012 12557 100456 552508 4
0013 54781 0 54781 2
0014 77510 2170280 4883130 2
0015 73612 441672 662508 4
0016 2537 2537 83721 3
0017 3026 54468 163404 4
0018 72639 0 1452780 3
0019 39071 1172130 2500544 1
0020 30407 1489943 2037269 3
0021 64124 320620 2308464 2
0022 34045 408540 748990 4
0023 61324 367944 1349128 5
0024 19245 0 57735 3
0025 20201 202010 686834 1
0026 47661 667254 2192406 1
0027 72706 145412 363530 1
0028 35426 566816 2090134 4
0029 42320 169280 804080 4
0030 33230 199380 996900 4
0031 14164 113312 524068 5
0032 66195 2780190 5229405 1
0033 29440 471040 765440 1
0034 31624 379488 1264960 5
0035 50379 705306 1864023 1
0036 73650 441900 1104750 2
0037 26458 0 687908 4
0038 14828 59312 296560 2
0039 5118 122832 127950 3
0040 12212 146544 170968 2
0041 59185 710220 2485770 3
0042 7908 47448 189792 1
0043 1501 30020 52535 1
0044 71819 646371 3160036 4
0045 3174 9522 111090 5
0046 63920 319600 1214480 4
0047 81758 572306 2698014 1
0048 69587 1043805 3827285 2
0049 9219 82971 414855 4
0050 80934 485604 2832690 2
0051 51343 205372 667459 4
0052 31095 435330 1772415 3
0053 68655 823860 3020820 1
0054 21829 152803 327435 4
0055 53022 1908792 2704122 1
0056 19947 19947 757986 3
0057 42351 1016424 1355232 2
0058 2606 15636 88604 1
0059 5826 58260 221388 4
0060 47167 1981014 3443191 2
0061 79346 1904304 3808608 5
0062 76953 230859 615624 1
0063 71261 1425220 2779179 1
0064 50451 403608 1362177 2
0065 41591 499092 1788413 5
0066 77617 931404 3104680 4
0067 77095 770950 2004470 2
0068 2694 75432 161640 1
0069 75132 300528 676188 1
0070 77559 1240944 4420863 5
0071 52711 2213862 2899105 1
0072 79 790 3634 5
0073 56877 341262 1649433 4
0074 35021 210126 1681008 2
0075 75459 452754 1056426 2
0076 51351 205404 821616 3
0077 49724 497240 2337028 5
0078 24167 169169 241670 1
0079 30429 1460592 2556036 2
0080 56382 112764 338292 5
0081 20991 209910 986577 1
0082 16556 132448 347676 5
0083 15939 255024 653499 3
0084 14412 288240 893544 5
0085 45362 272172 2222738 5
0086 81456 325824 1221840 5
0087 1977 7908 86988 4
0088 29884 59768 1314896 4
0089 11639 349170 675062 2
0090 87303 349212 1571454 5
0091 74159 889908 3411314 3
0092 61224 244896 1530600 4
0093 25854 310248 413664 3
0094 39837 159348 1115436 1
0095 34038 34038 68076 4
0096 78989 3317538 5134285 4
0097 27454 439264 1290338 1
0098 45819 366552 595647 4
0099 963 33705 38520 2
0100 10659 42636 426360 5
0101 22678 22678 997832 3
0102 19486 116916 370234 5
0103 28717 689208 1263548 2
0104 66720 533760 800640 5
0105 66003 1188054 3498159 5
0106 40659 487908 691203 3
0107 73342 1320156 2640312 5
0108 87497 1224958 3587377 5
0109 9931 0 99310 2
0110 6660 13320 19980 4
0111 35821 859704 1217914 2
0112 49323 147969 2022243 1
0113 54673 1530844 1749536 5
0114 28484 170904 712100 2
0115 87897 791073 3076395 2
0116 68897 964558 3720438 2
0117 24929 448722 1445882 2
0118 5597 55970 190298 3
0119 47067 188268 1929747 2
0120 1753 28048 36813 3
0121 66758 667580 1134886 5
0122 75327 150654 3088407 4
0123 18497 258958 924850 3
0124 72971 1167536 2335072 3
0125 83650 334600 2927750 5
0126 44298 531576 1461834 4
0127 66633 799596 2265522 3
0128 13475 26950 53900 2
0129 18290 164610 823050 3
0130 64414 644140 1352694 4
0131 28968 57936 202776 1
0132 72484 652356 2247004 3
0133 68770 550160 1031550 3
0134 30870 61740 648270 1
0135 71726 717260 1434520 5
0136 1309 19635 32725 4
0137 81118 1216770 2676894 4
0138 420 8820 17220 5
0139 5143 10286 118289 4
0140 5020 5020 40160 3
0141 2126 44646 78662 2
0142 72558 145116 435348 5
0143 73417 513919 2422761 5
0144 75698 2270940 3255014 2
0145 55912 1956920 4305224 3
0146 80766 1130724 4522896 3
0147 17587 140696 334153 1
0148 10945 164175 601975 3
0149 50092 2103864 2504600 1
0150 8646 172920 276672 5
0151 38504 269528 924096 4
0152 77127 308508 1388286 3
0153 83383 833830 4252533 5
0154 36895 258265 811690 1
0155 77265 1158975 3245130 2
0156 79384 317536 793840 3
0157 85630 1284450 2055120 3
0158 45032 270192 1260896 5
0159 77540 1163100 3721920 3
0160 1115 26760 54635 2
0161 75602 907224 1890050 3
0162 17801 178010 462826 3
0163 39316 707688 1494008 5
0164 69735 348675 767085 2
0165 47232 850176 2172672 5
0166 67820 542560 2916260 3
0167 73461 146922 1175376 1
0168 24659 295908 764429 3
0169 41757 1252710 2254878 4
0170 56456 1411400 2709888 4
0171 73720 2580200 5086680 4
0172 1648 9888 65920 1
0173 15873 285714 492063 1
0174 31162 186972 311620 5
0175 32960 791040 1582080 3
0176 56948 1708440 3929412 4
0177 87588 525528 2277288 1
0178 83356 1500408 4667936 5
0179 12621 63105 567945 2
0180 68763 0 343815 1
0181 32643 195858 261144 5
0182 30937 464055 1732472 5
0183 26929 646296 1534953 5
0184 17517 52551 578061 1
0185 22663 271956 453260 2
0186 1487 17844 37175 4
0187 52919 2222598 2487193 5
0188 16273 65092 406825 1
0189 68091 817092 2927913 2
0190 75972 75972 151944 1
0191 25354 380310 735266 2
0192 20089 482136 1124984 3
0193 6258 262836 331674 4
0194 27902 585942 1004472 2
0195 7033 126594 246155 3
0196 8374 125610 427074 3
0197 339 3051 3390 3
0198 17845 356900 999320 1
0199 86222 172444 344888 2
0200 68729 549832 1099664 2
0201 83821 167642 3604303 5
0202 22122 176976 353952 1
0203 10682 149548 352506 4
0204 15728 188736 519024 4
0205 14137 254466 579617 1
0206 85966 171932 1461422 5
0207 27928 55856 167568 2
0208 28732 517176 545908 3
0209 74458 670122 819038 1
0210 17533 210396 490924 1
0211 35725 1000300 2286400 3
0212 54169 1516732 3629323 5
0213 72474 2536590 4348440 3
0214 23200 696000 1368800 5
0215 45050 135150 1396550 4
0216 21765 326475 827070 1
0217 48374 967480 1015854 5
0218 15333 0 122664 2
0219 60323 180969 2231951 2
0220 56464 338784 2484416 5
0221 6629 39774 79548 3
0222 6473 181244 433691 2
0223 6225 6225 124500 3
0224 49635 794160 1042335 4
0225 64258 2698836 2763094 3
0226 87648 1314720 2103552 4
0227 17103 102618 855150 3
0228 80218 2406540 4973516 3
0229 58226 116452 524034 4
0230 29123 349476 407722 3
0231 32150 450100 1286000 3
0232 31617 284553 1675701 1
0233 16857 0 67428 3
0234 14488 86928 622984 2
0235 55885 335310 950045 5
0236 52480 104960 157440 1
0237 23627 425286 779691 3
0238 155 3255 8370 5
0239 20473 102365 941758 3
0240 3476 52140 163372 3
0241 47597 761552 1856283 1
0242 15288 91728 687960 3
0243 21831 764085 982395 2
0244 72872 1093080 1967544 1
0245 76943 461658 3385492 2
0246 63965 383790 2366705 3
0247 40883 654128 695011 1
0248 14533 0 276127 2
0249 65981 791772 1319620 4
0250 33384 400608 1635816 3
0251 12060 48240 494460 2
0252 72506 290024 2755228 5
0253 54856 329136 1042264 1
0254 18917 94585 643178 4
0255 10926 32778 142038 2
0256 75485 2717460 2868430 2
0257 22451 471471 1302158 3
0258 66221 794652 2979945 5
0259 66308 663080 1127236 3
0260 60075 120150 600750 4
0261 12578 0 251560 4
0262 64687 1164366 3816533 3
0263 82252 82252 164504 3
0264 37268 223608 1565256 3
0265 67859 2442924 4207258 2
0266 81284 812840 894124 5
0267 79893 1597860 4394115 1
0268 80981 2915316 3077278 5
0269 16408 98448 393792 5
0270 56178 2752722 5168376 4
0271 76739 1227824 2302170 5
0272 76294 762940 3204348 4
0273 10089 161424 474183 5
0274 82992 746928 2323776 1
0275 10986 21972 450426 4
0276 72851 509957 874212 1
0277 81873 163746 2292444 2
0278 77659 1553180 3416996 1
0279 8640 483840 544320 3
0280 86734 260202 1561212 3
0281 29997 179982 1379862 5
0282 82556 247668 3137128 4
0283 75646 1134690 1210336 4
0284 71527 286108 2646499 4
0285 3139 37668 128699 4
0286 9233 36932 212359 1
0287 5226 125424 297882 2
0288 50776 1777160 3351216 3
0289 27115 54230 867680 2
0290 66002 792024 3696112 4
0291 79560 0 2705040 2
0292 3242 32420 48630 5
0293 7243 173832 463552 1
0294 8492 178332 441584 3
0295 25523 255230 433891 2
0296 14366 344784 589006 4
0297 82379 823790 3048023 2
0298 82064 1969536 3774944 4
0299 22553 90212 157871 3
0300 31148 186888 436072 5
0301 7009 21027 35045 1
0302 48336 241680 1256736 5
0303 5799 81186 86985 2
0304 63048 189144 378288 4
0305 1087 19566 45654 2
0306 74528 670752 2086784 4
0307 9382 28146 46910 1
0308 3076 36912 169180 5
0309 85307 511842 767763 3
0310 44287 177148 752879 2
0311 33239 465346 1130126 1
0312 82721 827210 3722445 4
0313 87558 1576044 2801856 2
0314 37123 445476 668214 4
0315 67167 1209006 4030020 3
0316 73124 365620 438744 1
0317 66749 133498 333745 1
0318 83959 503754 2938565 4
0319 59567 238268 1906144 2
0320 74391 3645159 5802498 4
0321 84563 4143587 5750284 2
0322 17221 103326 292757 4
0323 63609 508872 1399398 4
0324 69714 836568 2718846 1
0325 50728 202912 456552 2
0326 46631 93262 2098395 5
0327 79809 0 1197135 2
0328 38276 535864 2181732 3
0329 67408 2359280 3909664 3
0330 19695 590850 905970 5
0331 434 5208 23002 4
0332 60137 721644 1082466 4
0333 74019 148038 2146551 4
0334 22775 409950 1184300 3
0335 69721 836652 1324699 1
0336 83882 1677640 4949038 3
0337 28523 57046 1226489 2
0338 34214 547424 821136 2
0339 12243 183645 391776 3
0340 56384 507456 2593664 3
0341 53971 215884 2428695 4
0342 33367 400404 1434781 3
0343 9519 304608 599697 4
0344 77609 776090 2328270 2
0345 3271 49065 150466 2
0346 40089 962136 1042314 2
0347 76245 1906125 4650945 1
0348 4586 18344 105478 2
0349 21804 457884 1395456 2
0350 2646 26460 87318 3
0351 12758 102064 127580 1
0352 72412 1013768 3837836 4
0353 20197 282758 969456 2
0354 42199 759582 2616338 3
0355 33526 134104 268208 5
0356 79863 319452 2715342 2
0357 68255 819060 3071475 2
0358 6590 184520 224060 1
0359 15612 140508 374688 5
0360 50130 601560 2807280 5
0361 4247 4247 16988 5
0362 56957 170871 1025226 3
0363 34907 139628 1605722 3
0364 81021 1701441 3807987 2
0365 3570 53550 110670 1
0366 3027 3027 27243 5
0367 16913 16913 473564 3
0368 56209 449672 505881 1
0369 30909 61818 123636 5
0370 84185 84185 3030660 2
0371 62582 312910 750984 5
0372 30317 242536 1515850 5
0373 77479 1936975 3796471 2
0374 71762 1435240 1722288 5
0375 2604 46872 72912 3
0376 74367 743670 3346515 4
0377 28537 171222 513666 1
0378 32428 1815968 2334816 3
0379 48822 146466 488220 1
0380 78448 3294816 6040496 1
0381 48918 293508 2103474 3
0382 78583 942996 2986154 3
0383 22846 182768 502612 3
0384 46221 46221 92442 3
0385 28715 172290 574300 4
0386 45421 272526 1226367 5
0387 22718 136308 795130 4
0388 69490 138980 2293170 4
0389 48109 192436 1250834 2
0390 9660 241500 531300 5
0391 70782 353910 2972844 4
0392 37556 150224 938900 4
0393 62147 559323 1180793 2
0394 53555 107110 2142200 1
0395 44424 666360 1510416 2
0396 21855 131130 764925 1
0397 41321 330568 537173 2
0398 12587 264327 402784 5
0399 59297 237188 711564 3
0400 4215 118020 189675 3
0401 16489 296802 956362 5
0402 31599 284391 979569 1
0403 32241 161205 1515327 3
0404 70118 841416 2103540 1
0405 17724 283584 443100 2
0406 52238 208952 2455186 4
0407 44774 89548 1477542 5
0408 78699 1416582 1573980 1
0409 41200 288400 1936400 5
0410 51005 0 510050 1
0411 8780 8780 201940 4
0412 77198 463188 3551108 4
0413 58854 1059372 1235934 4
0414 22404 134424 672120 3
0415 61161 917415 2018313 1
0416 12054 144648 156702 3
0417 12283 294792 749263 5
0418 4433 26598 106392 1
0419 18516 74064 759156 2
0420 29279 351348 1317555 4
0421 38100 152400 1028700 3
0422 59001 59001 413007 4
0423 10448 146272 595536 4
0424 69660 1114560 2577420 4
0425 80050 640400 2241400 1
0426 38483 0 769660 2
0427 87805 1317075 3512200 5
0428 59334 237336 2492028 1
0429 27637 82911 746199 5
0430 13736 219776 233512 4
0431 28968 0 898008 5
0432 43741 437410 918561 3
0433 51655 206620 2066200 1
0434 82308 1481544 2633856 1
0435 68459 273836 3012196 4
0436 55558 444464 2500110 1
0437 44680 714880 1161680 3
0438 86537 1038444 3461480 1
0439 8235 16470 197640 4
0440 1421 4263 5684 5
0441 25984 0 337792 5
0442 73800 2066400 4354200 2
0443 2965 71160 157145 5
0444 48245 96490 1543840 2
0445 55919 1957165 3858411 1
0446 28678 114712 229424 4
0447 48455 436095 1889745 2
0448 44707 312949 2190643 5
0449 67501 135002 1552523 1
0450 8941 187761 357640 2
0451 80607 1289712 3546708 2
0452 22738 136428 204642 3
0453 41942 125826 1467970 2
0454 57012 342072 1767372 3
0455 57944 347664 1854208 4
0456 72838 874056 2622168 3
0457 62507 875098 1375154 4
0458 73060 0 1753440 1
0459 77153 308612 3703344 5
0460 44655 669825 1964820 5
0461 84443 1013316 1266645 4
0462 77345 1082830 2475040 5
0463 11559 23118 288975 4
0464 30714 184284 859992 4
0465 13938 0 223008 1
0466 18112 36224 706368 3
0467 34553 172765 207318 5
0468 68516 2466576 3083220 5
0469 39191 78382 274337 5
0470 82219 1726599 3288760 5
0471 4778 57336 129006 1
0472 70795 2123850 4389290 3
0473 46140 276840 1984020 1
0474 32433 454062 518928 2
0475 70375 1970500 2463125 4
0476 22608 22608 746064 1
0477 25156 528276 1534516 3
0478 50238 150714 1456902 2
0479 82273 987276 1727733 4
0480 23356 490476 1027664 4
0481 19671 393420 688485 4
0482 43508 913668 1000684 1
0483 53697 536970 590667 1
0484 39324 589860 786480 5
0485 299 2990 7475 4
0486 3833 15332 180151 4
0487 70744 1273392 3749432 2
0488 40800 122400 979200 2
0489 49937 699118 2247165 4
0490 30273 151365 393549 1
0491 71358 0 1783950 3
0492 65704 394224 722744 2
0493 83449 2920715 3671756 5
0494 69970 1259460 4198200 3
0495 77349 2165772 2939262 3
0496 38358 1342530 1726110 2
0497 10209 91881 479823 4
0498 43749 787482 2362446 5
0499 31704 475560 1870536 2
0500 4422 92862 212256 4
0501 33946 407352 1629408 3
0502 6247 93705 299856 5
0503 85391 256173 1963993 1
0504 2489 52269 77159 5
0505 48492 1357776 2279124 2
0506 11401 136812 250822 1
0507 51336 308016 2258784 5
0508 72782 873384 1965114 2
0509 36737 146948 551055 5
0510 14660 43980 454460 1
0511 81671 2858485 4083550 1
0512 79002 1422036 3871098 3
0513 13490 80940 499130 3
0514 10460 62760 146440 2
0515 17565 0 403995 3
0516 74734 1793616 4409306 5
0517 67822 474754 949508 3
0518 72222 216666 361110 4
0519 67162 805944 2820804 4
0520 42540 127620 1829220 2
0521 72863 1821575 2914520 1
0522 23871 190968 238710 2
0523 45477 318339 1546218 4
0524 7528 15056 240896 2
0525 10216 143024 367776 4
0526 15348 30696 214872 2
0527 57040 114080 912640 1
0528 62171 1119078 1429933 1
0529 36352 436224 981504 3
0530 55088 0 1707728 1
0531 62407 2621094 4118862 2
0532 5786 11572 92576 2
0533 32804 492060 1705808 1
0534 68376 1367520 3008544 5
0535 30900 370800 1452300 4
0536 57921 810894 2606445 4
0537 81024 648192 3484032 3
0538 44340 177360 886800 2
0539 13216 0 39648 5
0540 63420 126840 2346540 4
0541 33879 711459 1050249 2
0542 58716 704592 1702764 1
0543 5732 57320 108908 1
0544 56367 676404 958239 3
0545 9881 19762 69167 5
0546 36830 110490 478790 1
0547 61272 1286712 1838160 4
0548 18453 258342 516684 1
0549 4746 56952 94920 2
0550 24844 74532 149064 3
0551 53649 1126629 2843397 1
0552 80160 0 2244480 1
0553 16176 64704 194112 2
0554 172 688 6536 5
0555 74473 372365 2606555 3
0556 37429 748580 2245740 1
0557 21602 345632 1252916 1
0558 59089 590890 1890848 5
0559 85638 256914 1113294 2
0560 87859 175718 3602219 3
0561 49416 197664 1383648 2
0562 31893 191358 1275720 1
0563 56471 169413 2258840 4
0564 74198 445188 1706554 1
0565 85253 170506 3580626 5
0566 39273 117819 1374555 3
0567 49566 99132 743490 4
0568 26301 789030 1525458 1
0569 25669 0 436373 2
0570 74860 1497200 4791040 4
0571 32802 295218 1279278 5
0572 28960 57920 463360 4
0573 42389 1780338 3645454 3
0574 41174 411740 1235220 2
0575 75331 1129965 4444529 2
0576 45147 0 586911 2
0577 23207 417726 464140 2
0578 83749 502494 1339984 4
0579 12491 74946 624550 4
0580 56438 1354512 3104090 1
0581 75651 302604 1513020 4
0582 15364 460920 814292 3
0583 54761 0 1478547 4
0584 19586 117516 567994 2
0585 37093 519302 556395 4
0586 64520 258080 1806560 4
0587 11423 68538 434074 4
0588 69953 3427697 3917368 1
0589 20598 0 205980 5
0590 25681 154086 1258369 5
0591 2936 5872 32296 2
0592 4007 0 16028 2
0593 55128 385896 937176 1
0594 56148 1179108 1459848 2
0595 34924 1047720 1327112 3
0596 75446 301784 3093286 4
0597 43448 260688 564824 4
0598 41238 1731996 3340278 1
0599 36079 541185 1551397 3
0600 46458 975618 2415816 4
0601 14853 118824 311913 1
0602 16696 350616 834800 3
0603 9515 38060 275935 1
0604 50103 751545 1903914 1
0605 71064 426384 3126816 4
0606 77899 233697 3505455 2
0607 25908 77724 1036320 5
0608 86099 1549782 1980277 4
0609 78462 1412316 1726164 3
0610 49203 787248 2066526 4
0611 68117 1021755 1157989 2
0612 17972 359440 646992 2
0613 16992 152928 747648 5
0614 15433 231495 740784 2
0615 38673 309384 812133 3
0616 18380 643300 1010900 2
0617 87005 1827105 3741215 3
0618 30784 184704 1416064 2
0619 80889 1456002 3397338 4
0620 64300 1543200 2893500 1
0621 15932 31864 621348 5
0622 16989 475692 900417 2
0623 79982 959784 2479442 1
0624 84539 507234 1521702 3
0625 19841 595230 1210301 4
0626 34310 205860 1406710 4
0627 60467 0 483736 2
0628 31402 502432 533834 4
0629 40739 40739 1792516 4
0630 10873 130476 532777 4
0631 13992 223872 629640 2
0632 8446 168920 354732 5
0633 9458 141870 368862 3
0634 51456 1080576 2161152 4
0635 42553 1531908 2255309 2
0636 48384 435456 532224 2
0637 72912 1166592 2114448 1
0638 84710 847100 1355360 5
0639 36073 288584 1587212 2
0640 77242 0 2780712 2
0641 13432 188048 335800 2
0642 72832 2549120 4515584 1
0643 24128 24128 675584 4
0644 71720 2008160 3801160 4
0645 9745 0 321585 2
0646 4794 38352 230112 1
0647 27255 381570 872160 4
0648 33295 399540 865670 4
0649 66176 1985280 4433792 4
0650 17454 261810 959970 4
0651 45014 540168 2025630 4
0652 25690 205520 256900 3
0653 29782 178692 1072152 3
0654 57104 1427600 1713120 2
0655 55816 446528 2344272 2
0656 24199 290388 314587 5
0657 78370 1959250 3291540 5
0658 1267 19005 25340 3
0659 33060 528960 1686060 5
0660 81800 327200 3272000 3
0661 1407 5628 7035 5
0662 49766 597192 1393448 1
0663 23953 167671 550919 2
0664 129 1290 4386 5
0665 29019 580380 1508988 2
0666 20046 80184 561288 3
0667 21055 63165 757980 1
0668 3532 74172 229580 4
0669 13408 120672 201120 4
0670 66728 2335480 3336400 3
0671 5453 21812 32718 4
0672 34968 979104 1468656 2
0673 67736 812832 1151512 3
0674 38164 534296 2022692 5
0675 39912 1396920 1915776 4
0676 55821 1339704 1953735 4
0677 86829 173658 1910238 4
0678 34434 482076 1721700 1
0679 86342 1381472 4748810 5
0680 61379 491032 2639297 2
0681 70520 1763000 2538720 4
0682 43203 648045 2376165 3
0683 85380 1024560 4439760 3
0684 2447 39152 70963 5
0685 52179 208716 1826265 3
0686 54184 1300416 2221544 1
0687 53060 159180 742840 1
0688 61383 2578086 4235427 2
0689 37533 150132 1163523 2
0690 81215 162430 812150 1
0691 18573 297168 538617 4
0692 13288 119592 624536 5
0693 78119 2187332 2968522 2
0694 87591 2102184 4029186 4
0695 10701 21402 460143 5
0696 16566 165660 612942 2
0697 77594 387970 931128 3
0698 41590 2037910 2121090 4
0699 26818 160908 589996 2
0700 55149 661788 1654470 2
0701 45818 320726 503998 3
0702 73859 443154 1920334 1
0703 5728 45824 80192 2
0704 77090 231270 1541800 3
0705 59968 359808 1499200 5
0706 50414 302484 352898 3
0707 14151 42453 84906 4
0708 62422 1498128 2309614 3
0709 8388 75492 301968 2
0710 57040 399280 1825280 3
0711 80518 1610360 3140202 5
0712 54441 326646 1034379 5
0713 53788 645456 2528036 1
0714 25575 306900 434775 3
0715 48261 96522 2171745 5
0716 65181 782172 1303620 3
0717 13480 242640 741400 1
0718 8304 99648 381984 4
0719 57992 463936 1159840 5
0720 11691 93528 175365 1
0721 18705 224460 1010070 1
0722 6215 111870 229955 5
0723 49539 198156 1089858 3
0724 36157 144628 470041 2
0725 69373 485611 3191158 5
0726 72904 1166464 2405832 3
0727 75836 682524 985868 2
0728 11222 157108 628432 3
0729 83361 500166 2500830 4
0730 8526 42630 187572 3
0731 85765 343060 943415 5
0732 27981 419715 1147221 1
0733 79117 949404 2769095 3
0734 11935 71610 202895 5
0735 44640 267840 1562400 2
0736 11601 348030 788868 3
0737 39481 236886 1026506 5
0738 68792 825504 3714768 1
0739 6587 131740 250306 1
0740 54195 325170 487755 2
0741 3701 22206 107329 5
0742 16725 83625 786075 3
0743 44657 535884 1473681 4
0744 1718 41232 87618 1
0745 56919 56919 398433 1
0746 5188 41504 83008 1
0747 62205 311025 684255 2
0748 24770 0 322010 2
0749 46981 704715 798677 5
0750 46227 92454 1294356 2
0751 52620 263100 1999560 4
0752 6786 95004 386802 5
0753 40755 652080 1385670 1
0754 74254 1559334 4826510 1
0755 59690 716280 2865120 3
0756 54090 162270 1135890 1
0757 61151 1712228 3241003 2
0758 50112 701568 1403136 1
0759 37606 376060 977756 4
0760 47681 238405 1096663 4
0761 83697 669576 3431577 4
0762 6396 153504 191880 4
0763 51339 102678 1796865 3
0764 32546 227822 1139110 4
0765 12913 103304 219521 5
0766 43267 129801 1384544 2
0767 16675 166750 900450 2
0768 25235 126175 1110340 1
0769 39140 469680 508820 4
0770 75541 906492 982033 3
0771 80391 723519 2009775 1
0772 38780 581700 1279740 3
0773 52733 1581990 2320252 2
0774 41588 998112 2079400 5
0775 72084 288336 792924 2
0776 69544 1251792 4311728 1
0777 78801 236403 709209 5
0778 966 6762 31878 4
0779 5317 111657 191412 5
0780 47462 474620 1708632 5
0781 12678 38034 139458 4
0782 81775 1635500 3271000 3
0783 53615 107230 2144600 4
0784 46514 186056 1721018 1
0785 58018 0 406126 3
0786 23466 93864 117330 4
0787 54308 434464 2063704 3
0788 22123 796428 840674 1
0789 59180 710160 1597860 4
0790 55743 445944 1505061 2
0791 58069 348414 2148553 2
0792 26251 236259 1155044 2
0793 10770 107700 140010 2
0794 33740 269920 1720740 2
0795 84122 2355416 4626710 3
0796 79083 948996 2926071 3
0797 6468 45276 181104 4
0798 22776 273312 888264 5
0799 59691 238764 1253511 3
0800 18171 436104 708669 1
0801 67628 1420188 4395820 2
0802 35742 214452 250194 2
0803 10230 20460 112530 1
0804 14968 119744 538848 5
0805 50604 0 1518120 1
0806 40283 80566 402830 2
0807 50148 401184 802368 1
0808 17335 208020 433375 5
0809 30419 365028 821313 2
0810 41889 125667 502668 4
0811 56902 1194942 3698630 4
0812 30071 60142 1022414 2
0813 83390 2501700 6087470 5
0814 35131 140524 1264716 3
0815 17075 170750 631775 4
0816 22456 269472 381752 5
0817 35021 350210 385231 4
0818 51543 1855548 3865725 2
0819 12598 201568 529116 5
0820 70639 0 2754921 2
0821 39825 597375 2190375 1
0822 44552 356416 2138496 1
0823 27270 409050 790830 5
0824 23018 92072 782612 4
0825 51024 357168 663312 4
0826 21993 43986 153951 4
0827 52843 52843 739802 3
0828 51185 204740 1228440 2
0829 40658 1423030 1829610 4
0830 48501 970020 2667555 1
0831 62582 563238 3254264 5
0832 80384 1125376 2089984 3
0833 39910 598650 2354690 1
0834 28550 513900 599550 2
0835 69195 1729875 2283435 1
0836 39026 312208 585390 5
0837 46563 1303764 2235024 5
0838 71457 357285 2286624 1
0839 22011 66033 968484 4
0840 8774 70192 315864 5
0841 60321 60321 784173 5
0842 40618 812360 1868428 3
0843 42596 0 638940 1
0844 68074 408444 2859108 2
0845 6980 48860 335040 3
0846 11167 11167 457847 3
0847 71468 500276 2001104 4
0848 42385 1525860 1568245 3
0849 8718 104616 392310 5
0850 76761 1842264 2993679 2
0851 28379 56758 1021644 2
0852 70067 1261206 4204020 1
0853 29961 1258362 1677816 4
0854 61093 733116 1038581 5
0855 63983 1151694 2239405 1
0856 65442 2944890 5824338 5
0857 78807 551649 866877 2
0858 10177 162832 508850 5
0859 66245 662450 927430 2
0860 20456 0 859152 4
0861 66587 266348 865631 3
0862 44085 661275 1587060 2
0863 6881 103215 357812 4
0864 3653 14612 105937 2
0865 28357 170142 340284 3
0866 71517 357585 1716408 2
0867 6120 61200 189720 5
0868 4876 14628 102396 3
0869 41526 249156 1204254 5
0870 12631 265251 631550 4
0871 86906 1738120 2085744 1
0872 81903 1228545 1392351 3
0873 6055 169540 399630 4
0874 52895 634740 1798430 3
0875 10817 32451 216340 3
0876 30331 363972 485296 4
0877 86049 1548882 4646646 4
0878 84675 1693500 3725700 3
0879 50105 1202520 1402940 4
0880 9619 134666 259713 2
0881 47611 190444 1761607 5
0882 50340 755100 1057140 5
0883 45907 459070 2478978 5
0884 44459 533508 1689442 1
0885 77069 0 2697415 1
0886 28038 56076 308418 3
0887 23230 139380 511060 2
0888 31279 62558 813254 4
0889 63073 1766044 4162818 5
0890 25249 100996 429233 5
0891 6914 62226 248904 2
0892 51256 102512 1537680 5
0893 42881 257286 557453 5
0894 54237 162711 2332191 2
0895 15186 364464 804858 4
0896 20121 120726 643872 3
0897 64387 450709 2253545 2
0898 23123 647444 809305 5
0899 7167 86004 157674 4
0900 51151 511510 1227624 2
0901 37563 788823 2178654 5
0902 6021 60210 180630 2
0903 58434 116868 642774 3
0904 72652 0 435912 2
0905 68821 1720525 1995809 5
0906 41670 833400 875070 1
0907 36426 437112 692094 1
0908 15776 283968 851904 3
0909 37140 1114200 1374180 4
0910 25020 250200 1251000 4
0911 32014 256112 1536672 1
0912 63921 767052 1022736 5
0913 65889 790668 1910781 4
0914 7494 7494 142386 2
0915 55582 1111640 1278386 5
0916 47505 95010 1092615 2
0917 87130 1306950 4095110 5
0918 87431 2448068 5945308 3
0919 19607 411747 548996 3
0920 33738 337380 1282044 2
0921 81705 490230 1307280 3
0922 70165 2946930 5753530 1
0923 36361 72722 763581 1
0924 82863 1242945 1740123 5
0925 32389 97167 1392727 3
0926 61047 1098846 3662820 2
0927 29933 59866 119732 1
0928 83262 416310 2581122 4
0929 61845 0 927675 1
0930 33752 135008 1417584 1
0931 81203 2436090 4953383 1
0932 41337 1736154 3389634 4
0933 22795 820620 1390495 3
0934 76173 609384 1142595 4
0935 75832 758320 2426624 4
0936 50610 1012200 2328060 5
0937 78514 157028 2983532 4
0938 86370 1209180 4145760 1
0939 6008 90120 138184 3
0940 24306 340284 461814 5
0941 20553 123318 328848 3
0942 56078 672936 1850574 5
0943 83882 838820 3187516 4
0944 70065 490455 3293055 1
0945 78452 313808 1098328 2
0946 16124 48372 532092 2
0947 75072 2102016 2852736 5
0948 61580 246320 1662660 4
0949 72348 868176 1446960 4
0950 47446 284676 427014 5
0951 46864 1124736 1171600 3
0952 47618 285708 1523776 4
0953 6213 49704 236094 3
0954 60315 723780 2834805 5
0955 27039 54078 567819 5
0956 38968 233808 935232 2
0957 38143 114429 1792721 2
0958 37957 683226 1594194 3
0959 33475 267800 1472900 1
0960 57466 402262 2643436 5
0961 72590 72590 290360 3
0962 33056 33056 727232 5
0963 60783 364698 2735235 3
0964 23618 94472 307034 4
0965 62240 746880 1182560 5
0966 50985 1019700 1376595 4
0967 10063 100630 181134 4
0968 30307 1091052 1394122 2
0969 15452 185424 324492 1
0970 39792 318336 716256 3
0971 57684 0 461472 2
0972 24441 244410 1295373 5
0973 63814 893396 2616374 4
0974 32081 128324 1443645 1
0975 20110 301650 1025610 2
0976 60630 242520 424410 5
0977 14899 178788 283081 3
0978 57095 1198995 2626370 1
0979 45977 0 1333333 3
0980 50694 608328 1165962 1
0981 2378 19024 49938 3
0982 40747 244482 1629880 4
0983 18352 367040 825840 2
0984 57147 2400174 4686054 4
0985 3824 76480 130016 1
0986 2954 8862 17724 2
0987 20801 520025 1289662 5
0988 71880 143760 2803320 5
0989 19754 158032 434588 4
0990 21713 217130 369121 4
0991 71541 286164 1144656 3
0992 52411 733754 2148851 4
0993 16770 33540 402480 2
0994 39676 317408 1904448 1
0995 32997 329970 659940 3
0996 14887 267966 922994 5
0997 70018 840216 3080792 3
0998 7832 70488 86152 1
0999 31552 662592 725696 4
1000 59673 238692 2028882 1
1001 34556 103668 1416796 2
1002 86584 86584 1558512 1
1003 60889 121778 243556 3
1004 18051 216612 288816 2
1005 17129 342580 1096256 1
1006 85833 772497 1029996 2
1007 47747 286482 429723 1
1008 28718 459488 976412 5
1009 78006 2184168 4524348 2
1010 32310 64620 969300 3
1011 58397 116794 1167940 5
1012 20750 311250 622500 5
1013 56475 677700 790650 5
1014 61331 551979 3189212 5
1015 87884 2460752 4218432 1
1016 69752 697520 3138840 1
1017 16946 101676 474488 4
1018 28879 808612 895249 5
1019 5762 11524 115240 3
1020 13719 41157 68595 3
1021 2299 13794 57475 1
1022 69142 207426 760562 3
1023 31593 31593 600267 4
1024 44529 534348 1113225 3
1025 46834 187336 889846 5
1026 70032 280128 2451120 5
1027 15382 61528 92292 3
1028 65301 0 1371321 3
1029 3341 40092 106912 3
1030 69859 1956052 3492950 5
1031 16174 0 80870 1
1032 53727 268635 2310261 2
1033 44919 224595 628866 5
1034 47683 286098 619879 2
1035 60999 2561958 3781938 3
1036 66310 1989300 4177530 2
1037 32538 683298 1334058 5
1038 50903 407224 2290635 3
1039 35210 211260 633780 5
1040 7748 77480 232440 2
1041 71984 1295712 4391024 5
1042 33413 0 1470172 4
1043 80836 485016 889196 1
1044 32497 779928 2014814 2
1045 13948 55792 432388 4
1046 41826 418260 1338432 1
1047 29760 238080 1368960 3
1048 67722 2370270 5079150 2
1049 45126 45126 722016 3
1050 86355 2072520 4317750 1
1051 56140 112280 1908760 4
1052 32203 676263 1577947 4
1053 24184 48368 241840 4
1054 36431 437172 1748688 1
1055 32343 905604 1326063 1
1056 10528 105280 115808 1
1057 21419 514056 899598 3
1058 42843 514116 1499505 1
1059 2923 61383 84767 4
1060 53884 1939824 2101476 2
1061 25440 152640 788640 4
1062 5074 25370 223256 1
1063 70913 638217 2481955 3
1064 7737 123792 224373 4
1065 83436 333744 1501848 4
1066 12522 50088 513402 5
1067 21921 43842 175368 3
1068 87417 874170 3496680 5
1069 63272 1012352 3163600 3
1070 73249 1464980 3076458 4
1071 54110 1136310 2434950 3
1072 30511 274599 945841 2
1073 23284 279408 838224 3
1074 21994 351904 615832 3
1075 396 3960 19800 5
1076 53841 323046 592251 1
1077 25154 0 830082 4
1078 25237 100948 605688 5
1079 72514 72514 2030392 1
1080 72179 72179 3248055 2
1081 25926 388890 1140744 3
1082 30634 214438 643314 3
1083 68690 1923320 2747600 1
1084 58187 0 640057 4
1085 16377 65508 540441 3
1086 2225 6675 91225 3
1087 29260 438900 1433740 5
1088 80246 722214 3932054 4
1089 8572 51432 351452 4
1090 87131 174262 2439668 4
1091 14769 73845 206766 1
1092 78361 626888 2429191 3
1093 36014 216084 1656644 3
1094 48775 1170600 3219150 5
1095 44832 448320 806976 5
1096 80507 483042 2012675 2
1097 41098 164392 1561724 5
1098 55065 770910 1046235 4
1099 48731 48731 974620 5
1100 54691 546910 1695421 5
1101 15390 138510 815670 2
1102 38407 1152210 1305838 3
1103 13063 0 509457 4
1104 76041 2661435 3345804 2
1105 44329 531948 842251 5
1106 27774 333288 1555344 1
1107 29520 118080 649440 3
1108 83725 669800 4269975 2
1109 70298 492086 773278 3
1110 72408 651672 1375752 3
1111 43847 350776 2280044 2
1112 66691 2000730 4668370 5
1113 70438 0 1901826 3
1114 75607 151214 3024280 2
1115 16059 192708 562065 3
1116 63335 950025 1456705 5
1117 8248 57736 404152 5
1118 27214 136070 163284 2
1119 66154 529232 3307700 5
1120 70737 141474 2758743 1
1121 21170 84680 994990 3
1122 9086 227150 554246 4
1123 22367 223670 1095983 3
1124 31811 63622 190866 5
1125 67075 939050 3823275 4
1126 67627 676270 2164064 5
1127 78043 1092602 2575419 1
1128 64238 1156284 3211900 3
1129 26815 402225 1045785 4
1130 41505 1162140 2656320 3
1131 33178 1194408 1227586 1
1132 86341 345364 1640479 3
1133 55479 1109580 1165059 3
1134 72901 145802 3353446 5
1135 32034 192204 640680 3
1136 4033 225848 294409 1
1137 66362 265448 2986290 2
1138 50970 101940 560670 2
1139 11613 0 116130 4
1140 52698 105396 1159356 3
1141 30348 303480 789048 3
1142 71618 644562 2148540 5
1143 34458 0 723618 2
1144 70292 1757300 2249344 3
1145 64702 776424 3235100 4
1146 23218 116090 1021592 4
1147 26244 78732 183708 1
1148 60155 360930 1924960 5
1149 38862 699516 1360170 4
1150 11365 170475 568250 3
1151 13820 0 373140 2
1152 55008 440064 2365344 2
1153 40990 1229700 2746330 1
1154 85830 858300 4377330 4
1155 9909 178362 535086 1
1156 9549 267372 592038 2
1157 83021 1245315 2324588 2
1158 60612 1697136 3394272 5
1159 71549 1287882 3577450 3
1160 54447 435576 1252281 3
1161 33300 599400 1365300 1
1162 56899 1593172 2731152 5
1163 6256 18768 150144 4
1164 24219 193752 581256 2
1165 80868 404340 970416 2
1166 16793 587755 973994 1
1167 58131 1162620 3604122 4
1168 59712 238848 1791360 4
1169 80722 968664 1856606 1
1170 42104 1178912 2357824 2
1171 78818 472908 2128086 4
1172 16503 132024 231042 5
1173 54238 162714 759332 1
1174 16600 199200 713800 2
1175 63024 567216 1638624 3
1176 15340 30680 245440 3
1177 28852 432780 1240636 5
1178 79163 712467 2770705 3
1179 6765 27060 189420 1
1180 15723 770427 1069164 1
1181 55321 442568 2544766 5
1182 29088 349056 727200 3
1183 78906 236718 2603898 1
1184 22372 223720 1006740 1
1185 23140 462800 1480960 1
1186 69701 487907 557608 3
1187 72609 580872 3267405 3
1188 81513 489078 570591 2
1189 77345 464070 2552385 3
1190 50290 603480 1056090 2
1191 20779 124674 311685 2
1192 25545 510900 587535 2
1193 46165 692475 969465 4
1194 40111 1443996 1885217 5
1195 31862 573516 1147032 1
1196 38479 692622 1616118 4
1197 34023 816552 1224828 5
1198 40528 81056 1377952 1
1199 36955 369550 1884705 3
1200 76315 228945 3586805 3
1201 80355 321420 1526745 3
1202 54996 1154916 2639808 1
1203 12864 450240 784704 3
1204 46405 139215 1392150 5
1205 14102 70510 126918 2
1206 38133 190665 1792251 4
1207 54433 1143093 1959588 5
1208 80573 805730 2175471 4
1209 17201 0 154809 4
1210 11722 70332 293050 1
1211 12538 25076 576748 2
1212 4482 22410 129978 4
1213 73306 219918 3005546 2
1214 58159 930544 2384519 1
1215 34735 104205 1146255 3
1216 56923 1195383 3187688 2
1217 35410 424920 1062300 4
1218 2303 16121 66787 3
1219 26948 565908 1347400 5
1220 68378 0 136756 3
1221 63292 253168 379752 5
1222 20515 123090 451330 5
1223 39605 237630 950520 3
1224 70556 1058340 4021692 2
1225 80594 483564 3223760 2
1226 73007 2044196 3723357 4
1227 85319 2047656 4265950 2
1228 36662 439944 513268 3
1229 5209 20836 36463 1
1230 47335 852030 1325380 4
1231 24645 492900 763995 4
1232 73343 146686 806773 5
1233 48073 576876 2115212 2
1234 904 2712 7232 5
1235 76400 382000 2521200 5
1236 62995 2204825 2456805 3
1237 14266 57064 99862 5
1238 75301 1882525 1957826 5
1239 83114 332456 1163596 4
1240 85524 3592008 5388012 2
1241 44320 354560 1329600 4
1242 11485 22970 241185 1
1243 13266 265320 636768 3
1244 20260 101300 688840 4
1245 55069 660828 1597001 3
1246 20119 80476 201190 2
1247 6429 38574 321450 3
1248 45192 361536 2349984 2
1249 27220 136100 1224900 3
1250 85793 1029516 4203857 5
1251 47644 285864 2286912 1
1252 65438 261752 3075586 4
1253 16743 50229 334860 4
1254 43294 649410 1298820 2
1255 21023 42046 567621 3
1256 63490 761880 3237990 2
1257 31780 63560 794500 1
1258 10004 120048 530212 1
1259 13014 156168 286308 5
1260 86088 516528 1980024 5
1261 59689 955024 2865072 3
1262 46003 92006 506033 5
1263 51008 816128 1224192 5
1264 4753 23765 57036 5
1265 87496 349984 612472 1
1266 51498 102996 2008422 4
1267 79204 316816 1188060 2
1268 62661 877254 2193135 2
1269 56623 2038428 3397380 3
1270 36004 432048 756084 2
1271 57006 228024 1368144 3
1272 4480 40320 161280 5
1273 63021 252084 1575525 3
1274 13376 722304 882816 3
1275 21897 65691 1007262 5
1276 35237 563792 2114220 4
1277 84998 1274970 3144926 1
1278 68339 273356 2460204 3
1279 37765 0 1208480 1
1280 49402 49402 1037442 5
1281 64589 775068 1614725 2
1282 35032 175160 1681536 1
1283 48169 0 915211 3
1284 67910 271640 2852220 1
1285 4179 167160 288351 4
1286 15853 63412 665826 1
1287 20264 324224 972672 4
1288 27481 329772 1401531 4
1289 67683 1353660 1489026 4
1290 57029 228116 2566305 1
1291 68460 410760 3286080 5
1292 72286 650574 2024008 4
1293 69843 838116 2584191 5
1294 34908 628344 1605768 5
1295 41743 0 1043575 1
1296 2290 36640 121370 5
1297 4525 190050 271500 5
1298 55754 223016 390278 2
1299 45844 825192 1375320 5
1300 60380 603800 1388740 2
1301 25800 645000 825600 1
1302 87311 174622 1135043 5
1303 84217 673736 2105425 5
1304 45884 91768 229420 4
1305 4517 27102 54204 2
1306 40985 204925 327880 2
1307 81039 1215585 3241560 1
1308 4837 72555 140273 4
1309 75234 300936 2332254 4
1310 1180 9440 23600 1
1311 41808 501696 1337856 1
1312 54304 217216 2063552 3
1313 60055 180165 1621485 1
1314 58947 235788 2004198 4
1315 76873 307492 1921825 2
1316 6061 145464 381843 2
1317 14373 287460 632412 4
1318 50230 150690 1607360 2
1319 65774 1578576 3683344 2
1320 38823 0 349407 5
1321 26531 159186 689806 4
1322 4435 66525 208445 4
1323 75704 757040 3785200 1
1324 27500 82500 522500 5
1325 43319 259914 1039656 5
1326 50398 302388 1763930 4
1327 73527 1764648 3014607 1
1328 55432 498888 1829256 2
1329 28627 515286 1059199 3
1330 70872 212616 2055288 3
1331 30896 92688 1112256 1
1332 24091 72273 963640 1
1333 33731 236117 1585357 1
1334 10622 0 276172 2
1335 24676 370140 1455884 5
1336 85746 514476 1714920 3
1337 25892 258920 595516 4
1338 64275 385650 2763825 5
1339 15442 540470 926520 1
1340 16405 295290 754630 2
1341 61521 553689 676731 3
1342 37368 523152 934200 5
1343 10619 63714 520331 4
1344 17321 727482 1125865 5
1345 42187 843740 1898415 1
1346 64493 386958 2192762 2
1347 53793 806895 3066201 1
1348 13394 107152 214304 3
1349 67456 1821312 2226048 4
1350 9335 56010 326725 1
1351 36406 910150 1347022 5
1352 68290 409740 2185280 1
1353 76950 0 3154950 3
1354 58760 2115360 3995680 3
1355 7894 31576 363124 1
1356 5379 0 64548 1
1357 74867 149734 3443882 3
1358 52818 1478904 1795812 4
1359 7981 111734 199525 4
1360 84596 338384 3383840 1
1361 74014 1036196 3774714 5
1362 21104 443184 1350656 5
1363 74696 1867400 4407064 2
1364 80736 1614720 2422080 5
1365 8076 48456 347268 1
1366 39245 78490 1805270 5
1367 5441 108820 125143 2
1368 3030 63630 112110 4
1369 76829 768290 2458528 5
1370 84590 2960650 3045240 5
1371 15595 15595 311900 1
1372 54810 164430 2027970 4
1373 31278 875784 1344954 5
1374 58106 232424 2789088 3
1375 40501 607515 2065551 5
1376 76069 152138 304276 5
1377 53034 0 2015292 4
1378 10601 159015 349833 1
1379 41291 1238730 2807788 4
1380 42789 855780 1326459 1
1381 25161 0 226449 3
1382 3572 21432 53580 1
1383 36408 1019424 2330112 1
1384 59842 359052 478736 3
1385 64411 966165 3671427 4
1386 78213 625704 1642473 3
1387 15124 90744 665456 3
1388 35096 0 421152 2
1389 61498 983968 2582916 4
1390 9408 112896 451584 3
1391 24487 342818 538714 4
1392 4342 8684 43420 5
1393 12655 227790 417615 2
1394 36872 147488 663696 2
1395 67217 1882076 2621463 3
1396 63599 1271980 2480361 4
1397 33131 198786 1557157 4
1398 44310 1063440 1107750 4
1399 48582 242910 2380518 2
1400 63687 2674854 5413395 3
1401 43395 260370 390555 1
1402 37538 675684 1351368 1
1403 17485 489580 1223950 2
1404 83996 503976 4199800 3
1405 78120 2187360 3281040 1
1406 42118 0 1137186 5
1407 70763 990682 3325861 4
1408 33610 1008300 2285480 3
1409 59224 710688 829136 2
1410 10833 21666 400821 3
1411 2051 16408 69734 5
1412 62934 1258680 3964842 4
1413 25800 0 903000 5
1414 46303 1296484 2546665 1
1415 79062 1976550 2609046 5
1416 2621 78630 83872 2
1417 32368 582624 1586032 4
1418 26229 629496 1363908 1
1419 13617 68085 149787 5
1420 48542 1698970 2038764 2
1421 30892 278028 1637276 5
1422 10975 219500 373150 5
1423 80485 563395 4104735 1
1424 6729 80748 134580 3
1425 86327 258981 2503483 4
1426 62713 1881390 4515336 4
1427 13792 68960 234464 1
1428 52042 624504 1092882 4
1429 59374 178122 2731204 3
1430 41712 375408 917664 4
1431 21975 87900 637275 3
1432 48317 1159608 1739412 2
1433 81562 1631240 3507166 4
1434 28253 84759 791084 1
1435 32236 386832 1031552 4
1436 43617 2093616 3402126 3
1437 64996 454972 3054812 5
1438 25033 700924 876155 2
1439 87076 261228 2873508 3
1440 43478 260868 1086950 1
1441 3846 11538 169224 5
1442 38768 155072 1201808 2
1443 76723 1841352 4143042 5
1444 5919 94704 112461 5
1445 8426 303336 337040 3
1446 79037 1264592 4347035 1
1447 11080 132960 609400 3
1448 49670 248350 2235150 4
1449 44515 0 311605 4
1450 46807 93614 1544631 2
1451 18494 110964 554820 4
1452 21791 0 697312 1
1453 87759 526554 1930698 4
1454 11631 232620 430347 3
1455 48844 0 1611852 4
1456 87012 1044144 3306456 1
1457 13498 134980 512924 4
1458 79437 714933 794370 2
1459 15305 45915 290795 1
1460 79759 159518 2073734 4
1461 35527 35527 1065810 5
1462 36611 183055 951886 1
1463 8333 99996 316654 3
1464 54603 982854 1310472 3
1465 87679 2191975 6049851 2
1466 25247 757410 1009880 5
1467 55577 166731 2389811 3
1468 82040 574280 902440 5
1469 20206 80824 788034 3
1470 79424 397120 635392 3
1471 81715 163430 1144010 5
1472 48608 583296 2673440 1
1473 69638 0 2715882 1
1474 23007 184056 644196 4
1475 30779 123116 400127 5
1476 57095 799330 2112515 1
1477 24149 120745 796917 1
1478 3245 48675 90860 1
1479 38754 116262 1821438 5
1480 34624 830976 1454208 3
1481 75054 225162 2701944 2
1482 47170 94340 330190 4
1483 68684 549472 1236312 4
1484 10360 82880 445480 2
1485 74975 224925 1574475 5
1486 74653 447918 1791672 2
1487 29211 1022385 1314495 1
1488 9733 272524 399053 2
1489 15771 315420 820092 1
1490 61965 495720 2230740 2
1491 68013 408078 2108403 3
1492 43480 260880 1913120 5
1493 76518 535626 1836432 2
1494 65207 260828 1369347 5
1495 18228 182280 546840 5
1496 86078 516468 4217822 2
1497 53831 807465 1830254 1
1498 27497 164982 274970 1
1499 828 3312 26496 5
1500 33171 265368 1393182 2
1501 23623 118115 637821 2
1502 20405 408100 673365 1
1503 28847 115388 894257 3
1504 69749 1743725 2022721 3
1505 27431 329172 630913 4
1506 46000 552000 2576000 5
1507 42881 428810 1843883 4
1508 65192 391152 1629800 5
1509 61111 488888 1344442 1
1510 67676 338380 2165632 4
1511 69831 977634 2513916 2
1512 31388 1538012 2385488 5
1513 41004 328032 779076 2
1514 5086 10172 132236 3
1515 16256 162560 699008 4
1516 50573 151719 1921774 4
1517 77647 232941 1397646 4
1518 63981 2239335 4414689 5
1519 64321 385926 1543704 5
1520 74892 1497840 3070572 2
1521 17845 71380 731645 1
1522 85368 426840 3841560 2
1523 47700 0 190800 4
1524 80052 1200780 1921248 2
1525 39518 987950 1541202 1
1526 28587 228696 1000545 1
1527 15122 105854 241952 5
1528 66942 1606608 1874376 5
1529 29197 0 729925 4
1530 55276 994968 3150732 5
1531 54306 1520568 2606688 2
1532 44610 1338300 1472130 5
1533 19951 179559 817991 4
1534 26184 104736 785520 5
1535 61353 1472472 3497121 1
1536 74575 522025 2311825 3
1537 1296 1296 42768 3
1538 10485 220185 482310 3
1539 40516 283612 1458576 3
1540 28025 112100 1233100 3
1541 33372 500580 1134648 4
1542 71084 1706016 2274688 3
1543 24439 586536 879804 5
1544 52552 840832 2575048 1
1545 57108 513972 2855400 1
1546 86993 347972 3305734 5
1547 63859 447013 1660334 5
1548 73908 1034712 3399768 1
1549 65681 985215 1970430 4
1550 45180 225900 1581300 2
1551 368 4416 16928 5
1552 49359 0 1776924 1
1553 12518 225324 425612 1
1554 32254 96762 999874 3
1555 48729 194916 1023309 3
1556 55633 445064 778862 5
1557 6371 6371 216614 5
1558 5353 5353 139178 5
1559 27491 54982 1237095 1
1560 61443 2150505 3502251 3
1561 50506 1414168 2575806 5
1562 12837 192555 436458 1
1563 1595 47850 102080 4
1564 33801 101403 1183035 2
1565 7524 300960 458964 2
1566 39759 477108 2067468 5
1567 18137 163233 217644 4
1568 87070 348280 3831080 5
1569 37488 0 787248 4
1570 51034 306204 816544 4
1571 61689 1233780 1603914 4
1572 22704 272448 862752 3
1573 59120 118240 650320 1
1574 9032 54192 252896 5
1575 1021 15315 42882 4
1576 86759 1301385 1908698 5
1577 8051 201275 499162 4
1578 43169 215845 1726760 2
1579 10667 85336 544017 1
1580 52114 312684 364798 4
1581 19242 288630 577260 2
1582 58748 528732 1879936 2
1583 13130 367640 656500 5
1584 25870 232830 465660 3
1585 11106 355392 821844 2
1586 64710 0 1811880 5
1587 58783 470264 2586452 5
1588 73566 220698 3457602 2
1589 62835 188505 502680 1
1590 32357 485355 679497 1
1591 52137 521370 1824795 2
1592 78376 1097264 3526920 1
1593 61884 1237680 1299564 3
1594 3028 15140 127176 1
1595 42501 42501 892521 4
1596 33790 405480 844750 3
1597 43483 347864 2000218 1
1598 59489 356934 1308758 2
1599 57222 686664 915552 1
1600 66903 200709 2475411 1
1601 78144 1172160 3360192 2
1602 80678 564746 2823730 2
1603 27503 55006 82509 4
1604 84570 253710 3213660 4
1605 68840 2065200 2202880 4
1606 81225 1705725 3167775 5
1607 80988 323952 2186676 4
1608 80574 1208610 1369758 3
1609 57402 344412 1435050 4
1610 46930 46930 1079390 1
1611 66988 669880 3014460 3
1612 41118 0 1274658 5
1613 71413 1713912 3642063 2
1614 42918 1030032 2832588 5
1615 36795 883080 1729365 4
1616 10193 30579 356755 4
1617 80927 161854 2751518 3
1618 66933 401598 2945052 1
1619 21143 84572 359431 4
1620 87423 524538 3234651 1
1621 28810 0 1267640 2
1622 22336 134016 1094464 2
1623 44432 666480 1643984 3
1624 32011 640220 1024352 2
1625 2035 24420 103785 4
1626 17349 433725 589866 1
1627 85087 340348 1531566 4
1628 41870 251220 1758540 1
1629 18246 328428 510888 2
1630 18164 108984 544920 3
1631 42801 1498035 1540836 2
1632 78386 1097404 1175790 5
1633 36649 1099470 1282715 1
1634 55452 443616 2550792 2
1635 66567 1863876 2662680 3
1636 68821 1376420 2821661 5
1637 47605 571260 1285335 3
1638 65017 975255 3120816 4
1639 21730 325950 1260340 1
1640 51669 103338 2325105 1
1641 31547 252376 315470 4
1642 14875 178500 624750 3
1643 5043 20172 146247 1
1644 65185 195555 1042960 1
1645 65344 196032 1829632 5
1646 54282 271410 759948 5
1647 21270 148890 659370 5
1648 48603 1020663 1652502 5
1649 77772 699948 3655284 3
1650 9777 244425 273756 4
1651 26876 1128792 1236296 5
1652 36966 776286 1515606 1
1653 84283 1517094 3877018 1
1654 71158 640422 3771374 3
1655 9518 95180 475900 1
1656 62715 1003440 2508600 3
1657 37032 1036896 2110824 4
1658 66387 398322 3252963 2
1659 23992 503832 887704 1
1660 60763 364578 1276023 4
1661 9842 49210 373996 3
1662 63344 1583600 1900320 5
1663 86815 347260 2430820 3
1664 76270 610160 1754210 5
1665 84236 2527080 5391104 5
1666 36963 295704 1145853 1
1667 73691 663219 3316095 3
1668 77216 1853184 3088640 3
1669 31865 159325 1147140 4
1670 55981 1119620 2687088 5
1671 34366 137464 274928 4
1672 33672 606096 808128 2
1673 58950 1179000 2122200 2
1674 45121 406089 1037783 3
1675 1684 40416 87568 5
1676 45225 90450 1085400 3
1677 1771 21252 74382 5
1678 19566 313056 528282 2
1679 50615 911070 2733210 5
1680 24007 144042 720210 2
1681 54972 549720 1154412 3
1682 42139 505668 1854116 2
1683 86841 2171025 4689414 1
1684 16413 147717 656520 5
1685 67564 270256 2094484 1
1686 55790 334740 2343180 4
1687 46762 561144 1636670 4
1688 76839 307356 2382009 2
1689 28197 281970 479349 1
1690 9111 36444 63777 1
1691 31946 383352 1341732 1
1692 3639 18195 105531 1
1693 38805 970125 2134275 4
1694 76136 2284080 3502256 3
1695 75854 455124 2730744 4
1696 29680 118720 1157520 5
1697 86593 519558 3117348 4
1698 86104 172208 3013640 3
1699 21726 108630 782136 1
1700 55009 1540252 2750450 1
1701 15939 239085 621621 5
1702 13759 192626 385252 3
1703 32050 673050 1506350 1
1704 36102 577632 1263570 4
1705 10599 74193 476955 5
1706 12076 84532 434736 2
1707 21778 304892 1110678 3
1708 44392 221960 976624 2
1709 4399 26394 109975 4
1710 84552 2536560 5749536 2
1711 51365 359555 2568250 1
1712 68602 205806 2263866 5
1713 74777 149554 2467641 5
1714 16262 195144 520384 4
1715 51828 103656 1088388 4
1716 35303 282424 1447423 4
1717 20818 187362 562086 4
1718 60017 0 960272 4
1719 37713 113139 1206816 1
1720 46122 691830 1752636 1
1721 5408 54080 64896 3
1722 61315 613150 1655505 3
1723 56653 0 1529631 5
1724 31417 439838 754008 5
1725 42210 211050 759780 4
1726 82154 2300312 4682778 5
1727 48894 0 1173456 3
1728 27371 574791 1505405 4
1729 37422 299376 1459458 1
1730 46290 694350 2731110 2
1731 26585 531700 1515345 2
1732 38945 934680 1830415 4
1733 17337 156033 745491 3
1734 40027 120081 520351 3
1735 68072 816864 3675888 1
1736 74258 148516 816838 2
1737 77814 1556280 2100978 4
1738 14327 71635 186251 4
1739 59475 892125 3449550 1
1740 66583 66583 2396988 4
1741 70470 211410 2818800 1
1742 86337 1036044 2244762 3
1743 58566 937056 2869734 4
1744 39302 235812 1179060 5
1745 20814 124884 582792 3
1746 43414 651210 2344356 1
1747 73540 882480 4118240 4
1748 6011 18033 210385 1
1749 33404 66808 1135736 3
1750 51199 51199 1894363 3
1751 20101 241212 723636 3
1752 35744 536160 1251040 2
1753 66059 2378124 3236891 3
1754 81715 1144010 3595460 5
1755 26949 269490 1293552 2
1756 1023 20460 62403 2
1757 30574 0 580906 3
1758 53637 321822 804555 5
1759 72220 1733280 2238820 1
1760 21013 378234 399247 1
1761 62033 1550825 2109122 5
1762 33028 165140 627532 1
1763 55176 1379400 1986336 1
1764 12295 184425 639340 5
1765 65935 923090 2241790 5
1766 10158 60948 507900 2
1767 49519 198076 396152 4
1768 8543 42715 316091 2
1769 6459 38754 187311 4
1770 50060 750900 951140 3
1771 15085 105595 286615 4
1772 14317 85902 529729 3
1773 48517 679238 1552544 4
1774 40107 160428 1122996 3
1775 45795 366360 1144875 2
1776 51502 360514 2317590 3
1777 60545 726540 3329975 3
1778 72048 4034688 7132752 2
1779 68642 1235556 3912594 5
1780 52996 741944 2278828 2
1781 1108 4432 40996 2
1782 70799 424794 920387 4
1783 83122 1662440 3491124 3
1784 60126 1262646 3547434 2
1785 48741 487410 1121043 2
1786 36597 439164 1024716 1
1787 60221 963536 2770166 5
1788 76201 914412 1295417 1
1789 13587 244566 529893 1
1790 84617 1353872 1692340 5
1791 55400 775600 2936200 4
1792 12974 51896 285428 4
1793 22037 462777 1013702 2
1794 27780 277800 444480 1
1795 363 2178 15609 1
1796 13706 82236 411180 3
1797 47813 1147512 1673455 3
1798 23525 329350 1317400 3
1799 48713 194852 681982 2
1800 64739 129478 1100563 3
1801 31605 568890 1422225 2
1802 22400 44800 112000 3
1803 82966 1659320 4812028 3
1804 56601 1698030 3848868 5
1805 53545 535450 1231535 3
1806 78472 313888 1412496 2
1807 11055 66330 453255 1
1808 11694 163716 537924 4
1809 55289 995202 2543294 3
1810 87995 2111880 3695790 1
1811 59044 118088 767572 3
1812 64700 1941000 3946700 3
1813 51017 714238 1836612 1
1814 67220 1344400 3965980 2
1815 34096 34096 1125168 3
1816 68649 1029735 1716225 1
1817 28889 288890 837781 1
1818 6855 205650 459285 2
1819 15043 135387 345989 5
1820 74876 1347768 4043304 2
1821 71347 499429 2283104 3
1822 42789 128367 1369248 5
1823 24491 146946 244910 2
1824 54509 109018 545090 5
1825 82382 1482876 3542426 4
1826 67845 1899660 4816995 2
1827 39914 279398 1157506 2
1828 37270 559050 1080830 4
1829 6757 0 168925 3
1830 52529 0 525290 4
1831 48231 144693 1784547 5
1832 49245 246225 738675 1
1833 14948 119584 373700 3
1834 22101 221010 375717 4
1835 49335 740025 1134705 4
1836 31001 155005 620020 1
1837 12857 102856 359996 4
1838 52334 261670 1308350 5
1839 22677 453540 1315266 1
1840 5437 86992 255539 3
1841 24057 360855 1419363 2
1842 48937 489370 1859606 5
1843 83971 503826 3694724 1
1844 47741 286446 1957381 1
1845 21877 87508 1028219 3
1846 2477 24770 59448 5
1847 20215 161720 384085 3
1848 75138 300552 1878450 1
1849 33337 200022 766751 4
1850 50329 754935 1560199 2
1851 72249 2528715 4479438 1
1852 38899 933576 2645132 1
1853 80379 803790 3215160 3
1854 29790 357480 1310760 4
1855 33722 33722 775606 4
1856 35942 359420 503188 3
1857 28947 86841 1244721 1
1858 42811 899031 1113086 3
1859 46011 552132 1012242 4
1860 60397 362382 1207940 5
1861 27227 326724 707902 1
1862 131 131 5764 1
1863 72166 1010324 2237146 1
1864 5804 92864 150904 1
1865 14607 175284 306747 2
1866 70788 424728 707880 2
1867 27305 81915 491490 1
1868 222 2220 10434 5
1869 677 16248 26403 3
1870 32597 977910 1206089 3
1871 21807 87228 828666 1
1872 42953 214765 1761073 2
1873 66226 927164 3443752 2
1874 69536 0 695360 4
1875 15415 61660 292885 2
1876 13514 216224 472990 3
1877 6061 96976 151525 1
1878 85796 2144900 5405148 3
1879 21878 459438 1159534 2
1880 38568 964200 2236944 2
1881 59177 355062 2662965 1
1882 5811 46488 69732 1
1883 76148 609184 685332 5
1884 23415 374640 1358070 2
1885 19808 831936 1129056 4
1886 17238 172380 258570 1
1887 58399 58399 175197 3
1888 1100 11000 53900 1
1889 69696 418176 2299968 1
1890 61654 308270 1294734 3
1891 43436 390924 477796 1
1892 34132 341320 1535940 3
1893 4857 58284 252564 2
1894 79290 3330180 4915980 3
1895 20303 162424 1015150 3
1896 55779 1561812 2175381 3
1897 70563 564504 1411260 1
1898 9300 9300 251100 5
1899 48965 1028265 2203425 4
1900 51399 256995 873783 1
1901 79462 476772 2860632 1
1902 72188 505316 1660324 2
1903 48877 488770 1759572 3
1904 54391 163173 217564 1
1905 79011 158022 2291319 4
1906 48040 672560 1969640 5
1907 70333 351665 3235318 2
1908 67380 943320 2021400 1
1909 56548 1979180 2827400 1
1910 61383 1227660 1350426 4
1911 57800 115600 1271600 4
1912 7605 45630 342225 4
1913 38617 463404 1583297 1
1914 17778 213336 373338 3
1915 63103 2650326 3407562 4
1916 14521 58084 319462 4
1917 63995 319975 3007765 5
1918 74842 673578 1272314 5
1919 1933 28995 85052 1
1920 1918 0 36442 2
1921 41652 583128 749736 1
1922 87027 522162 3307026 5
1923 16718 200616 334360 4
1924 5321 31926 223482 3
1925 6808 81696 272320 2
1926 28336 85008 1076768 1
1927 40400 121200 1737200 4
1928 28860 0 86580 3
1929 7404 14808 192504 5
1930 6996 139920 188892 3
1931 67378 808536 3705790 5
1932 6063 18189 236457 4
1933 35198 281584 1619108 5
1934 73781 590248 1623182 5
1935 71467 857604 2286944 1
1936 53217 957906 1011123 5
1937 31885 255080 1562365 2
1938 77257 2317710 4326392 4
1939 87895 703160 2461060 2
1940 69879 419274 1187943 5
1941 36708 734160 2018940 1
1942 12794 127940 140734 5
1943 40100 200500 641600 3
1944 68395 1367900 2462220 2
1945 10475 52375 282825 3
1946 423 0 9729 4
1947 10105 101050 414305 5
1948 86728 1040736 1300920 1
1949 80291 963492 2569312 3
1950 30668 153340 184008 4
1951 6088 85232 249608 3
1952 26497 317964 1192365 2
1953 42250 507000 802750 2
1954 14799 14799 369975 3
1955 28460 170760 284600 3
1956 79910 1438380 3356220 2
1957 20737 82948 767269 4
1958 76825 384125 3533950 5
1959 31747 571446 1682591 2
1960 30933 618660 804258 3
1961 34646 173230 485044 5
1962 73319 439914 586552 5
1963 11642 174630 232840 3
1964 32992 263936 329920 3
1965 75204 526428 2632140 1
1966 34607 103821 1211245 5
1967 74391 1115865 1710993 1
1968 16795 100770 722185 5
1969 62707 940605 2759108 1
1970 53199 1276776 2287557 1
1971 19618 117708 451214 3
1972 23736 474720 1091856 1
1973 59274 296370 1600398 3
1974 62303 747636 1370666 4
1975 71246 284984 3419808 3
1976 13797 82782 386316 4
1977 6516 130320 149868 3
1978 67253 807036 3631662 3
1979 17705 424920 1026890 3
1980 45083 946743 1532822 2
1981 50113 601356 2505650 2
1982 26073 130365 782190 1
1983 53418 747852 2670900 4
1984 26445 528900 952020 3
1985 75056 300224 2476848 3
1986 48000 288000 2064000 1
1987 53868 646416 808020 5
1988 15153 90918 606120 4
1989 25882 258820 1216454 3
1990 40918 613770 1309376 1
1991 46096 691440 1382880 2
1992 50272 2111424 2664416 3
1993 63522 190566 2604402 5
1994 9926 148890 436744 3
1995 24343 584232 1144121 3
1996 11734 58670 375488 1
1997 19347 19347 386940 1
1998 42497 169988 1359904 4
1999 41684 1250520 1834096 3
2000 87226 174452 1133938 1
