0001 10961 21922 186337 5
0002 28877 577540 1039572 1
0003 37054 370540 1445106 3
0004 39321 471852 1926729 2
0005 29085 174510 261765 2
0006 20622 866124 1154832 1
0007 27432 329184 740664 4
0008 25990 103960 753710 3
0009 5371 96678 145017 5
0010 30382 364584 850696 2
0011 42009 294063 1218261 1
0012 44835 89670 1434720 2
0013 24177 145062 797841 1
0014 9718 340130 398438 2
0015 8224 98688 156256 4
0016 51220 1229280 1946360 1
0017 33385 200310 534160 2
0018 10571 84568 126852 3
0019 40804 734472 938492 2
0020 27536 826080 1128976 2
0021 43613 392517 1962585 1
0022 35845 501830 788590 1
0023 38136 1067808 2059344 5
0024 12808 115272 345816 4
0025 6707 134140 254866 3
0026 22434 224340 560850 2
0027 53551 0 1874285 1
0028 4274 17096 42740 3
0029 35869 860856 1398891 3
0030 48430 871740 1113890 1
0031 19040 380800 418880 5
0032 40935 818700 900570 1
0033 52923 1058460 2434458 1
0034 30634 275706 459510 1
0035 17137 274192 342740 3
0036 53110 477990 2283730 2
0037 13861 582162 665328 1
0038 27379 109516 465443 2
0039 10376 62256 217896 2
0040 45309 543708 2174832 4
0041 10450 62700 240350 5
0042 37863 227178 416493 2
0043 53631 965358 2252502 5
0044 11093 22186 399348 2
0045 25720 128600 282920 2
0046 9594 134316 143910 3
0047 49744 298464 1641552 3
0048 41734 250404 1752828 4
0049 10908 65448 283608 5
0050 41308 578312 908776 5
0051 47034 141102 940680 1
0052 5457 87312 92769 2
0053 6564 6564 255996 2
0054 7478 29912 52346 3
0055 40936 122808 1023400 3
0056 27964 167784 195748 2
0057 12424 24848 198784 3
0058 46301 0 601913 3
0059 51854 518540 1814890 2
0060 21240 892080 1253160 2
0061 40896 490752 1840320 2
0062 1969 7876 11814 2
0063 8131 24393 268323 4
0064 14807 118456 148070 2
0065 19296 482400 598176 2
0066 37542 525588 1802016 3
0067 18208 364160 782944 2
0068 34418 619524 791614 4
0069 3833 107324 206982 2
0070 44821 537852 582673 3
0071 10227 286356 654528 1
0072 37508 1125240 1950416 5
0073 30344 30344 758600 5
0074 38989 818769 1286637 1
0075 44140 353120 573820 5
0076 8535 17070 341400 5
0077 53343 800145 853488 4
0078 3199 6398 102368 5
0079 14932 59728 164252 3
0080 29943 838404 1287549 5
0081 44266 354128 575458 4
0082 42461 509532 594454 3
0083 4164 49968 149904 3
0084 22778 273336 728896 5
0085 20499 122994 532974 2
0086 45826 824868 1787214 2
0087 11861 35583 284664 5
0088 18920 662200 681120 2
0089 50242 251210 1557502 4
0090 30637 735288 1899494 1
0091 29403 470448 1440747 4
0092 29206 146030 408884 1
0093 13649 245682 627854 2
0094 28529 1198218 1312334 1
0095 54572 327432 382004 5
0096 38125 762500 1601250 3
0097 45942 1148550 2343042 2
0098 40653 650448 1748079 2
0099 12962 181468 453670 5
0100 12561 12561 125610 4
0101 465 3720 4185 3
0102 8344 166880 275352 5
0103 21128 190152 253536 2
0104 53074 636888 1061480 1
0105 42651 0 469161 1
0106 50831 609972 762465 1
0107 41003 369027 1435105 1
0108 37621 940525 1542461 4
0109 52935 846960 2593815 1
0110 46711 0 1167775 3
0111 807 4035 34701 1
0112 28795 287950 460720 2
0113 2778 38892 41670 4
0114 11556 242676 346680 3
0115 48536 1698760 2815088 3
0116 1677 46956 103974 2
0117 48504 388032 1067088 1
0118 27094 0 704444 5
0119 8510 178710 408480 3
0120 46240 138720 1156000 3
0121 20654 123924 702236 5
0122 28077 140385 533463 4
0123 32989 296901 857714 1
0124 29555 886650 1655080 2
0125 41887 502644 712079 1
0126 28736 57472 919552 4
0127 1418 11344 49630 5
0128 17800 17800 249200 4
0129 7831 93972 258423 4
0130 30809 862652 1879349 2
0131 8274 173754 314412 3
0132 28788 863640 1209096 2
0133 33593 671860 1142162 4
0134 46772 327404 2057968 1
0135 38693 812553 1973343 4
0136 47091 376728 1271457 5
0137 21449 193041 321735 2
0138 29407 264663 793989 4
0139 16218 64872 648720 5
0140 26897 268970 1048983 5
0141 42103 168412 1220987 3
0142 30375 91125 182250 5
0143 43206 777708 1728240 3
0144 22760 68280 227600 2
0145 42177 885717 1687080 3
0146 4980 39840 44820 4
0147 52007 1456196 3276441 3
0148 17365 17365 173650 5
0149 44916 1122900 1706808 2
0150 49842 249210 598104 4
0151 15738 62952 598044 3
0152 5439 97902 277389 4
0153 420 2520 14700 3
0154 2609 0 86097 4
0155 9337 56022 93370 2
0156 49587 892566 2380176 2
0157 33142 0 596556 3
0158 53539 2141560 2516333 4
0159 38071 1065988 1142130 4
0160 47958 1007118 2062194 2
0161 10407 41628 187326 3
0162 49551 594612 2130693 1
0163 7925 31700 198125 2
0164 31768 444752 857736 3
0165 50324 402592 1912312 4
0166 52393 943074 2724436 3
0167 5510 33060 165300 3
0168 37454 149816 711626 4
0169 50854 305124 813664 1
0170 31152 280368 1183776 1
0171 29162 349944 1399776 5
0172 47165 0 1367785 2
0173 30364 242912 1032376 3
0174 22067 463407 860613 5
0175 13237 741272 900116 3
0176 37732 603712 1471548 1
0177 52278 627336 1986564 2
0178 34473 206838 413676 5
0179 28256 423840 791168 4
0180 45837 1145925 2291850 5
0181 34057 476798 1055767 4
0182 23487 140922 540201 3
0183 22078 927276 1633772 3
0184 15309 30618 428652 1
0185 8204 196896 246120 2
0186 47859 478590 861462 4
0187 34777 69554 591209 1
0188 41710 1251300 2502600 2
0189 16710 267360 885630 1
0190 16288 325760 667808 2
0191 11092 133104 221840 3
0192 20392 244704 326272 1
0193 14665 43995 454615 1
0194 51011 1785385 2550550 1
0195 49520 1485600 2327440 4
0196 18619 37238 297904 1
0197 25504 178528 1020160 1
0198 38832 931968 1126128 2
0199 41856 753408 1297536 2
0200 16979 339580 781034 2
0201 33762 1012860 1282956 2
0202 51410 205640 1182430 3
0203 55919 1565732 2907788 1
0204 41737 1168636 1627743 3
0205 50189 50189 752835 5
0206 24103 385648 723090 5
0207 1652 0 52864 5
0208 45441 636174 1635876 3
0209 16095 289710 386280 1
0210 56130 505170 1122600 4
0211 40865 817300 858165 2
0212 15989 63956 447692 5
0213 29721 0 743025 2
0214 34698 34698 1179732 4
0215 8708 17416 43540 1
0216 54732 820980 875712 4
0217 36147 722940 1807350 3
0218 18415 773430 994410 1
0219 14294 85764 528878 4
0220 12597 75582 214149 3
0221 23092 415656 461840 2
0222 39402 472824 1930698 2
0223 19485 116910 740430 3
0224 47779 95558 1528928 4
0225 47107 753712 2449564 3
0226 21266 340256 425320 2
0227 42022 672352 1680880 2
0228 8354 175434 375930 4
0229 33254 465556 1429922 4
0230 31393 879004 1444078 2
0231 8415 50490 58905 1
0232 24783 148698 371745 5
0233 11401 273624 421837 3
0234 24163 676564 1353128 2
0235 55196 1324704 3146172 2
0236 10032 280896 561792 1
0237 30075 360900 1052625 2
0238 44015 352120 924315 2
0239 17822 71288 499016 5
0240 46505 697575 1813695 2
0241 1037 24888 31110 5
0242 19134 76536 114804 1
0243 32600 130400 1206200 1
0244 48505 291030 1697675 5
0245 16946 169460 321974 4
0246 55582 1333968 2723518 4
0247 22304 936768 1695104 2
0248 11388 239148 409968 2
0249 24662 246620 665874 4
0250 19665 157320 786600 2
0251 11494 172410 436772 1
0252 54207 216828 1734624 2
0253 31141 467115 996512 2
0254 44972 314804 1304188 2
0255 37421 224526 1421998 4
0256 11044 132528 485936 1
0257 40665 813300 1341945 3
0258 49972 199888 699608 5
0259 48175 770800 1397075 5
0260 30869 61738 1080415 1
0261 7491 112365 329604 3
0262 55608 222432 2113104 4
0263 21326 0 106630 2
0264 29386 58772 910966 2
0265 1257 3771 32682 4
0266 21126 126756 401394 5
0267 13479 67395 161748 4
0268 32947 164735 625993 3
0269 28791 604611 1238013 4
0270 24464 684992 807312 3
0271 43300 866000 2468100 1
0272 29892 358704 1016328 3
0273 56018 336108 1960630 1
0274 35222 105666 246554 4
0275 22971 551304 1033695 1
0276 25244 378660 1085492 3
0277 55010 1650300 2640480 3
0278 46295 1157375 2916585 1
0279 36851 147404 589616 2
0280 4767 66738 219282 5
0281 8503 85030 348623 1
0282 50871 508710 2034840 5
0283 28600 171600 343200 2
0284 803 33726 59422 2
0285 12998 51992 272958 3
0286 19794 59382 98970 5
0287 33208 99624 498120 5
0288 27737 83211 943058 4
0289 15332 275976 475292 4
0290 56039 1120780 3082145 3
0291 44292 398628 1328760 2
0292 29011 29011 1044396 4
0293 33121 662420 861146 3
0294 9552 267456 458496 3
0295 11376 91008 307152 4
0296 15331 306620 536585 1
0297 18266 219192 602778 3
0298 33972 815328 1562712 4
0299 56311 112622 1633019 2
0300 23778 95112 261558 3
0301 5670 170100 192780 1
0302 16746 334920 686586 5
0303 30502 244016 884558 4
0304 13536 406080 514368 3
0305 4435 22175 186270 5
0306 26660 79980 479880 1
0307 19164 95820 728232 4
0308 5218 73052 140886 5
0309 8470 254100 279510 4
0310 11065 77455 309820 3
0311 32291 96873 710402 3
0312 15487 309740 340714 3
0313 6678 40068 166950 3
0314 31080 372960 1087800 5
0315 54982 329892 2199280 1
0316 48785 0 390280 3
0317 44021 1540735 2421155 2
0318 18856 113136 188560 3
0319 5046 90828 232116 3
0320 48413 290478 677782 5
0321 24336 48672 73008 3
0322 45801 366408 1419831 3
0323 5886 23544 70632 1
0324 7843 7843 141174 5
0325 37797 75594 340173 5
0326 7005 7005 84060 1
0327 1055 10550 42200 1
0328 28440 682560 1393560 4
0329 6032 60320 289536 5
0330 1910 53480 116510 1
0331 36231 434772 1376778 2
0332 3538 42456 84912 4
0333 45624 273744 1094976 4
0334 8718 130770 226668 2
0335 12716 178024 546788 5
0336 19217 288255 807114 2
0337 16382 393168 671662 4
0338 47498 47498 1852422 4
0339 3312 39744 99360 2
0340 50653 1418284 1823508 1
0341 15388 30776 61552 4
0342 17997 71988 593901 3
0343 48450 145350 629850 5
0344 265 795 5565 2
0345 15616 0 327936 1
0346 29058 0 493986 4
0347 1469 2938 29380 1
0348 41189 617835 1276859 2
0349 7049 70490 218519 2
0350 33829 33829 1014870 5
0351 51505 309030 463545 4
0352 30656 0 919680 1
0353 14186 42558 156046 3
0354 15540 62160 155400 2
0355 25843 646075 852819 1
0356 5223 10446 31338 2
0357 860 12900 39560 4
0358 19771 553588 652443 5
0359 11779 117790 424044 4
0360 40500 607500 2025000 4
0361 44811 448110 1792440 1
0362 8630 138080 353830 1
0363 47787 477870 1529184 3
0364 44727 805086 1297083 1
0365 12023 180345 637219 1
0366 51855 1037100 2592750 1
0367 21590 453390 1036320 1
0368 12557 263697 364153 4
0369 30362 425068 516154 2
0370 7667 30668 299013 5
0371 30845 370140 1048730 1
0372 9291 46455 380931 5
0373 40092 80184 280644 5
0374 2424 9696 46056 4
0375 11557 0 57785 5
0376 34701 138804 485814 3
0377 6282 0 201024 3
0378 13417 107336 161004 4
0379 11584 104256 370688 5
0380 53847 1076940 1830798 3
0381 37709 150836 377090 5
0382 20321 304815 609630 3
0383 6666 26664 113322 5
0384 40418 646688 1576302 2
0385 3931 3931 78620 5
0386 9083 136245 345154 2
0387 46426 278556 696390 2
0388 23837 333718 643599 5
0389 23332 559968 1259928 5
0390 9936 29808 89424 4
0391 50102 601224 1553162 3
0392 41161 617415 2016889 4
0393 11712 421632 503616 5
0394 56893 910288 1763683 1
0395 41380 248280 1282780 5
0396 25559 127795 153354 3
0397 8587 103044 223262 5
0398 35049 105147 981372 3
0399 30508 91524 1159304 5
0400 42858 171432 1028592 4
0401 2691 75348 113022 1
0402 36940 73880 1440660 5
0403 55649 500841 1335576 3
0404 24251 291012 654777 5
0405 43390 781020 2212890 4
0406 15932 0 414232 5
0407 40086 240516 721548 2
0408 28854 432810 519372 2
0409 15128 317688 711016 5
0410 33709 202254 1280942 3
0411 22309 446180 825433 1
0412 40963 245778 942149 4
0413 48036 336252 1921440 2
0414 55017 1100340 1595493 5
0415 33214 697494 1826770 2
0416 54525 436200 2290050 5
0417 29014 116056 290140 1
0418 45540 1912680 2777940 1
0419 32098 641960 1219724 1
0420 19254 173286 423588 2
0421 54830 54830 164490 5
0422 9054 108648 389322 2
0423 1979 11874 63328 5
0424 8613 17226 103356 1
0425 44260 663900 929460 4
0426 56868 1706040 2104116 4
0427 1229 24580 44244 1
0428 27577 165462 1213388 5
0429 4741 71115 104302 2
0430 33649 504735 672980 3
0431 25732 514640 1080744 4
0432 34468 206808 827232 5
0433 21008 504192 1218464 2
0434 15022 180264 691012 1
0435 3966 15864 63456 4
0436 9247 0 258916 1
0437 31498 1543402 1732390 3
0438 52613 0 105226 3
0439 18217 255038 619378 1
0440 1096 6576 29592 2
0441 55777 1394425 1896418 4
0442 27699 83097 553980 4
0443 27657 82971 248913 2
0444 47017 940340 1692612 4
0445 50977 1070517 1886149 1
0446 6679 100185 220407 1
0447 37889 227334 1667116 5
0448 42398 84796 975154 1
0449 53887 969966 2371028 1
0450 52567 473103 1366742 2
0451 45593 820674 1686941 3
0452 35540 71080 1101740 2
0453 48537 1456110 2912220 1
0454 35030 1050900 1331140 1
0455 1022 12264 20440 2
0456 12499 0 99992 1
0457 48854 586248 1514474 5
0458 55889 670668 2459116 3
0459 13148 52592 407588 4
0460 633 9495 20889 3
0461 9225 92250 369000 1
0462 29542 620382 1388474 4
0463 49585 595020 1090870 4
0464 11832 118320 130152 4
0465 32110 449540 1284400 1
0466 51975 1247400 1767150 4
0467 18680 112080 728520 2
0468 6984 139680 258408 5
0469 12478 0 187170 2
0470 33007 264056 1122238 3
0471 5554 0 44432 4
0472 36374 509236 1382212 1
0473 41897 377073 1633983 5
0474 6586 138306 197580 2
0475 21528 430560 667368 4
0476 30690 736560 1381050 3
0477 24075 288900 529650 1
0478 10898 305144 555798 5
0479 17604 264060 475308 4
0480 47829 717435 2487108 4
0481 25349 253490 354886 4
0482 3643 54645 123862 1
0483 562 2248 21356 5
0484 4839 116136 159687 4
0485 21100 527500 1118300 4
0486 25544 536424 1379376 2
0487 9722 194440 213884 5
0488 27061 27061 541220 4
0489 21015 84060 525375 2
0490 32961 395532 1483245 1
0491 754 10556 21866 5
0492 3587 14348 147067 4
0493 7112 21336 120904 3
0494 47708 572496 2003736 4
0495 27177 54354 924018 3
0496 1998 55944 103896 4
0497 47145 188580 1555785 5
0498 12715 254300 445025 4
0499 18296 109776 256144 5
0500 49351 98702 1233775 1
0501 14829 29658 252093 3
0502 23643 1158507 1631367 2
0503 22958 68874 734656 3
0504 44861 1256108 2691660 2
0505 29445 265005 618345 5
0506 1195 4780 5975 3
0507 38785 465420 1590185 1
0508 31957 191742 415441 2
0509 14722 176664 706656 1
0510 43123 172492 301861 2
0511 10205 183690 510250 4
0512 6467 45269 142274 4
0513 2811 33732 64653 5
0514 20119 241428 865117 5
0515 15451 309020 896158 4
0516 38170 381700 801570 5
0517 14361 215415 402108 4
0518 26838 53676 644112 1
0519 32946 329460 823650 1
0520 55361 0 1771552 3
0521 31263 375156 437682 4
0522 8106 162120 299922 2
0523 40807 163228 938561 5
0524 17766 106596 426384 1
0525 15798 0 110586 5
0526 30395 151975 699085 3
0527 56227 168681 1461902 2
0528 11077 88616 265848 2
0529 17182 137456 738826 2
0530 22358 1095542 1810998 3
0531 56488 1694640 2937376 3
0532 37724 1584408 2640680 3
0533 32519 520304 780456 2
0534 18409 515452 607497 1
0535 23486 117430 258346 2
0536 37252 894048 2197868 4
0537 3864 7728 69552 5
0538 14207 127863 468831 2
0539 28158 394212 1323426 4
0540 10230 40920 286440 4
0541 55672 222688 1169112 1
0542 46582 558984 791894 1
0543 56496 1694880 2485824 4
0544 49869 498690 2293974 5
0545 53545 214180 2034710 4
0546 54942 0 1483434 5
0547 10080 120960 433440 2
0548 50236 602832 1758260 2
0549 56659 1133180 2832950 5
0550 51486 514860 2265384 2
0551 24714 518994 1186272 2
0552 34264 0 171320 4
0553 32837 131348 328370 5
0554 28434 1194228 2246286 2
0555 45761 1098264 1144025 5
0556 13609 163308 489924 1
0557 16796 67184 100776 4
0558 19397 0 368543 5
0559 48607 874926 1312389 4
0560 21109 84436 738815 1
0561 56127 1964445 3704382 1
0562 48710 876780 1363880 3
0563 38533 770660 1233056 5
0564 48797 146391 1756692 3
0565 50851 406808 1322126 5
0566 16156 452368 533148 2
0567 391 782 4301 1
0568 25044 75132 150264 4
0569 24589 73767 885204 5
0570 42456 0 551928 3
0571 45236 542832 1990384 1
0572 26042 312504 442714 3
0573 9058 317030 579712 2
0574 41917 503004 838340 5
0575 8531 51186 349771 3
0576 49026 588312 1715910 5
0577 47548 950960 1283796 5
0578 51960 207840 831360 2
0579 48773 877914 1219325 1
0580 20529 143703 164232 3
0581 17605 52815 633780 2
0582 5002 50020 235094 5
0583 36890 110670 368900 1
0584 33650 403800 1514250 3
0585 9648 57888 221904 4
0586 45669 1278732 1689753 1
0587 14042 280840 659974 3
0588 15566 280188 342452 1
0589 33667 707007 1346680 5
0590 35345 106035 459485 5
0591 21965 790740 1405760 3
0592 12942 12942 452970 5
0593 40089 801780 1643649 5
0594 40967 1433845 2744789 2
0595 46257 185028 1063911 4
0596 28232 988120 1213976 2
0597 49459 494590 1928901 4
0598 23436 281232 304668 2
0599 30840 493440 1264440 3
0600 37997 455964 911928 4
0601 19038 76152 685368 1
0602 22692 45384 453840 1
0603 29937 239496 1227417 2
0604 55710 779940 2674080 1
0605 10131 40524 70917 1
0606 41125 658000 2220750 1
0607 3155 18930 63100 2
0608 19394 135758 814548 1
0609 48163 288978 1733868 5
0610 45330 1133250 2447820 2
0611 23648 283776 898624 3
0612 31223 655683 1405035 5
0613 45712 685680 1919904 4
0614 28995 608895 1217790 2
0615 40724 488688 1547512 5
0616 47787 1672545 2054841 5
0617 8016 40080 320640 3
0618 12934 12934 206944 5
0619 50880 305280 1017600 3
0620 14988 224820 359712 2
0621 20973 734055 1510056 5
0622 53968 863488 1025392 1
0623 15747 236205 251952 5
0624 14915 74575 193895 1
0625 17226 310068 499554 3
0626 56985 1139700 1709550 4
0627 36797 441564 662346 2
0628 32468 487020 1655868 5
0629 2383 14298 45277 1
0630 12665 531930 911880 3
0631 28542 599382 627924 1
0632 6088 12176 133936 3
0633 39778 994450 1471786 2
0634 48241 192964 1591953 3
0635 20687 82748 806793 1
0636 7383 155043 162426 3
0637 29389 176334 1204949 4
0638 22315 781025 1606680 4
0639 55611 1000998 2280051 5
0640 28712 717800 775224 1
0641 46581 1304268 1770078 2
0642 30610 214270 673420 4
0643 16587 199044 464436 5
0644 4978 149340 238944 3
0645 976 976 24400 5
0646 17225 34450 637325 4
0647 45411 544932 1407741 1
0648 42612 85224 1278360 3
0649 26044 468792 1380332 4
0650 33362 667240 967498 4
0651 43941 87882 746997 1
0652 44106 441060 1102650 5
0653 5998 35988 167944 3
0654 10113 30339 40452 1
0655 36135 903375 1336995 4
0656 13726 54904 384328 2
0657 4164 33312 104100 4
0658 39550 791000 909650 2
0659 24549 736470 1448391 3
0660 55268 331608 939556 1
0661 27355 574455 875360 3
0662 8148 122220 431844 4
0663 55614 389298 1390350 4
0664 37456 262192 674208 5
0665 29032 116128 1045152 4
0666 31271 375252 625420 1
0667 14384 201376 474672 2
0668 33551 0 234857 4
0669 42666 895986 1535976 5
0670 36213 108639 1013964 2
0671 32173 675633 1898207 4
0672 25073 300876 1178431 2
0673 53290 319740 639480 5
0674 32769 819225 1343529 1
0675 16836 252540 723948 3
0676 8240 131840 271920 5
0677 9534 133476 276486 3
0678 55110 495990 2039070 4
0679 47530 285180 1045660 2
0680 12117 48468 109053 5
0681 15471 92826 587898 5
0682 42830 171320 1027920 5
0683 16369 163690 572915 1
0684 16605 99630 348705 4
0685 39672 119016 436392 2
0686 12101 145212 375131 4
0687 7987 15974 23961 2
0688 36087 433044 793914 5
0689 28619 600999 1373712 2
0690 6381 127620 363717 3
0691 27313 218504 901329 4
0692 46717 467170 1448227 2
0693 24760 74280 668520 2
0694 54214 487926 1843276 4
0695 46196 1616860 1847840 5
0696 1901 11406 74139 4
0697 2955 17730 70920 2
0698 6958 194824 264404 5
0699 28919 0 202433 1
0700 13139 118251 473004 2
0701 36112 650016 1155584 4
0702 34918 0 34918 1
0703 49349 296094 1727215 5
0704 10081 60486 372997 4
0705 4931 24655 212033 2
0706 47611 95222 1047442 1
0707 43239 691824 1253931 4
0708 13770 192780 302940 5
0709 30697 429758 1197183 1
0710 29559 88677 472944 2
0711 18428 221136 350132 5
0712 56001 224004 280005 3
0713 7169 107535 315436 1
0714 2345 49245 51590 3
0715 38829 970725 1669647 5
0716 49759 746385 1990360 4
0717 38200 916800 1184200 5
0718 26910 53820 322920 2
0719 36558 219348 1571994 3
0720 20831 187479 333296 2
0721 34119 341190 545904 4
0722 52501 0 1050020 3
0723 18056 36112 270840 4
0724 37122 37122 408342 3
0725 48156 722340 1300212 3
0726 23319 93276 582975 1
0727 43233 518796 821427 3
0728 38611 463332 1930550 3
0729 29298 29298 820344 2
0730 38775 232650 1551000 2
0731 12985 454475 688205 2
0732 54053 648636 1243219 2
0733 18561 74244 315537 1
0734 35054 525810 1507322 2
0735 15972 383328 559020 2
0736 497 1988 2982 1
0737 53430 534300 961740 2
0738 27853 83559 724178 1
0739 29967 0 269703 3
0740 47097 282582 1601298 1
0741 29831 417634 1431888 1
0742 53500 1284000 1337500 1
0743 46974 563688 2019882 4
0744 29738 832664 1665328 1
0745 48671 973420 1411459 2
0746 41039 861819 1559482 2
0747 5104 61248 137808 2
0748 23337 420066 1190187 1
0749 50638 708932 2531900 1
0750 11308 169620 282700 4
0751 13582 285222 801338 2
0752 41889 125667 879669 2
0753 4155 83100 220215 4
0754 50592 252960 404736 2
0755 7925 221900 309075 1
0756 7654 91848 130118 2
0757 26258 787740 1234126 2
0758 3070 3070 30700 1
0759 8842 265260 503994 5
0760 31323 1315566 2255256 4
0761 30357 637497 1699992 1
0762 15029 60116 616189 5
0763 30061 480976 751525 3
0764 38771 348939 814191 4
0765 21687 650610 997602 2
0766 19259 77036 789619 2
0767 47805 239025 382440 1
0768 30210 271890 755250 4
0769 32090 673890 1091060 4
0770 3159 0 107406 5
0771 29769 208383 357228 4
0772 10243 40972 399477 1
0773 49506 198024 247530 4
0774 30689 30689 460335 2
0775 12346 98768 382726 2
0776 13257 53028 198855 4
0777 16847 202164 370634 4
0778 39800 835800 1671600 1
0779 567 6804 13041 4
0780 54725 328350 1587025 1
0781 22810 319340 752730 2
0782 36149 144596 1229066 3
0783 43452 434520 1173204 5
0784 4246 29722 55198 5
0785 46978 563736 845604 5
0786 18731 149848 618123 1
0787 23712 426816 1138176 5
0788 40310 403100 927130 5
0789 28737 459792 1063269 2
0790 7141 42846 242794 1
0791 44451 266706 1733589 4
0792 24908 199264 1120860 4
0793 35544 1244040 2345904 2
0794 42915 429150 1416195 2
0795 3211 57798 83486 5
0796 41979 503748 797601 5
0797 23184 556416 927360 1
0798 54890 164670 1152690 2
0799 22333 200997 580658 2
0800 47183 424647 1604222 4
0801 50531 1010620 2324426 4
0802 11473 45892 367136 3
0803 31601 379212 442414 5
0804 36749 771729 955474 4
0805 35409 177045 212454 5
0806 56785 1703550 3463885 5
0807 46250 1110000 1480000 1
0808 25584 51168 255840 5
0809 54518 654216 2671382 2
0810 40265 845565 1207950 3
0811 33788 1013640 1283944 1
0812 21671 390078 780156 4
0813 53659 214636 643908 2
0814 38898 466776 739062 5
0815 15728 47184 566208 3
0816 27352 410280 519688 1
0817 38248 458976 535472 4
0818 26957 0 862624 1
0819 41859 209295 711603 4
0820 41271 990504 1196859 4
0821 20600 20600 82400 1
0822 35000 245000 1225000 4
0823 26175 314100 732900 2
0824 38623 231738 1390428 4
0825 36594 146376 878256 1
0826 7551 264285 528570 2
0827 40896 40896 81792 5
0828 1202 18030 27646 4
0829 6697 53576 267880 2
0830 27669 830070 1466457 1
0831 34359 412308 1683591 1
0832 11400 22800 353400 2
0833 55435 831525 1607615 4
0834 8984 44920 269520 3
0835 49435 148305 1483050 5
0836 51092 1430576 1634944 1
0837 6254 87556 162604 3
0838 42533 255198 1828919 1
0839 5561 111220 216879 1
0840 22823 136938 502106 2
0841 18649 335682 820556 5
0842 45666 913320 2100636 3
0843 44968 359744 1888656 3
0844 55378 55378 886048 3
0845 12629 227322 391499 2
0846 53567 749938 1017773 5
0847 47454 569448 1328712 4
0848 25812 516240 800172 1
0849 22128 199152 508944 3
0850 20313 40626 792207 2
0851 33548 0 301932 2
0852 54210 1084200 2873130 2
0853 25689 102756 411024 1
0854 3427 82248 195339 2
0855 56565 678780 1810080 5
0856 31781 95343 190686 2
0857 39700 397000 635200 3
0858 10637 0 372295 5
0859 12378 371340 383718 4
0860 48104 288624 1683640 1
0861 39621 1188630 1981050 5
0862 3665 18325 109950 1
0863 25952 726656 1064032 2
0864 39960 799200 1078920 1
0865 7700 30800 269500 3
0866 33633 403596 1278054 3
0867 20618 206180 804102 3
0868 22083 662490 684573 3
0869 1759 17590 52770 3
0870 33698 0 1145732 2
0871 4097 73746 102425 1
0872 10715 225015 589325 2
0873 28144 168864 562880 3
0874 913 18260 31042 4
0875 43254 129762 562302 1
0876 43758 175032 743886 4
0877 24417 586008 805761 2
0878 9868 39472 187492 1
0879 12079 84553 217422 3
0880 37672 339048 753440 3
0881 46400 835200 1299200 5
0882 33618 268944 1411956 4
0883 31530 252240 504480 4
0884 33613 201678 1478972 1
0885 25204 201632 352856 2
0886 46428 835704 928560 3
0887 1764 7056 63504 4
0888 26933 754124 1238918 5
0889 3980 35820 155220 1
0890 56006 1344144 1456156 5
0891 20216 121296 768208 2
0892 7227 28908 260172 4
0893 39431 157724 1458947 4
0894 56016 224064 2184624 4
0895 4690 56280 164150 5
0896 9478 132692 161126 4
0897 8157 16314 73413 2
0898 17115 0 547680 2
0899 15260 30520 213640 2
0900 25027 750810 1551674 4
0901 49937 349559 2247165 4
0902 27996 335952 1175832 5
0903 12492 49968 99936 4
0904 3489 41868 146538 3
0905 49630 148890 1439270 2
0906 7715 154300 362605 3
0907 52388 261940 1676416 2
0908 20836 125016 187524 2
0909 6561 131220 144342 2
0910 30364 303640 1427108 4
0911 48501 97002 339507 2
0912 39102 1368570 2737140 3
0913 33291 399492 1065312 1
0914 17942 125594 592086 5
0915 25150 452700 1156900 2
0916 33878 135512 304902 2
0917 1640 4920 63960 4
0918 36475 364750 474175 3
0919 7929 111006 150651 1
0920 56370 1127400 1521990 4
0921 24510 367650 1102950 5
0922 33576 134304 839400 1
0923 47362 473620 757792 5
0924 11248 134976 483664 1
0925 24077 288924 409309 4
0926 7693 153860 292334 5
0927 46498 464980 2045912 5
0928 1135 39725 40860 5
0929 15866 190392 523578 4
0930 55887 894192 1732497 1
0931 10886 32658 76202 1
0932 20317 60951 487608 5
0933 10359 103590 435078 4
0934 56316 506844 2083692 3
0935 31489 377868 818714 3
0936 53445 1496460 2886030 4
0937 34738 0 521070 3
0938 25791 51582 206328 4
0939 43796 875920 2102208 3
0940 22342 357472 983048 5
0941 32711 163555 1373862 2
0942 28350 170100 1162350 5
0943 38814 621024 1863072 5
0944 37358 448296 1681110 4
0945 13060 195900 548520 1
0946 32871 0 427323 2
0947 9057 163026 416622 1
0948 10505 126060 220605 1
0949 4605 18420 147360 1
0950 5545 77630 205165 1
0951 9708 174744 339780 1
0952 56569 848535 2149622 5
0953 38585 231510 887455 3
0954 13167 13167 368676 4
0955 50356 805696 1812816 3
0956 8535 51210 204840 5
0957 29180 583600 1488180 1
0958 2478 49560 71862 4
0959 34112 682240 1228032 2
0960 16852 168520 471856 2
0961 11968 35904 215424 2
0962 42145 168580 1095770 5
0963 50762 1827432 1979718 5
0964 50542 808672 1718428 2
0965 28209 112836 338508 2
0966 31379 219653 972749 4
0967 31085 466275 1492080 3
0968 7249 21747 253715 3
0969 12506 37518 125060 2
0970 1568 32928 39200 4
0971 6325 56925 208725 2
0972 51269 307614 1435532 3
0973 46559 931180 1024298 2
0974 19960 718560 1037920 4
0975 18397 275955 938247 3
0976 40326 564564 1895322 1
0977 40762 326096 1589718 2
0978 17111 119777 513330 2
0979 34080 204480 443040 3
0980 22612 67836 203508 4
0981 903 4515 8127 2
0982 7156 28624 200368 4
0983 36788 331092 1434732 3
0984 49164 786624 2359872 3
0985 8833 35332 70664 4
0986 34799 347990 1565955 5
0987 25273 606552 1390015 5
0988 22869 343035 1166319 1
0989 48768 341376 1072896 5
0990 47448 94896 1281096 2
0991 48308 676312 1690780 4
0992 30184 603680 1509200 2
0993 55207 1324968 3146799 4
0994 47457 1138968 1613538 2
0995 22274 267288 668220 5
0996 33528 234696 1408176 2
0997 38357 613712 1189067 1
0998 1499 31479 82445 3
0999 9039 36156 207897 3
1000 39963 319704 559482 4
1001 29297 175782 1113286 5
1002 18896 56688 226752 1
1003 28481 227848 854430 3
1004 21897 131382 481734 2
1005 51903 830448 1297575 5
1006 19818 79272 376542 2
1007 20417 40834 469591 2
1008 25713 154278 848529 3
1009 6995 0 111920 4
1010 39571 1938979 2651257 1
1011 3893 11679 35037 5
1012 5576 16728 139400 1
1013 35443 0 637974 5
1014 51832 932976 2332440 1
1015 28026 560520 980910 4
1016 133 3325 4389 2
1017 35756 286048 679364 4
1018 35763 143052 679497 1
1019 43999 263994 1451967 2
1020 49433 494330 1829021 4
1021 34062 851550 1464666 4
1022 56001 784014 1568028 4
1023 38488 692784 1924400 5
1024 24225 436050 654075 1
1025 26484 158904 238356 1
1026 55641 166923 1891794 5
1027 50618 506180 2075338 2
1028 3542 17710 60214 1
1029 21469 257628 1073450 2
1030 32929 98787 395148 2
1031 21381 299334 748335 2
1032 44209 1105225 2122032 2
1033 29634 0 681582 1
1034 52289 627468 1986982 4
1035 1908 38160 80136 4
1036 49591 1388548 1438139 4
1037 46732 467320 1355228 4
1038 50829 152487 864093 5
1039 38054 114162 152216 5
1040 28143 281430 619146 4
1041 4330 8660 142890 4
1042 40290 241740 282030 2
1043 31190 124760 1278790 5
1044 33410 601380 968890 3
1045 24678 172746 271458 1
1046 8939 125146 187719 4
1047 53627 429016 1018913 1
1048 49803 0 1494090 2
1049 2736 27360 51984 1
1050 42466 212330 424660 3
1051 9958 39832 358488 4
1052 857 6856 7713 5
1053 18236 382956 948272 5
1054 12420 186300 434700 5
1055 7986 47916 175692 4
1056 36718 183590 514052 4
1057 20085 80340 461955 2
1058 36907 590512 1771536 5
1059 36343 436116 1453720 2
1060 19887 59661 735819 1
1061 42803 0 428030 5
1062 19600 548800 1117200 1
1063 21501 86004 430020 2
1064 21244 63732 764784 3
1065 16736 0 485344 5
1066 45630 547560 1140750 1
1067 26935 161610 1104335 5
1068 24340 292080 851900 4
1069 7272 29088 43632 5
1070 48603 1166472 2867577 5
1071 38729 1394244 2246282 3
1072 21656 0 519744 4
1073 47626 1428780 1762162 2
1074 42244 506928 1056100 5
1075 25235 252350 908460 3
1076 53746 0 1827364 4
1077 50025 1050525 2001000 4
1078 46529 232645 1302812 1
1079 52312 104624 1935544 2
1080 31304 469560 970424 2
1081 46293 185172 1527669 2
1082 43886 877720 2062642 3
1083 54194 1517432 2059372 4
1084 33842 609156 1015260 2
1085 32619 195714 1076427 3
1086 5891 106038 123711 2
1087 6514 273588 306158 3
1088 55126 220504 1433276 1
1089 11409 34227 68454 5
1090 8148 97776 325920 3
1091 56991 683892 1823712 3
1092 24826 868910 1117170 3
1093 14046 84276 252828 1
1094 2864 42960 45824 3
1095 32264 64528 1129240 2
1096 29159 524862 1049724 1
1097 28755 690120 1236465 5
1098 24654 197232 616350 2
1099 39671 396710 1071117 1
1100 18467 147736 240071 3
1101 7030 28120 91390 4
1102 37626 790146 1505040 2
1103 23002 0 230020 1
1104 7651 30604 76510 4
1105 11969 215442 430884 1
1106 20953 377154 1110509 4
1107 53767 215068 268835 4
1108 46623 372984 792591 4
1109 53540 267700 535400 3
1110 23820 95280 119100 3
1111 11217 67302 459897 1
1112 2996 11984 26964 5
1113 52271 627252 2247653 3
1114 48512 388096 2086016 5
1115 41475 1244250 2737350 5
1116 25151 25151 125755 5
1117 36955 443460 1810795 5
1118 34281 685620 857025 4
1119 5510 132240 220400 1
1120 20157 0 403140 5
1121 46175 92350 1246725 2
1122 42293 845860 1776306 1
1123 53931 377517 1563999 3
1124 25334 228006 912024 3
1125 5453 10906 201761 4
1126 17360 243040 572880 3
1127 55204 165612 1214488 4
1128 35240 140960 986720 4
1129 50443 151329 252215 5
1130 51 408 1224 1
1131 55030 1155630 2861560 1
1132 50190 100380 401520 3
1133 47330 189320 1751210 2
1134 5944 53496 178320 2
1135 51763 621156 2329335 4
1136 2125 6375 25500 3
1137 53981 809715 1025639 5
1138 48770 146310 1609410 1
1139 5355 80325 117810 3
1140 50665 405320 1773275 4
1141 20177 302655 807080 5
1142 56309 0 394163 3
1143 21835 152845 895235 4
1144 32836 164180 558212 3
1145 29951 29951 119804 3
1146 7675 115125 199550 4
1147 41383 1489788 1572554 3
1148 41065 657040 1396210 2
1149 6119 0 183570 1
1150 16219 486570 502789 5
1151 9543 0 229032 1
1152 40473 323784 1214190 4
1153 47479 474790 2136555 2
1154 48103 865854 1491193 3
1155 8773 263190 526380 2
1156 32974 593532 1285986 1
1157 2940 47040 105840 1
1158 53531 428248 2408895 1
1159 15108 30216 271944 4
1160 19160 1072960 1360360 5
1161 28135 337620 1322345 3
1162 17512 210144 472824 2
1163 51899 622788 1245576 2
1164 25558 51116 741182 3
1165 34138 512070 1741038 5
1166 40777 652432 2038850 4
1167 34365 962220 1649520 3
1168 54831 657972 2357733 3
1169 38166 38166 610656 5
1170 1103 5515 14339 2
1171 2214 26568 70848 5
1172 25179 50358 579117 4
1173 14184 42552 241128 5
1174 39357 787140 1495566 4
1175 7702 61616 246464 1
1176 43259 778662 1514065 3
1177 52213 208852 417704 1
1178 21427 321405 1114204 2
1179 39870 598050 1395450 4
1180 4351 30457 87020 5
1181 8034 160680 281190 1
1182 36528 292224 620976 1
1183 34040 0 1191400 3
1184 17906 35812 268590 1
1185 35077 245539 315693 4
1186 28021 112084 616462 5
1187 51621 412968 980799 4
1188 56473 903568 1637717 4
1189 48765 1170360 2779605 2
1190 13102 117918 314448 4
1191 26153 784590 1438415 2
1192 2559 25590 63975 4
1193 2026 28364 32416 5
1194 54741 875856 2463345 4
1195 9867 59202 365079 5
1196 21555 172440 991530 2
1197 34986 839664 1924230 1
1198 22925 91700 894075 3
1199 45395 1271060 1861195 1
1200 4733 37864 85194 2
1201 14952 59808 478464 4
1202 52596 736344 1472688 1
1203 46302 324114 601926 5
1204 53790 161370 1506120 1
1205 21935 219350 1030945 2
1206 29702 178212 1009868 2
1207 1926 17334 50076 5
1208 12983 155796 181762 1
1209 29437 294370 382681 4
1210 23579 377264 1013897 3
1211 8496 305856 314352 2
1212 26283 210264 1130169 4
1213 8036 48216 104468 4
1214 39973 239838 1159217 4
1215 4793 38344 186927 1
1216 45083 811494 1397573 3
1217 56289 337734 2476716 1
1218 555 0 3885 4
1219 30522 183132 305220 3
1220 5011 210462 400880 4
1221 49633 595596 1389724 2
1222 1103 23163 36399 4
1223 6327 31635 158175 2
1224 10099 80792 161584 5
1225 13886 41658 83316 3
1226 48702 1461060 3116928 2
1227 3588 21528 150696 1
1228 7970 191280 390530 3
1229 6652 19956 146344 1
1230 39693 793860 833553 3
1231 29284 117136 146420 1
1232 28177 84531 535363 5
1233 12287 36861 49148 4
1234 22470 134820 157290 3
1235 3732 3732 93300 1
1236 20406 428526 571368 3
1237 32878 98634 1052096 2
1238 14078 126702 464574 1
1239 5678 22712 102204 1
1240 23565 706950 1461030 3
1241 36987 0 1294545 1
1242 33582 134328 873132 1
1243 52651 1474228 3053758 4
1244 53679 0 966222 4
1245 41307 743526 1693587 4
1246 37456 74912 636752 4
1247 45604 729664 1140100 3
1248 19816 554848 931352 3
1249 17812 320616 676856 3
1250 18184 181840 436416 4
1251 24551 491020 1006591 2
1252 34449 0 585633 2
1253 51381 1027620 2517669 2
1254 5446 43568 81690 4
1255 50841 610092 1118502 1
1256 29884 29884 179304 2
1257 56335 507015 1915390 1
1258 48301 434709 2028642 3
1259 27245 544900 1389495 4
1260 37812 264684 1588104 3
1261 17038 136304 698558 4
1262 51154 460386 767310 1
1263 26954 970344 1940688 2
1264 31918 95754 1244802 1
1265 42122 336976 1474270 4
1266 18953 75812 720214 4
1267 9212 0 313208 1
1268 53931 1294344 1617930 1
1269 9343 46715 392406 4
1270 46361 1112664 1251747 2
1271 31606 1137816 1517088 1
1272 53697 161091 751758 5
1273 48405 338835 580860 2
1274 48036 144108 480360 3
1275 25945 518900 830240 2
1276 42159 210795 674544 3
1277 32337 323370 614403 4
1278 2434 7302 34076 4
1279 8088 72792 88968 5
1280 10227 71589 81816 5
1281 15044 150440 436276 3
1282 24124 48248 289488 5
1283 1040 3120 40560 4
1284 56077 504693 2018772 1
1285 12436 62180 385516 5
1286 23531 188248 752992 4
1287 20696 41392 662272 1
1288 24287 145722 850045 5
1289 3746 67428 146094 1
1290 51723 620676 1706859 1
1291 32168 804200 1737072 3
1292 16024 576864 833248 4
1293 47335 710025 1798730 4
1294 981 2943 11772 5
1295 6773 13546 128687 5
1296 50745 0 1776075 2
1297 55404 664848 1606716 3
1298 792 3168 11088 5
1299 20637 247644 330192 3
1300 39472 276304 868384 5
1301 22209 111045 133254 1
1302 8801 88010 308035 3
1303 37851 0 1400487 4
1304 56598 509382 962166 4
1305 16547 347487 694974 5
1306 27409 274090 822270 5
1307 12379 259959 544676 2
1308 31931 0 478965 4
1309 37634 301072 790314 1
1310 7252 253820 348096 2
1311 25579 25579 102316 3
1312 33563 335630 1510335 5
1313 15736 0 15736 2
1314 16621 299178 814429 1
1315 16839 33678 303102 5
1316 35218 739578 1620028 2
1317 14282 599844 771228 1
1318 52952 1323800 2965312 1
1319 30691 306910 705893 1
1320 50723 355061 1724582 4
1321 27911 586131 921063 3
1322 21141 147987 866781 3
1323 23286 139716 209574 1
1324 29066 348792 1366102 5
1325 49636 198544 843812 3
1326 21952 131712 768320 5
1327 44419 399771 1199313 3
1328 56695 226780 1417375 4
1329 38818 776360 1785628 4
1330 2199 4398 6597 4
1331 40609 568526 974616 3
1332 21412 599536 813656 4
1333 19692 78768 472608 5
1334 8660 8660 77940 2
1335 37447 1310645 2546396 4
1336 31058 186348 559044 5
1337 56421 112842 789894 1
1338 3925 35325 117750 1
1339 30654 643734 1747278 5
1340 54125 378875 487125 4
1341 52314 104628 209256 2
1342 11660 408100 606320 2
1343 24625 246250 566375 3
1344 24096 48192 578304 3
1345 53868 0 1669908 5
1346 15175 0 91050 5
1347 40627 162508 487524 2
1348 30138 843864 1476762 1
1349 25371 202968 532791 3
1350 45355 90710 1269940 5
1351 44167 353336 1369177 2
1352 24202 508242 1258504 5
1353 28411 511398 1562605 3
1354 42160 168640 1222640 4
1355 10989 384615 593406 3
1356 4807 48070 124982 5
1357 4650 167400 255750 3
1358 25534 306408 383010 5
1359 25954 363356 1219838 3
1360 16140 387360 419640 5
1361 14298 171576 571920 5
1362 50592 151776 1618944 2
1363 34041 136164 919107 3
1364 24024 864864 1585584 4
1365 30738 61476 92214 2
1366 13764 412920 619380 5
1367 21779 43558 609812 4
1368 3636 14544 21816 2
1369 52594 841504 1630414 1
1370 15141 75705 287679 5
1371 25245 151470 227205 2
1372 43864 438640 526368 1
1373 29263 146315 204841 5
1374 53302 426416 586322 3
1375 16109 257744 467161 4
1376 44588 222940 401292 3
1377 46198 692970 1432138 4
1378 56758 1191918 2327078 2
1379 6646 159504 378822 3
1380 1772 0 19492 3
1381 2907 17442 49419 3
1382 13804 82824 207060 2
1383 55337 830055 1106740 3
1384 2096 10480 48208 4
1385 52229 208916 1566870 5
1386 32917 164585 987510 5
1387 15264 0 274752 5
1388 48454 387632 2228884 1
1389 30393 425502 729432 4
1390 41422 621330 1076972 4
1391 48529 873522 2038218 2
1392 6820 13640 238700 3
1393 30669 460035 1502781 5
1394 21480 171840 343680 4
1395 51003 1071063 1785105 2
1396 4701 98721 108123 5
1397 22569 406242 1241295 2
1398 40033 200165 1401155 1
1399 13523 121707 216368 3
1400 14445 57780 447795 3
1401 40404 80808 1050504 1
1402 25130 75390 779030 5
1403 16238 0 113666 2
1404 27372 273720 656928 2
1405 34465 689300 827160 1
1406 26712 160272 240408 3
1407 9420 169560 452160 3
1408 51339 616068 1694187 2
1409 582 3492 23280 5
1410 41620 291340 1456700 2
1411 16901 591535 692941 5
1412 6713 40278 73843 2
1413 5407 97326 173024 4
1414 35027 525405 1856431 4
1415 14110 56440 338640 5
1416 44025 352200 1849050 1
1417 45319 362552 1767441 1
1418 32456 681576 1428064 4
1419 10636 95724 212720 1
1420 32982 593676 626658 2
1421 29839 179034 1163721 3
1422 35753 429036 1465873 4
1423 30016 540288 1290688 5
1424 18476 73904 775992 3
1425 36783 110349 846009 2
1426 28781 431715 719525 1
1427 10989 329670 373626 5
1428 32018 160090 480270 4
1429 251 3012 3765 2
1430 33916 101748 644404 4
1431 51291 2154222 3744243 3
1432 18589 223068 278835 5
1433 49850 249250 398800 1
1434 24782 49564 669114 1
1435 56001 840015 2296041 3
1436 51985 1455580 1507565 2
1437 33647 504705 1413174 3
1438 22858 640024 1394338 4
1439 9103 109236 409635 5
1440 34708 242956 937116 2
1441 29914 89742 1226474 2
1442 56333 563330 901328 2
1443 27330 163980 327960 5
1444 13488 0 107904 1
1445 14222 99554 298662 4
1446 23021 69063 414378 5
1447 20642 247704 722470 2
1448 13983 251694 363558 4
1449 3094 3094 58786 4
1450 23724 94896 118620 4
1451 30270 242160 302700 4
1452 2862 17172 82998 4
1453 48039 384312 720585 4
1454 41687 333496 416870 4
1455 19505 156040 409605 4
1456 883 1766 4415 4
1457 46531 465310 697965 4
1458 38679 928296 1469802 5
1459 31301 125204 219107 2
1460 8116 81160 340872 2
1461 27579 965265 1765056 4
1462 36718 146872 991386 5
1463 18880 906240 1302720 4
1464 5483 10966 137075 1
1465 44199 0 1370169 1
1466 47419 142257 995799 2
1467 56668 0 2040048 2
1468 24445 488900 1417810 1
1469 52855 422840 1004245 5
1470 29447 58894 883410 1
1471 11402 22804 342060 3
1472 15420 185040 462600 4
1473 48732 2046744 3801096 3
1474 30334 273006 1031356 4
1475 40925 1718850 2741975 3
1476 18934 75736 265076 4
1477 2597 10388 96089 2
1478 24106 1012452 1735632 3
1479 29410 147050 735250 1
1480 22228 22228 711296 3
1481 30710 767750 1228400 5
1482 27477 164862 631971 3
1483 27575 82725 165450 3
1484 46807 187228 1404210 1
1485 48461 775376 2568433 4
1486 46893 1641255 3048045 3
1487 29412 176472 382356 1
1488 42237 1773954 1816191 3
1489 9484 113808 474200 3
1490 29415 176490 1206015 4
1491 42931 257586 643965 2
1492 25661 205288 410576 2
1493 55234 165702 1767488 5
1494 15864 111048 586968 4
1495 5311 74354 201818 5
1496 38425 1075900 2151800 2
1497 47325 851850 946500 5
1498 1956 46944 66504 3
1499 36836 36836 589376 3
1500 45515 45515 1001330 2
