0001 1067 38412 71489 3
0002 35139 737919 1616394 3
0003 51506 515060 2317770 5
0004 23438 164066 703140 5
0005 52864 264320 1533056 4
0006 52618 0 999742 3
0007 26149 470682 575278 4
0008 53926 161778 1887410 2
0009 27714 969990 1330272 3
0010 5437 48933 130488 2
0011 9056 36224 344128 2
0012 40457 242742 849597 4
0013 39204 196020 509652 3
0014 29875 358500 1224875 2
0015 42162 674592 1855128 3
0016 40555 648880 1581645 1
0017 37994 683892 1367784 3
0018 37233 74466 409563 2
0019 44042 264252 1849764 2
0020 14372 201208 416788 1
0021 17546 52638 228098 2
0022 5278 21112 126672 5
0023 49203 295218 1820511 2
0024 20976 125856 146832 4
0025 53990 107980 1835660 2
0026 39046 702828 1835162 2
0027 15639 125112 656838 3
0028 42699 768582 2006853 2
0029 29865 268785 1194600 5
0030 42811 171244 1498385 1
0031 41437 165748 953051 2
0032 50323 301938 2214212 5
0033 30015 180090 750375 1
0034 25837 361718 904295 5
0035 53460 320760 748440 4
0036 24742 692776 1608230 4
0037 15646 0 15646 1
0038 39030 1092840 2302770 3
0039 4696 42264 93920 1
0040 27735 443760 637905 4
0041 8621 129315 267251 1
0042 21702 195318 607656 2
0043 47659 571908 857862 3
0044 44800 1120000 1164800 5
0045 10380 51900 352920 2
0046 29038 522684 1161520 1
0047 29164 174984 408296 1
0048 53314 1332850 2932270 2
0049 10359 62154 217539 4
0050 43429 130287 1650302 1
0051 19655 235860 766545 2
0052 27537 413055 743499 2
0053 55852 893632 1619708 3
0054 45498 727968 1228446 2
0055 24929 249290 274219 5
0056 55109 110218 220436 4
0057 52986 0 1165692 4
0058 53264 639168 1118544 5
0059 19835 357030 912410 5
0060 3148 66108 69256 4
0061 55776 223104 1840608 5
0062 20898 83592 438858 1
0063 36530 328770 840190 4
0064 47827 717405 2295696 5
0065 15441 138969 324261 2
0066 49767 1741845 3632991 3
0067 21971 395478 439420 3
0068 17709 0 513561 3
0069 21021 378378 1009008 5
0070 9756 39024 87804 3
0071 43380 390420 650700 4
0072 28293 254637 622446 4
0073 40896 81792 204480 3
0074 40855 612825 1307360 4
0075 28763 230104 661549 4
0076 39327 943848 2084331 4
0077 41906 251436 460966 1
0078 33596 235172 1444628 5
0079 37459 0 187295 1
0080 20915 501960 1129410 1
0081 28690 114760 688560 3
0082 10475 52375 387575 1
0083 51228 1024560 2049120 4
0084 37305 186525 1268370 1
0085 31497 944910 1574850 1
0086 29022 261198 725550 1
0087 33224 199344 863824 4
0088 46316 1296848 1528428 2
0089 50990 0 611880 1
0090 36631 512834 659358 5
0091 48409 677726 871362 2
0092 56108 168324 673296 3
0093 7532 45192 248556 2
0094 32830 590940 1017730 2
0095 7407 222210 340722 1
0096 43867 263202 1798547 1
0097 2185 17480 37145 1
0098 17897 71588 286352 3
0099 21623 172984 886543 4
0100 54559 436472 1800447 3
0101 12868 51472 334568 5
0102 42571 510852 1745411 1
0103 2149 32235 107450 3
0104 16113 128904 644520 5
0105 26287 157722 630888 1
0106 31137 373644 1027521 2
0107 18291 182910 530439 1
0108 56126 673512 2076662 5
0109 13813 248634 455829 1
0110 31512 189072 661752 2
0111 44534 133602 1825894 5
0112 25279 505580 1365066 1
0113 12900 232200 245100 2
0114 17802 284832 338238 5
0115 14372 28744 431160 3
0116 37161 111483 483093 3
0117 47521 427689 1805798 1
0118 53138 956484 1806692 1
0119 39222 313776 784440 4
0120 4393 8786 162541 5
0121 54223 271115 2223143 1
0122 27213 544260 1496715 3
0123 49396 246980 1778256 2
0124 52668 105336 1632708 5
0125 8050 40250 80500 2
0126 21058 294812 800204 4
0127 39575 949800 2334925 2
0128 43881 263286 1667478 5
0129 46660 979860 1586440 2
0130 36954 517356 1589022 5
0131 28944 347328 752544 1
0132 29024 870720 1306080 3
0133 31494 661374 1259760 1
0134 31844 1114540 2069860 1
0135 50906 610872 2087146 1
0136 45407 317849 908140 5
0137 12158 36474 182370 5
0138 12425 223650 571550 3
0139 32151 450114 868077 5
0140 38389 307112 882947 5
0141 3151 0 103983 5
0142 16476 148284 313044 5
0143 11425 34275 285625 4
0144 29725 59450 624225 2
0145 18573 668628 780066 2
0146 34181 1196335 2495213 5
0147 9608 288240 365104 4
0148 4404 17616 74868 4
0149 24871 522291 1343034 1
0150 41307 82614 454377 2
0151 27175 543500 1114175 1
0152 36092 216552 469196 1
0153 12283 147396 233377 2
0154 56612 283060 2434316 2
0155 31820 254560 413660 5
0156 26438 555198 660950 3
0157 39258 588870 628128 2
0158 29686 178116 979638 4
0159 45824 549888 2016256 5
0160 28714 114856 1091132 1
0161 25694 102776 539574 1
0162 10132 91188 131716 4
0163 14985 29970 464535 4
0164 4851 29106 67914 2
0165 30672 61344 644112 1
0166 18328 274920 898072 5
0167 13197 263940 673047 3
0168 11430 171450 320040 3
0169 20031 120186 580899 1
0170 18922 151376 510894 1
0171 31179 623580 1496592 4
0172 18876 75504 641784 4
0173 54809 438472 657708 5
0174 45394 1089456 2587458 4
0175 1368 6840 58824 3
0176 11897 59485 237940 3
0177 55926 1118520 3075930 2
0178 1298 12980 24662 1
0179 14480 521280 1042560 4
0180 14971 14971 164681 4
0181 40615 649840 1380910 1
0182 28495 113980 1025820 1
0183 48774 243870 1902186 1
0184 7424 89088 356352 4
0185 47567 428103 665938 5
0186 6070 24280 194240 5
0187 38413 1382868 1421281 1
0188 29109 87327 902379 4
0189 41608 249648 1165024 5
0190 45704 228520 1782456 3
0191 24892 497840 945896 4
0192 18985 151880 759400 4
0193 28981 608601 666563 3
0194 20647 412940 681351 5
0195 29460 58920 707040 4
0196 26172 52344 654300 1
0197 45845 0 1696265 4
0198 43316 779688 1862588 1
0199 35835 1254225 1433400 1
0200 41783 501396 2047367 4
0201 18504 18504 573624 4
0202 37168 371680 1412384 5
0203 25632 1076544 1896768 3
0204 31075 932250 1211925 5
0205 40308 120924 1048008 1
0206 47308 567696 946160 2
0207 6418 19254 96270 4
0208 2530 15180 63250 3
0209 41782 292474 1713062 2
0210 43915 878300 1097875 4
0211 18351 899199 1229517 1
0212 41990 167960 1049750 5
0213 49997 199988 1399916 1
0214 19586 274204 998886 5
0215 39177 117531 156708 1
0216 42579 170316 255474 1
0217 43085 215425 1551060 2
0218 14454 303534 317988 2
0219 12331 147972 542564 4
0220 45503 273018 1046569 3
0221 19262 115572 192620 4
0222 5172 31032 93096 2
0223 12521 350588 613529 3
0224 32106 1123710 1990572 1
0225 51708 1809780 2688816 1
0226 12144 12144 182160 3
0227 28171 169026 225368 2
0228 31123 217861 1400535 3
0229 26803 750484 938105 2
0230 11061 88488 353952 1
0231 19342 58026 638286 5
0232 26553 185871 796590 1
0233 8594 25782 68752 4
0234 9349 168282 523544 1
0235 30786 123144 1108296 1
0236 4939 44451 54329 1
0237 1066 14924 41574 5
0238 48414 677796 2227044 1
0239 43500 435000 696000 1
0240 56340 281700 1464840 5
0241 42162 379458 590268 5
0242 43848 87696 745416 2
0243 10470 219870 523500 2
0244 22044 176352 308616 5
0245 8652 34608 328776 3
0246 13323 0 506274 3
0247 27717 443472 886944 5
0248 29990 299900 329890 5
0249 13313 13313 199695 4
0250 25887 517740 724836 5
0251 37741 226446 1396417 4
0252 321 1926 5778 2
0253 35908 430896 1508136 1
0254 53964 1888740 2374416 1
0255 14149 396172 863089 5
0256 18554 37108 500958 4
0257 55776 55776 1729056 2
0258 46767 140301 187068 4
0259 35189 140756 844536 4
0260 29423 147115 1206343 3
0261 4164 24984 41640 4
0262 46582 745312 1770116 2
0263 37244 1042832 1378028 4
0264 25887 155322 595401 2
0265 12841 12841 308184 3
0266 12679 126790 494481 3
0267 17947 0 251258 2
0268 22376 0 537024 5
0269 34781 278248 1112992 1
0270 19172 939428 1667964 4
0271 30677 490832 828279 1
0272 56479 1129580 1581412 4
0273 46019 138057 598247 3
0274 36781 367810 478153 2
0275 36253 543795 1305108 2
0276 44920 539040 1033160 5
0277 42652 1023648 1364864 3
0278 23572 495012 1178600 3
0279 55907 391349 1229954 3
0280 1911 11466 57330 2
0281 6939 111024 291438 2
0282 31985 255880 863595 1
0283 31378 439292 1600278 4
0284 55861 670332 949637 3
0285 31554 31554 63108 1
0286 8016 56112 88176 5
0287 29913 358956 1196520 5
0288 29439 176634 824292 3
0289 4671 14013 46710 1
0290 7556 60448 204012 1
0291 50271 703794 1407588 1
0292 25658 461844 795398 2
0293 3189 44646 127560 3
0294 29743 475888 1546636 3
0295 25209 151254 1008360 4
0296 18303 512484 658908 4
0297 46853 0 1077619 4
0298 53006 530060 1378156 5
0299 48632 1021272 1361696 1
0300 42713 298991 640695 5
0301 28711 258399 890041 4
0302 35936 359360 1185888 4
0303 3723 22338 63291 1
0304 42386 1780212 2627932 2
0305 17754 639144 1171764 3
0306 30304 363648 818208 1
0307 20981 104905 860221 5
0308 8349 16698 317262 1
0309 5908 17724 82712 5
0310 18973 284595 891731 1
0311 55930 1342320 3132080 3
0312 15500 108500 496000 3
0313 30212 845936 1661660 5
0314 23606 472120 944240 1
0315 50032 300192 400256 4
0316 188 7896 13724 3
0317 7427 185675 363923 5
0318 37272 447264 1863600 5
0319 16981 152829 747164 5
0320 45478 454780 1000516 1
0321 11358 272592 556542 1
0322 20872 626160 730520 4
0323 32693 98079 882711 5
0324 50979 305874 968601 1
0325 31635 189810 601065 1
0326 3231 12924 103392 3
0327 25287 632175 986193 3
0328 39945 479340 1438020 3
0329 4350 43500 73950 3
0330 22407 156849 313698 2
0331 27123 27123 244107 1
0332 7624 60992 327832 3
0333 25391 533211 812512 3
0334 25937 259370 933732 2
0335 26263 52526 105052 1
0336 55462 665544 1442012 2
0337 4779 43011 114696 3
0338 2000 12000 72000 5
0339 24480 440640 514080 1
0340 22331 66993 290303 2
0341 9979 39916 69853 2
0342 38090 342810 1637870 1
0343 8552 128280 410496 3
0344 14139 28278 42417 2
0345 48822 585864 976440 4
0346 33852 473928 1184820 1
0347 55528 832920 2276648 1
0348 48653 583836 1800161 3
0349 9852 29556 226596 3
0350 38434 768680 1460492 4
0351 7031 126558 133589 4
0352 19800 396000 732600 4
0353 54328 380296 1521184 2
0354 13281 398430 743736 2
0355 25218 302616 378270 5
0356 27639 82917 718614 3
0357 29411 529398 1323495 4
0358 20026 80104 700910 2
0359 23974 839090 934986 1
0360 31263 656523 1094205 5
0361 52975 741650 1801150 4
0362 15454 324534 664522 5
0363 35123 421476 1053690 1
0364 24714 49428 444852 2
0365 34696 485744 971488 2
0366 38184 343656 534576 5
0367 1184 41440 66304 5
0368 23623 0 236230 4
0369 38004 760080 2052216 3
0370 26392 158352 1108464 3
0371 55723 501507 947291 3
0372 10303 20606 216363 4
0373 49326 986520 2121018 5
0374 45168 135504 993696 1
0375 49374 1481220 3308058 1
0376 22009 88036 198081 4
0377 25656 76968 230904 4
0378 56170 337020 674040 1
0379 52102 312612 833632 1
0380 33116 397392 960364 5
0381 33804 202824 338040 4
0382 37919 0 1403003 4
0383 6971 125478 223072 2
0384 50797 304782 1676301 5
0385 13386 66930 120474 1
0386 37974 531636 1480986 4
0387 17915 53745 609110 5
0388 8101 0 137717 3
0389 1084 22764 54200 5
0390 27295 109180 1064505 5
0391 46173 415557 2123958 2
0392 19544 39088 762216 3
0393 45446 545352 1817840 3
0394 32164 514624 707608 3
0395 7502 22506 285076 4
0396 25777 154662 876418 1
0397 31880 191280 828880 3
0398 15146 454380 499818 4
0399 12991 64955 337766 4
0400 748 4488 26180 5
0401 24406 366090 634556 1
0402 19229 173061 480725 2
0403 566 3962 25470 4
0404 18285 18285 639975 2
0405 19881 298215 994050 5
0406 8971 80739 170449 1
0407 23733 379728 1091718 2
0408 29379 528822 734475 1
0409 17254 34508 327826 2
0410 34963 209778 1433483 2
0411 15990 287820 431730 4
0412 4 24 112 3
0413 4595 110280 170015 1
0414 56263 843945 2194257 1
0415 6409 128180 333268 2
0416 31736 126944 1269440 1
0417 20535 369630 739260 1
0418 32394 388728 1425336 2
0419 12505 150060 412665 3
0420 46176 184704 1200576 1
0421 28388 709700 1249072 3
0422 565 5085 23730 2
0423 42939 128817 343512 3
0424 6248 187440 312400 5
0425 49204 98408 1869752 4
0426 24836 298032 695408 4
0427 2626 7878 23634 3
0428 37786 453432 680148 4
0429 54422 0 1795926 3
0430 33947 407364 475258 1
0431 20123 321968 965904 1
0432 38712 580680 1935600 1
0433 15528 217392 745344 2
0434 15618 374832 499776 2
0435 5545 166350 266160 2
0436 44511 712176 2314572 2
0437 47828 47828 478280 2
0438 608 3648 18848 2
0439 43674 349392 1965330 3
0440 25736 386040 1132384 4
0441 23263 348945 1116624 2
0442 23283 558792 1396980 1
0443 44543 267258 1291747 3
0444 50745 608940 1471605 5
0445 27552 247968 1102080 5
0446 50169 602028 1605408 3
0447 32838 65676 262704 3
0448 16217 454076 729765 5
0449 14563 87378 305823 4
0450 25143 150858 829719 1
0451 25400 381000 1168400 2
0452 50293 0 402344 3
0453 12211 73266 219798 3
0454 42106 757908 1684240 1
0455 42202 506424 1139454 1
0456 12972 207552 531852 2
0457 55699 556990 1058281 4
0458 4226 16904 71842 5
0459 25313 303756 354382 5
0460 8329 208225 483082 4
0461 45753 183012 366024 5
0462 46051 276306 1335479 4
0463 17415 208980 348300 1
0464 4475 26850 93975 1
0465 48351 241755 1353828 2
0466 15542 62168 155420 4
0467 37986 303888 341874 5
0468 39947 1957403 2756343 1
0469 28503 598563 1197126 3
0470 56619 1188999 2661093 3
0471 56334 56334 732342 3
0472 4929 4929 24645 1
0473 52147 1042940 2033733 4
0474 55854 1787328 3295386 3
0475 403 6448 12493 5
0476 3948 94752 177660 3
0477 21264 318960 956880 1
0478 30639 551502 1685145 1
0479 12019 336532 564893 1
0480 52369 1099749 2566081 3
0481 29402 235216 882060 2
0482 12005 216090 540225 1
0483 7354 117664 330930 3
0484 1512 1512 43848 3
0485 24046 288552 937794 3
0486 11122 133464 522734 4
0487 36990 73980 998730 3
0488 25545 255450 561990 2
0489 39959 479508 1478483 3
0490 4332 17328 77976 1
0491 43062 430620 1722480 3
0492 30540 244320 1038360 2
0493 10382 124584 477572 1
0494 42462 254772 424620 1
0495 26695 160170 1041105 5
0496 27992 783776 1763496 4
0497 36844 331596 442128 2
0498 52200 0 887400 4
0499 44016 792288 1364496 1
0500 45450 136350 1772550 4
0501 51142 51142 102284 1
0502 27680 221440 1162560 3
0503 44187 176748 883740 5
0504 23595 94380 283140 4
0505 30360 182160 1123320 1
0506 35138 140552 948726 2
0507 10814 194652 562328 4
0508 29273 0 585460 3
0509 21111 0 401109 3
0510 13413 67065 509694 4
0511 51150 460350 1483350 3
0512 29222 233776 1022770 5
0513 41753 668048 1252590 2
0514 56027 112054 280135 5
0515 16053 64212 369219 1
0516 14960 119680 164560 2
0517 35419 318771 1239665 1
0518 14873 59492 535428 1
0519 13271 39813 331775 2
0520 10039 80312 150585 2
0521 23923 287076 717690 5
0522 47092 847656 1836588 5
0523 45880 183520 963480 3
0524 3409 81816 126133 1
0525 46506 139518 744096 1
0526 55490 221960 443920 1
0527 25350 76050 1014000 2
0528 40279 845859 2134787 2
0529 48348 290088 1982268 4
0530 18934 113604 321878 5
0531 54228 488052 1301472 1
0532 41922 377298 1048050 5
0533 13780 55120 289380 4
0534 14617 175404 380042 2
0535 14654 615468 1113704 3
0536 48594 291564 631722 4
0537 7350 58800 80850 5
0538 35479 319311 1454639 2
0539 31039 372468 931170 2
0540 26957 808710 916538 1
0541 38736 813456 2014272 2
0542 45041 900820 1621476 2
0543 7363 0 154623 2
0544 6207 12414 155175 4
0545 21555 129330 840645 5
0546 12953 194295 621744 4
0547 29070 87210 494190 2
0548 44806 672090 1881852 4
0549 9906 59436 208026 3
0550 54093 108186 1298232 2
0551 7549 15098 113235 3
0552 20869 20869 417380 3
0553 20133 483192 905985 4
0554 49952 749280 1998080 4
0555 9201 0 202422 4
0556 17643 105858 247002 1
0557 19162 153296 632346 4
0558 17765 106590 319770 3
0559 33462 267696 401544 5
0560 26839 214712 375746 4
0561 20738 248856 331808 4
0562 55710 3119760 3621150 2
0563 26189 733292 1518962 5
0564 56317 112634 394219 3
0565 7089 21267 255204 2
0566 44648 267888 1026904 5
0567 26059 104236 938124 3
0568 54671 656052 1476117 1
0569 19960 239520 958080 1
0570 39802 477624 557228 3
0571 46623 372984 2144658 4
0572 56933 455464 1651057 3
0573 41281 577934 825620 2
0574 48717 876906 1071774 4
0575 47750 573000 2339750 4
0576 31306 563508 1095710 5
0577 33490 602820 736780 2
0578 51217 614604 1331642 1
0579 5803 46424 58030 2
0580 34405 206430 825720 3
0581 49757 49757 99514 4
0582 40253 1408855 2012650 1
0583 48919 146757 1712165 4
0584 18507 74028 92535 5
0585 56953 341718 2335073 4
0586 51897 1245528 2802438 2
0587 20258 0 162064 4
0588 49426 741390 1779336 4
0589 14095 126855 591990 4
0590 54239 1898365 2928906 4
0591 22606 90424 791210 5
0592 1669 70098 110154 1
0593 27026 162156 486468 5
0594 55918 2348556 3299162 2
0595 20497 122982 450934 1
0596 53462 1122702 1764246 3
0597 4327 8654 17308 2
0598 38449 346041 1307266 1
0599 31423 659883 1728265 3
0600 16803 201636 571302 5
0601 50447 201788 1210728 2
0602 52885 1322125 2644250 2
0603 55612 556120 1946420 1
0604 51429 308574 1697157 4
0605 3989 15956 63824 5
0606 36965 258755 924125 3
0607 2675 64200 123050 2
0608 36370 581920 1891240 5
0609 43001 258006 344008 5
0610 16128 80640 661248 1
0611 26951 215608 1051089 5
0612 11103 388605 788313 5
0613 49213 1771668 2116159 4
0614 48766 292596 975320 1
0615 31846 0 700612 3
0616 27708 277080 886656 1
0617 3984 35856 99600 5
0618 46818 702270 2387718 5
0619 31486 251888 503776 5
0620 41315 165260 1652600 4
0621 56088 1570464 3477456 2
0622 32355 258840 582390 3
0623 6691 33455 80292 3
0624 50425 756375 1966575 5
0625 14554 87324 407512 5
0626 1553 13977 57461 4
0627 30316 181896 1091376 1
0628 28874 144370 981716 5
0629 28454 256086 796712 1
0630 26381 738668 870573 1
0631 23202 371232 765666 3
0632 5057 20228 55627 4
0633 54266 271330 1736512 4
0634 48272 1158528 1689520 5
0635 18627 391167 707826 1
0636 10433 187794 552949 4
0637 34702 173510 381722 1
0638 40686 569604 1057836 3
0639 24590 196720 418030 5
0640 32766 98298 1343406 4
0641 13151 197265 236718 4
0642 44564 178256 1114100 4
0643 32609 195654 326090 1
0644 286 0 8580 2
0645 45665 0 1689605 1
0646 36524 767004 2045344 5
0647 11350 79450 499400 3
0648 29228 29228 993752 4
0649 52042 0 624504 2
0650 34360 240520 721560 3
0651 18002 54006 288032 2
0652 24566 171962 761546 2
0653 3443 41316 68860 1
0654 45697 137091 1736486 4
0655 29288 175728 1288672 3
0656 37050 148200 1185600 1
0657 49323 1183752 3058026 4
0658 51858 155574 985302 1
0659 37830 453960 983580 4
0660 330 8250 20130 4
0661 44769 223845 537228 3
0662 9355 168390 261940 2
0663 40876 122628 858396 5
0664 41457 165828 953511 5
0665 15128 317688 605120 1
0666 35218 704360 1972208 1
0667 300 1200 3600 4
0668 37272 559080 1789056 2
0669 49564 892152 1635612 5
0670 16157 145413 710908 3
0671 5298 63576 222516 1
0672 27393 164358 465681 4
0673 12031 288744 589519 5
0674 2217 53208 135237 1
0675 47509 285054 712635 3
0676 17564 140512 667432 4
0677 31785 762840 1684605 1
0678 24080 144480 890960 2
0679 5194 10388 98686 3
0680 18800 37600 150400 5
0681 2982 8946 11928 5
0682 16131 290358 645240 4
0683 31000 186000 1240000 1
0684 53779 645348 1075580 3
0685 37818 340362 1739628 5
0686 45741 137223 640374 1
0687 18960 379200 625680 1
0688 18718 56154 673848 3
0689 34132 682640 716772 4
0690 53855 538550 753970 5
0691 46352 46352 1019744 5
0692 36579 1536318 1975266 5
0693 9829 137606 334186 2
0694 35460 1241100 1276560 2
0695 39 234 975 1
0696 28048 589008 1598736 4
0697 45696 913920 2376192 1
0698 23606 47212 306878 2
0699 36524 182620 1351388 3
0700 18051 144408 342969 2
0701 21932 328980 921144 4
0702 50784 152352 1472736 2
0703 1145 4580 14885 2
0704 29860 418040 1074960 3
0705 45336 453360 2040120 1
0706 35227 704540 739767 5
0707 15513 217182 387825 2
0708 28245 141225 169470 1
0709 33411 334110 1269618 2
0710 52480 209920 419840 2
0711 55999 0 223996 2
0712 14245 42735 498575 4
0713 55745 111490 1560860 5
0714 49924 898632 1797264 5
0715 24284 364260 1068496 1
0716 29306 703344 1406688 5
0717 205 2870 3485 4
0718 50563 151689 303378 3
0719 13207 369796 647143 4
0720 34051 0 374561 3
0721 13504 243072 472640 2
0722 41563 249378 374067 1
0723 43401 347208 1909644 2
0724 24353 243530 1022826 3
0725 14868 118944 223020 4
0726 5382 64584 226044 3
0727 13962 209430 321126 2
0728 1102 1102 16530 3
0729 32379 97137 809475 2
0730 28769 57538 373997 3
0731 34894 209364 1046820 2
0732 56683 340098 793562 5
0733 38682 116046 464184 3
0734 177 3186 7611 4
0735 46 276 368 3
0736 38187 534618 1565667 2
0737 56923 2390766 3301534 3
0738 53311 639732 2079129 4
0739 11413 228260 490759 1
0740 31168 93504 903872 4
0741 12574 377220 616126 5
0742 43963 615482 835297 4
0743 55134 496206 1874556 3
0744 43831 87662 832789 5
0745 16120 386880 419120 4
0746 8028 120420 152532 1
0747 45475 45475 1045925 3
0748 34208 513120 889408 2
0749 16046 128368 481380 1
0750 55009 1320216 2695441 1
0751 36349 1017772 2217289 5
0752 38702 464424 774040 2
0753 2002 18018 20020 3
0754 19642 39284 117852 3
0755 817 22059 49837 1
0756 55268 497412 1989648 4
0757 47564 142692 1284228 3
0758 5499 43992 164970 5
0759 29321 117284 410494 1
0760 52530 52530 315180 1
0761 49728 696192 944832 1
0762 4280 107000 261080 5
0763 37987 455844 1025649 4
0764 20523 246276 615690 3
0765 55908 167724 223632 4
0766 28946 810488 1389408 2
0767 42029 168116 546377 5
0768 14309 42927 114472 3
0769 43920 263520 351360 4
0770 30874 740976 864472 3
0771 55658 667896 2448952 1
0772 22471 449420 921311 4
0773 20044 40088 340748 2
0774 817 4085 26961 4
0775 13776 27552 275520 4
0776 9458 170244 226992 4
0777 44250 1239000 2168250 1
0778 32895 0 197370 3
0779 47555 1331540 1664425 5
0780 27527 275270 1128607 1
0781 13461 201915 390369 3
0782 24493 122465 636818 4
0783 35562 71124 817926 3
0784 13916 55664 473144 2
0785 6681 374136 514437 4
0786 27591 551820 993276 2
0787 12437 24874 410421 3
0788 25864 413824 1138016 2
0789 51746 517460 1500634 5
0790 52828 316968 2271604 2
0791 25366 405856 1065372 1
0792 49028 980560 1765008 1
0793 24392 243920 975680 4
0794 21868 131208 174944 1
0795 33594 167970 739068 5
0796 13698 54792 342450 1
0797 53334 160002 1173348 4
0798 39274 824754 981850 4
0799 55772 1003896 2955916 1
0800 39490 236940 1658580 1
0801 49896 798336 2444904 5
0802 24913 896868 1270563 4
0803 50554 151662 404432 1
0804 42385 1483475 2034480 3
0805 17503 280048 490084 2
0806 50144 752160 902592 3
0807 49066 588792 1324782 4
0808 45820 366560 1832800 4
0809 54089 973602 2217649 1
0810 56646 1359504 2152548 1
0811 33401 801624 1870456 5
0812 25648 512960 1154160 1
0813 19307 115842 733666 1
0814 6237 174636 399168 3
0815 51334 1078014 2002026 1
0816 19683 118098 492075 2
0817 36938 295504 554070 1
0818 2608 15648 23472 5
0819 12042 289008 457596 3
0820 38787 581805 1357545 5
0821 37420 1047760 1721320 5
0822 20652 61956 123912 5
0823 42563 1532268 2255839 2
0824 41856 251136 837120 3
0825 9503 85527 361114 3
0826 21125 633750 781625 4
0827 14263 42789 57052 5
0828 6241 99856 287086 5
0829 22505 810180 1575350 4
0830 50093 500930 1051953 5
0831 52895 317370 1375270 3
0832 30350 485600 698050 2
0833 2032 42672 60960 1
0834 51792 621504 1035840 4
0835 45363 181452 1451616 2
0836 22014 198126 528336 3
0837 48649 1362172 2918940 4
0838 1056 6336 31680 3
0839 9002 126028 423094 1
0840 53799 215196 1022181 4
0841 30160 60320 180960 3
0842 16583 165830 480907 3
0843 396 11880 26532 4
0844 12154 425390 632008 3
0845 22206 222060 577356 3
0846 6352 57168 235024 4
0847 34102 818448 1500488 2
0848 43071 86142 990633 5
0849 53901 215604 916317 4
0850 31277 93831 1032141 4
0851 56928 0 1081632 5
0852 10184 81472 366624 5
0853 3395 10185 13580 1
0854 53218 1117578 2181938 2
0855 24915 348810 1021515 2
0856 34791 208746 626238 2
0857 38047 76094 1369692 3
0858 35958 287664 1258530 3
0859 31051 869428 1179938 4
0860 41526 166104 1536462 2
0861 31568 789200 1325856 5
0862 22152 553800 1240512 4
0863 32459 779016 1395737 5
0864 37869 227214 1401153 3
0865 38869 466428 1282677 4
0866 18358 73432 403876 1
0867 15539 0 419553 1
0868 27941 558820 698525 5
0869 35900 323100 897500 3
0870 32121 0 674541 5
0871 37190 297520 706610 2
0872 54007 1890245 3510455 3
0873 17560 175600 263400 4
0874 10547 42188 189846 3
0875 25549 357686 1124156 3
0876 39674 0 238044 5
0877 45449 272694 818082 1
0878 34450 861250 1584700 2
0879 29850 119400 447750 4
0880 5188 72632 233460 2
0881 30586 122344 1284612 5
0882 23636 283632 567264 1
0883 8211 32844 172431 2
0884 18922 397362 965022 2
0885 49564 1040844 2279944 1
0886 20901 83604 418020 3
0887 23932 0 789756 3
0888 20750 581000 1307250 3
0889 48168 337176 529848 1
0890 46583 46583 372664 2
0891 26810 80430 563010 4
0892 6791 95074 353132 1
0893 10504 168064 483184 5
0894 40919 409190 1636760 2
0895 14914 223710 611474 2
0896 33098 1158430 1853488 1
0897 24732 98928 272052 4
0898 23169 69507 162183 1
0899 32301 904428 2002662 4
0900 4850 9700 179450 3
0901 22498 134988 539952 2
0902 44967 44967 404703 4
0903 36607 292856 1537494 1
0904 508 7112 20320 1
0905 28890 115560 1068930 5
0906 47165 424485 2216755 4
0907 17858 750036 767894 3
0908 52542 105084 210168 1
0909 16758 67032 201096 4
0910 48715 1169160 2143460 4
0911 32309 452326 1260051 5
0912 52634 842144 2631700 2
0913 18363 220356 330534 3
0914 46723 280338 1448413 2
0915 15301 382525 535535 5
0916 51688 620256 878696 2
0917 8306 99672 249180 2
0918 12083 241660 471237 5
0919 51018 1071378 2959044 5
0920 52692 843072 2002296 2
0921 40392 646272 1938816 5
0922 2535 76050 136890 3
0923 35699 285592 1356562 1
0924 52127 208508 1928699 2
0925 5525 27625 38675 3
0926 9367 37468 224808 2
0927 29201 116804 233608 5
0928 29585 1065060 1686345 4
0929 8370 41850 242730 4
0930 51299 2154558 2667548 2
0931 24743 98972 470117 1
0932 46851 187404 1592934 1
0933 33434 401208 534944 5
0934 46186 230930 1339394 5
0935 12728 76368 267288 5
0936 911 10932 36440 4
0937 14168 113344 495880 1
0938 3390 61020 176280 4
0939 21882 328230 1137864 1
0940 16534 0 512554 2
0941 8200 32800 164000 5
0942 16518 495540 1106706 3
0943 54374 1304976 2501204 3
0944 14614 409192 745314 2
0945 11131 77917 233751 4
0946 31158 186948 1277478 2
0947 13562 325488 840844 5
0948 48609 194436 1847142 3
0949 18130 36260 725200 3
0950 40474 80948 809480 5
0951 16918 203016 693638 2
0952 49243 787888 1526533 4
0953 16687 467236 917785 4
0954 28896 346752 1358112 5
0955 55378 221512 830670 2
0956 13995 41985 125955 5
0957 18333 73332 696654 5
0958 36216 1267560 1665936 5
0959 29381 734525 1615955 5
0960 45758 1098192 1235466 4
0961 24337 292044 730110 1
0962 50117 1403276 3207488 3
0963 42862 857240 2271686 5
0964 13632 81792 518016 5
0965 12274 257754 319124 2
0966 21986 109930 791496 5
0967 47495 0 1044890 3
0968 55536 999648 1610544 5
0969 40555 324440 932765 3
0970 49565 49565 1090430 1
0971 43875 921375 1447875 4
0972 10984 153776 164760 3
0973 15414 138726 400764 4
0974 29711 356532 831908 4
0975 11774 164836 211932 3
0976 3749 52486 164956 3
0977 38547 0 963675 4
0978 38089 228534 418979 3
0979 9152 18304 228800 2
0980 52186 417488 678418 2
0981 37605 150420 1278570 4
0982 4585 73360 247590 1
0983 5254 21016 120842 3
0984 24765 0 866775 2
0985 29209 0 1022315 4
0986 17075 273200 922050 4
0987 51541 1030820 1855476 2
0988 15427 385675 817631 1
0989 20500 738000 1414500 2
0990 272 1360 3808 1
0991 51102 1788570 2810610 4
0992 1978 11868 29670 3
0993 16317 244755 832167 3
0994 27427 54854 109708 5
0995 1437 28740 51732 5
0996 9860 295800 433840 1
0997 2727 16362 79083 5
0998 52451 629412 1049020 1
0999 538 538 11836 1
1000 34291 102873 514365 2
1001 22914 458280 733248 3
1002 54592 545920 2019904 2
1003 17943 53829 287088 4
1004 33822 169110 811728 3
1005 20727 41454 414540 5
1006 50964 458676 509640 2
1007 24960 224640 648960 4
1008 40128 481536 1765632 5
1009 17409 208908 435225 2
1010 45241 180964 407169 2
1011 51182 0 1586642 3
1012 39417 236502 1616097 5
1013 30957 61914 712011 4
1014 56177 1011186 2303257 3
1015 49242 1231050 1428018 2
1016 5981 0 17943 3
1017 19982 359676 879208 2
1018 55158 330948 386106 2
1019 31182 1091370 1995648 3
1020 40377 565278 847917 3
1021 44201 309407 1900643 4
1022 32657 130628 522512 3
1023 23785 428130 451915 3
1024 22150 332250 775250 1
1025 760 26600 41040 2
1026 5762 86430 97954 3
1027 1787 17870 66119 1
1028 6009 150225 240360 2
1029 47782 716730 2245754 5
1030 40960 163840 819200 4
1031 19962 159696 618822 4
1032 12256 171584 563776 3
1033 1774 10644 42576 2
1034 27205 326460 979380 5
1035 28022 224176 1204946 2
1036 28530 599130 1112670 4
1037 32318 0 1131130 3
1038 26639 319668 639336 5
1039 1767 21204 83049 2
1040 27117 759276 1410084 1
1041 2525 30300 42925 4
1042 51753 103506 1293825 5
1043 18086 434064 922386 3
1044 50091 100182 150273 4
1045 51761 310566 2122201 4
1046 15287 152870 290453 4
1047 22920 687600 916800 5
1048 10200 214200 520200 5
1049 38144 572160 1602048 2
1050 19661 550508 1159999 5
1051 9228 92280 230700 2
1052 13870 41610 402230 5
1053 17407 417768 974792 2
1054 38498 0 538972 1
1055 15913 47739 525129 3
1056 34897 348970 1465674 4
1057 13660 136600 573720 3
1058 3598 21588 61166 1
1059 17912 71648 609008 3
1060 49792 746880 1045632 1
1061 49669 2384112 3427161 5
1062 41912 502944 1341184 2
1063 35863 430356 1757287 2
1064 19798 98990 554344 5
1065 16569 149121 497070 5
1066 29086 116344 465376 1
1067 33427 401124 1537642 1
1068 44851 672765 852169 3
1069 19860 278040 893700 2
1070 37662 564930 1355832 3
1071 52535 210140 472815 1
1072 55268 1326432 2818668 4
1073 30214 120856 755350 5
1074 39578 0 395780 1
1075 37168 929200 1003536 5
1076 14592 0 379392 1
1077 17543 631548 824521 1
1078 43960 879200 2549680 2
1079 14529 435870 711921 5
1080 50232 1004640 1959048 2
1081 8624 25872 112112 5
1082 53418 854688 1869630 3
1083 38391 959775 1996332 5
1084 8403 117642 403344 2
1085 21209 0 296926 3
1086 38136 762720 991536 4
1087 52082 781230 2395772 1
1088 29023 1015805 1973564 3
1089 2170 65100 71610 1
1090 38996 467952 545944 2
1091 19913 298695 457999 4
1092 13659 68295 163908 1
1093 54474 871584 2832648 2
1094 15181 91086 470611 5
1095 28735 86205 574700 5
1096 39279 392790 903417 4
1097 10717 42868 267925 1
1098 51018 102036 510180 2
1099 43883 1228724 1974735 5
1100 20344 244128 813760 5
1101 36730 183650 991710 4
1102 3095 12380 114515 1
1103 10614 74298 137982 3
1104 35737 142948 1358006 2
1105 23384 0 818440 1
1106 6460 135660 342380 5
1107 56464 451712 508176 1
1108 19161 57483 536508 3
1109 26323 184261 210584 1
1110 35644 285152 1425760 3
1111 52376 1047520 2514048 2
1112 40385 565390 1292320 5
1113 5337 32022 122751 5
1114 4637 97377 268946 1
1115 25313 75939 480947 4
1116 4169 0 133408 1
1117 42017 630255 1176476 3
1118 4794 19176 134232 1
1119 55450 221800 1663500 3
1120 28808 403312 1094704 5
1121 348 1392 10788 1
1122 52245 1828575 2246535 3
1123 23218 557232 1416298 5
1124 37095 148380 890280 4
1125 22791 455820 843267 4
1126 590 5900 9440 4
1127 50280 100560 351960 1
1128 27750 499500 860250 1
1129 6268 175504 206844 4
1130 50643 759645 2633436 3
1131 39744 79488 1510272 2
1132 5111 61332 178885 1
1133 21063 105315 252756 2
1134 54233 1952388 2277786 4
1135 18336 330048 550080 1
1136 32397 97191 842322 5
1137 40398 121194 1211940 2
1138 22545 180360 202905 5
1139 44859 672885 1928937 5
1140 33725 303525 674500 2
1141 33071 992130 1620479 2
1142 24699 24699 790368 4
1143 13811 165732 607684 1
1144 21171 211710 381078 1
1145 55293 829395 2377599 2
1146 2882 5764 63404 5
1147 34885 139540 1116320 4
1148 50279 1005580 2413392 4
1149 49769 597228 1144687 4
1150 40889 81778 286223 4
1151 12409 347452 397088 5
1152 40418 1131704 2667588 1
1153 21136 380448 718624 3
1154 24944 698432 1272144 4
1155 36563 73126 694697 2
1156 41007 82014 1599273 3
1157 39306 943344 1493628 5
1158 36020 756420 1332740 1
1159 38096 457152 685728 1
1160 13816 138160 497376 2
1161 17762 71048 159858 1
1162 30854 123416 1295868 3
1163 55789 669468 2677872 1
1164 12309 344652 800085 3
1165 25679 231111 873086 5
1166 21114 168912 190026 2
1167 41587 873327 1455545 2
1168 14516 87096 174192 1
1169 29905 1256010 1824205 1
1170 21404 449484 513696 1
1171 30493 213451 1036762 2
1172 16623 66492 282591 3
1173 27168 54336 1032384 3
1174 37316 746320 1007532 1
1175 17424 104544 191664 5
1176 43120 905520 1552320 1
1177 29332 234656 1319940 5
1178 13626 13626 81756 1
1179 44775 1074600 1298475 2
1180 7008 42048 154176 1
1181 48858 146574 488580 5
1182 13534 324816 649632 3
1183 41333 743994 1694653 3
1184 54800 876800 1424800 1
1185 3100 0 18600 2
1186 11085 44340 55425 4
1187 27925 781900 809825 4
1188 38440 38440 384400 3
1189 1540 43120 83160 5
1190 17129 68516 342580 1
1191 39630 832230 2140020 1
1192 30525 549450 1617825 3
1193 21928 43856 175424 5
1194 48902 1760472 2934120 3
1195 47246 188984 425214 2
1196 11370 45480 102330 5
1197 33108 927024 1059456 1
1198 35085 421020 1017465 3
1199 37637 677466 1844213 5
1200 54241 108482 1518748 1
1201 11002 88016 385070 5
1202 54516 1362900 1526448 3
1203 17829 71316 534870 5
1204 55241 441928 2209640 3
1205 34991 629838 839784 2
1206 49289 98578 1035069 5
1207 42874 342992 1714960 5
1208 43346 650190 1690494 1
1209 42343 211715 762174 2
1210 46545 837810 1070535 4
1211 49698 596376 844866 5
1212 21203 42406 424060 3
1213 53359 106718 1654129 3
1214 7564 189100 438712 2
1215 35915 287320 718300 2
1216 29966 839048 898980 5
1217 40731 488772 1792164 1
1218 16546 148914 546018 1
1219 10541 21082 168656 5
1220 40619 0 487428 5
1221 51312 1077552 1847232 3
1222 15361 92166 168971 2
1223 16967 203604 271472 1
1224 3341 6682 83525 3
1225 18984 531552 797328 1
1226 3768 0 26376 4
1227 26561 106244 132805 3
1228 53738 214952 376166 1
1229 18867 113202 264138 4
1230 1781 21372 40963 4
1231 36891 110673 627147 4
1232 22658 90632 679740 2
1233 53261 479349 745654 5
1234 30200 604000 1449600 5
1235 31821 63642 890988 5
1236 50755 609060 1928690 4
1237 31026 744624 1427196 2
1238 37811 567165 1323385 4
1239 14959 224385 448770 4
1240 1343 16116 18802 1
1241 31506 189036 1197228 3
1242 23101 115505 900939 4
1243 30259 151295 272331 1
1244 48434 726510 1453020 1
1245 23872 572928 978752 1
1246 34768 173840 834432 5
1247 26451 925785 1587060 2
1248 6045 108810 175305 4
1249 29761 357132 565459 3
1250 26923 161538 188461 4
1251 33174 33174 1227438 3
1252 45340 725440 2403020 4
1253 21665 129990 866600 3
1254 37438 449256 1497520 5
1255 26233 26233 393495 1
1256 23849 381584 1097054 1
1257 22516 180128 337740 4
1258 55035 825525 2256435 2
1259 15608 156080 499456 5
1260 24047 96188 745457 1
1261 56446 790244 1072474 2
1262 48661 145983 1216525 2
1263 1344 0 26880 5
1264 53545 856720 2784340 4
1265 55526 1332624 3276034 1
1266 28135 168810 900320 4
1267 9514 28542 218822 2
1268 55718 835770 2563028 1
1269 43376 173504 997648 5
1270 45141 541692 1850781 3
1271 28002 672048 1316094 1
1272 22341 44682 379797 5
1273 30237 90711 423318 3
1274 42179 253074 548327 5
1275 23300 699000 1398000 5
1276 34679 416148 1595234 1
1277 1903 17127 81829 5
1278 8469 118566 304884 4
1279 14733 58932 191529 1
1280 56534 0 226136 1
1281 31734 1110690 1618434 3
1282 17380 260700 417120 2
1283 12241 0 232579 3
1284 23461 656908 1407660 4
1285 54706 492354 1203532 1
1286 20901 418020 836040 3
1287 48236 578832 1109428 1
1288 45616 273696 957936 2
1289 18152 653472 1161728 4
1290 16602 132816 747090 3
1291 45872 550464 1789008 3
1292 52976 370832 2224992 2
1293 32189 965670 1480694 4
1294 13244 66220 278124 1
1295 34064 272512 681280 3
1296 12335 148020 555075 3
1297 26760 267600 294360 2
1298 56701 1417525 3118555 2
1299 5278 63336 137228 1
1300 43308 389772 1212624 4
1301 44138 176552 1677244 1
1302 42307 1269210 1438438 5
1303 15389 46167 538615 2
1304 5115 15345 179025 1
1305 47745 572940 2100780 3
1306 19582 117492 156656 3
1307 32118 96354 706596 1
1308 54464 980352 1524992 2
1309 44686 268116 536232 2
1310 16224 324480 486720 5
1311 54509 436072 2016833 3
1312 33277 998310 1564019 1
1313 6291 50328 69201 4
1314 25570 383550 639250 5
1315 2793 11172 64239 1
1316 48022 48022 1728792 4
1317 26113 522260 678938 1
1318 55761 446088 2341962 5
1319 17482 524460 716762 4
1320 50375 604500 2518750 1
1321 15293 152930 443497 2
1322 6587 13174 223958 4
1323 26265 656625 1575900 1
1324 14150 396200 693350 5
1325 56470 2371740 2879970 2
1326 26434 317208 475812 4
1327 45334 634676 1994696 2
1328 39952 359568 918896 2
1329 10072 151080 402880 2
1330 34202 1197070 2291534 2
1331 31785 95355 127140 4
1332 4400 26400 180400 3
1333 33816 1521720 2198040 2
1334 37075 556125 1297625 4
1335 19517 78068 331789 3
1336 3479 20874 59143 5
1337 28969 1216698 1651233 1
1338 1050 6300 36750 2
1339 41537 1038425 2367609 3
1340 40784 122352 407840 3
1341 34765 243355 660535 1
1342 40812 367308 1265172 4
1343 37033 148132 666594 1
1344 2727 8181 27270 4
1345 33168 265344 563856 2
1346 44729 313103 402561 5
1347 34335 274680 1339065 4
1348 6786 13572 244296 5
1349 14468 86808 593188 4
1350 18983 189830 569490 3
1351 15439 247024 771950 4
1352 13146 0 460110 2
1353 46269 694035 971649 3
1354 20572 617160 905168 1
1355 30744 1291248 2059848 3
1356 2982 53676 158046 5
1357 8181 114534 425412 1
1358 27273 190911 327276 4
1359 39247 1098916 1334398 3
1360 50096 300576 1703264 4
1361 11110 44440 222200 5
1362 24586 172102 909682 1
1363 33762 810288 1620576 1
1364 52441 1835435 3251342 4
1365 6897 41382 68970 3
1366 4019 12057 124589 4
1367 21981 263772 637449 5
1368 12375 74250 297000 4
1369 56360 450880 619960 3
1370 28354 0 113416 1
1371 50274 150822 804384 1
1372 52586 420688 525860 2
1373 34970 419640 1223950 3
1374 40140 240840 1726020 1
1375 15592 62368 155920 3
1376 56356 281780 1014408 5
1377 11937 0 358110 1
1378 16779 100674 402696 4
1379 53862 807930 1831308 3
1380 30183 90549 935673 4
1381 35716 142864 357160 2
1382 18711 74844 729729 2
1383 52665 0 315990 2
1384 20862 208620 980514 3
1385 2248 40464 101160 3
1386 27309 436944 600798 1
1387 18267 255738 328806 5
1388 11731 246351 269813 5
1389 22097 220970 1038559 2
1390 9882 79056 187758 1
1391 55726 55726 1560328 5
1392 18983 94915 208813 3
1393 9853 197060 522209 3
1394 522 3132 17226 2
1395 1993 7972 43846 3
1396 19842 158736 436524 4
1397 1060 2120 3180 5
1398 36173 868152 1519266 5
1399 629 6290 13838 4
1400 31474 1101590 1699596 5
1401 14621 350904 745671 5
1402 18572 130004 835740 2
1403 1538 46140 72286 1
1404 22634 67902 543216 2
1405 16600 298800 581000 1
1406 2302 9208 27624 2
1407 41221 494652 1236630 4
1408 21741 260892 608748 2
1409 18693 654255 1046808 5
1410 25709 539889 1054069 1
1411 33469 1004070 1874264 4
1412 48626 583512 632138 4
1413 2894 17364 57880 3
1414 48811 0 146433 4
1415 6283 12566 188490 2
1416 18532 389172 426236 3
1417 36456 218736 473928 1
1418 49545 1238625 2675430 4
1419 21025 883050 1492775 4
1420 2209 6627 44180 3
1421 45857 412713 1834280 2
1422 56160 112320 224640 5
1423 23271 488691 651588 3
1424 31895 765480 1977490 3
1425 36823 331407 441876 5
1426 47266 378128 661724 4
1427 37846 454152 643382 4
1428 25881 517620 569382 2
1429 53125 531250 903125 3
1430 34472 413664 1137576 5
1431 45448 318136 1727024 4
1432 51218 1024360 2816990 3
1433 38118 571770 1257894 2
1434 7534 15068 90408 1
1435 4228 59192 135296 1
1436 621 7452 21735 3
1437 7471 74710 283898 5
1438 43050 0 1248450 3
1439 532 7980 9044 3
1440 52987 370909 794805 1
1441 18305 384405 622370 5
1442 21444 128664 600432 1
1443 10530 252720 368550 4
1444 30744 645624 1321992 5
1445 48727 1023267 1656718 4
1446 11920 0 250320 2
1447 8366 100392 133856 3
1448 43423 260538 1606651 1
1449 5414 48726 70382 2
1450 10983 54915 208677 1
1451 49081 588972 2110483 2
1452 31272 156360 562896 4
1453 5584 201024 256864 5
1454 52887 951966 1375062 2
1455 10341 186138 496368 1
1456 25157 352198 1257850 3
1457 40417 727506 1131676 5
1458 55084 881344 1211848 1
1459 14075 591150 1041550 5
1460 19535 468840 546980 1
1461 38127 533778 800667 4
1462 13178 0 368984 5
1463 53216 532160 585376 5
1464 5941 59410 71292 1
1465 18547 111282 426581 1
1466 4723 28338 184197 2
1467 29476 147380 1061136 2
1468 36598 256186 768558 3
1469 25653 153918 923508 4
1470 11172 223440 368676 3
1471 37631 451572 639727 4
1472 3696 155232 210672 1
1473 9451 113412 170118 2
1474 31464 314640 692208 2
1475 39085 781700 1876080 2
1476 25441 25441 508820 2
1477 35847 215082 716940 2
1478 22084 22084 618352 5
1479 31456 94368 440384 1
1480 7189 115024 158158 3
1481 27054 216432 1163322 1
1482 55943 167829 1454518 1
1483 35018 700360 1855954 1
1484 34742 208452 1250712 2
1485 53585 1286040 3054345 5
1486 16047 96282 497457 3
1487 31354 0 1034682 2
1488 52617 0 1894212 5
1489 17299 207588 242186 3
1490 1427 9989 32821 4
1491 54913 1098260 3075128 5
1492 56430 451440 959310 5
1493 154 462 4466 3
1494 2493 14958 97227 3
1495 53529 428232 1873515 2
1496 38874 233244 1438338 5
1497 26751 668775 1605060 1
1498 11963 95704 490483 2
1499 18429 368580 737160 2
1500 8052 169092 257664 1
