001 1696 20352 49184 1
002 8600 129000 154800 4
003 732 4392 16836 4
004 2459 29508 73770 2
005 8774 87740 122836 5
006 6571 39426 72281 4
007 4780 143400 248560 5
008 8389 167780 176169 2
009 1979 23748 37601 2
010 1273 25460 52193 5
011 5380 21520 75320 4
012 9361 84249 215303 3
013 43 516 645 2
014 8723 87230 139568 3
015 7551 188775 339795 4
016 1455 46560 50925 5
017 1102 11020 31958 1
018 5548 16644 133152 5
019 6439 0 64390 5
020 7313 29252 87756 4
021 3380 67600 70980 4
022 6344 76128 164944 1
023 9166 54996 82494 4
024 1789 37569 55459 3
025 10890 217800 304920 1
026 7853 15706 70677 5
027 5037 60444 120888 4
028 8085 97020 266805 1
029 10317 185706 257925 5
030 1543 6172 24688 1
031 6949 173725 229317 3
032 3540 70800 92040 1
033 7169 57352 78859 5
034 2317 6951 50974 2
035 9563 229512 248638 2
036 8540 68320 239120 5
037 1766 15894 28256 1
038 6928 69280 145488 2
039 587 17610 30524 4
040 5259 126216 184065 4
041 9709 58254 174762 3
042 10524 126288 136812 5
043 4099 8198 86079 2
044 10719 21438 64314 5
045 10460 41840 230120 2
046 2397 4794 47940 4
047 6370 152880 248430 1
048 320 3840 9280 2
049 6668 200040 266720 3
050 10373 62238 165968 1
051 8699 17398 78291 4
052 1464 1464 4392 3
053 1923 11538 38460 2
054 6404 96060 224140 1
055 9611 0 38444 4
056 6342 31710 164892 4
057 6 90 144 5
058 6724 13448 127756 5
059 6073 255066 334015 5
060 3991 95784 139685 3
061 3196 89488 137428 5
062 8216 49296 90376 2
063 10535 63210 115885 5
064 4515 0 85785 4
065 8260 16520 99120 3
066 5709 68508 114180 3
067 9885 118620 247125 5
068 10625 212500 393125 1
069 1715 10290 12005 4
070 10303 41212 247272 1
071 4761 142830 161874 2
072 9421 9421 47105 4
073 2641 15846 73948 3
074 469 2814 5628 1
075 8495 84950 161405 4
076 2515 5030 17605 2
077 5451 27255 125373 1
078 5318 42544 159540 2
079 8402 201648 361286 2
080 3253 39036 71566 4
081 10650 0 31950 5
082 7932 95184 237960 1
083 8627 129405 310572 2
084 1495 8970 19435 1
085 7083 14166 49581 3
086 5910 177300 195030 1
087 5963 71556 95408 2
088 7271 87252 159962 5
089 5008 45072 80128 3
090 1507 27126 37675 1
091 4504 0 81072 4
092 2186 4372 52464 1
093 7734 61872 208818 4
094 8184 98208 180048 3
095 2400 38400 50400 5
096 4363 52356 126527 2
097 708 2124 9912 1
098 8913 89130 276303 4
099 9344 280320 289664 4
100 9896 356256 524488 1
101 7765 69885 124240 1
102 2416 48320 101472 3
103 10338 124056 268788 1
104 7315 146300 190190 3
105 7628 137304 244096 5
106 507 4563 12168 4
107 10850 43400 227850 3
108 4590 36720 105570 1
109 7527 30108 120432 4
110 990 4950 14850 2
111 7132 21396 156904 4
112 1522 6088 30440 5
113 7340 44040 154140 4
114 5955 59550 166740 2
115 64 192 512 2
116 10004 20008 50020 3
117 9926 119112 287854 1
118 8392 33568 142664 4
119 5855 35130 117100 4
120 2352 9408 30576 5
121 1895 18950 45480 5
122 6876 82512 233784 3
123 9672 38688 48360 2
124 10762 86096 301336 4
125 5068 15204 91224 1
126 6356 25424 31780 5
127 9679 174222 261333 4
128 9578 28734 191560 5
129 124 744 2604 5
130 9540 28620 152640 2
131 10508 84064 273208 5
132 7432 74320 156072 2
133 6516 32580 162900 2
134 3590 21540 96930 5
135 1399 41970 50364 4
136 10253 41012 194807 4
137 6471 77652 90594 3
138 8711 43555 174220 3
139 9228 46140 193788 5
140 6197 86758 123940 1
141 2950 23600 32450 2
142 8486 33944 169720 2
143 3976 23856 103376 5
144 3267 39204 42471 2
145 353 2824 3883 1
146 6593 52744 92302 4
147 4332 34656 60648 2
148 3044 0 12176 4
149 8845 17690 132675 5
150 10283 30849 257075 2
151 9276 18552 83484 1
152 9828 29484 226044 5
153 2344 23440 28128 1
154 5764 69168 126808 4
155 10832 162480 249136 5
156 4503 18012 49533 5
157 7923 47538 118845 4
158 1067 25608 40546 1
159 7311 87732 197397 1
160 724 2896 13756 1
161 4021 120630 124651 4
162 7078 84936 169872 2
163 609 1827 6090 2
164 4777 114648 214965 4
165 10565 52825 105650 2
166 5471 32826 76594 5
167 1083 9747 25992 5
168 10063 120756 140882 3
169 9170 36680 128380 4
170 5092 15276 117116 2
171 3502 3502 52530 5
172 7154 128772 250390 1
173 5789 34734 156303 2
174 2760 16560 22080 5
175 603 10854 13869 4
176 3464 41568 48496 3
177 6932 83184 117844 3
178 1349 20235 48564 1
179 9671 87039 280459 5
180 2228 26736 62384 1
181 6865 82380 157895 5
182 10363 124356 321253 5
183 3733 14932 33597 2
184 5388 80820 150864 1
185 3020 36240 51340 3
186 2763 16578 58023 4
187 10385 207700 415400 3
188 5182 93276 124368 1
189 10131 243144 466026 1
190 1645 6580 29610 3
191 3034 3034 39442 2
192 5625 16875 39375 3
193 286 6864 7150 5
194 3289 115115 148005 3
195 4492 13476 35936 3
196 854 10248 16226 5
197 5047 30282 111034 2
198 2506 10024 57638 2
199 10970 43880 285220 4
200 5893 11786 123753 3
201 4050 48600 64800 4
202 10805 324150 551055 4
203 198 4950 8514 4
204 2986 23888 26874 1
205 2154 0 28002 2
206 7160 107400 214800 1
207 5551 49959 172081 4
208 5489 65868 115269 3
209 1777 5331 39094 4
210 4220 33760 46420 4
211 974 11688 16558 1
212 5446 152488 223286 5
213 2561 10244 43537 3
214 3476 20856 93852 4
215 6908 138160 290136 1
216 1314 7884 24966 2
217 6459 38754 148557 5
218 10121 202420 232783 3
219 7866 70794 94392 3
220 8294 33176 124410 1
221 4723 28338 51953 1
222 4591 91820 179049 5
223 4702 94040 164570 2
224 10798 32394 183566 2
225 5428 86848 113988 4
226 2188 54700 98460 3
227 8007 0 56049 3
228 3573 0 57168 1
229 10774 10774 53870 2
230 2231 8924 29003 2
231 3472 27776 59024 2
232 3566 28528 71320 2
233 7007 56056 147147 4
234 3115 37380 52955 2
235 8803 88030 123242 3
236 6374 19122 82862 3
237 8811 140976 229086 1
238 10942 65652 186014 1
239 10068 100680 302040 4
240 6150 18450 30750 3
241 2731 0 51889 1
242 1533 3066 18396 5
243 812 1624 2436 3
244 6087 48696 97392 4
245 1119 22380 42522 3
246 8234 98808 271722 4
247 108 2160 4104 3
248 9205 55230 119665 1
249 3533 21198 91858 4
250 3237 3237 9711 2
251 993 9930 15888 4
252 4857 72855 155424 2
253 3212 32120 73876 3
254 6464 155136 226240 3
255 2899 57980 115960 2
256 10951 328530 350432 1
257 8787 0 114231 3
258 1963 7852 11778 1
259 9916 59496 247900 5
260 10140 40560 101400 4
261 2854 34248 77058 5
262 9026 45130 243702 4
263 4912 29472 122800 2
264 4979 149370 234013 3
265 3963 63408 142668 4
266 547 6564 12581 1
267 1628 19536 47212 2
268 5541 99738 116361 5
269 1144 3432 8008 3
270 8656 77904 251024 4
271 2976 17856 44640 5
272 10964 43856 186388 1
273 8526 170520 323988 5
274 10787 21574 107870 1
275 7167 14334 57336 3
276 4327 0 38943 1
277 5286 0 100434 3
278 10101 121212 131313 5
279 1967 11802 21637 2
280 5036 100720 191368 4
281 7791 186984 335013 5
282 10726 32178 64356 1
283 6176 37056 154400 1
284 4054 8108 36486 4
285 7528 135504 180672 1
286 7239 14478 43434 1
287 8230 246900 320970 1
288 4639 0 27834 1
289 1258 5032 27676 2
290 5737 206532 304061 4
291 7182 43092 86184 1
292 2088 8352 45936 5
293 10370 0 31110 5
294 7577 22731 189425 1
295 8152 24456 89672 1
296 10114 60684 161824 2
297 5376 10752 91392 4
298 2714 0 40710 3
299 1332 11988 14652 4
300 7963 63704 151297 4
301 473 3784 4257 1
302 6178 92670 111204 3
303 8370 100440 167400 5
304 896 7168 25088 2
305 3088 37056 52496 2
306 9324 139860 214452 5
307 3613 108390 173424 2
308 9917 119004 218174 2
309 5503 0 38521 1
310 4040 16160 52520 5
311 7607 30428 182568 4
312 4273 25638 68368 2
313 5295 31770 47655 1
314 10542 94878 168672 2
315 2810 22480 59010 5
316 1314 26280 39420 5
317 2961 23688 44415 1
318 1486 7430 38636 5
319 3274 0 22918 4
320 10493 41972 167888 3
321 8520 34080 187440 1
322 508 2540 5080 4
323 4839 48390 111297 3
324 6315 0 88410 2
325 3054 6108 18324 2
326 1200 50400 70800 3
327 9447 113364 170046 1
328 9269 166842 342953 2
329 9412 28236 160004 1
330 10464 41856 62784 5
331 2102 25224 31530 3
332 10833 389988 465819 3
333 1539 15390 21546 4
334 3058 36696 85624 2
335 1627 4881 21151 5
336 8016 0 8016 5
337 6855 123390 267345 3
338 7534 150680 286292 1
339 7927 55489 142686 1
340 2238 26856 53712 2
341 3157 37884 50512 3
342 7496 262360 382296 3
343 7225 21675 72250 4
344 7636 114540 145084 3
345 3036 36432 72864 4
346 9086 27258 227150 5
347 10256 92304 102560 4
348 4582 68730 114550 4
349 5204 15612 93672 4
350 8321 0 41605 4
351 3564 21384 24948 1
352 4759 57108 123734 2
353 4707 47070 141210 3
354 4830 72450 120750 2
355 4249 21245 106225 4
356 2680 48240 50920 2
357 4847 4847 87246 1
358 1182 28368 37824 2
359 2846 68304 128070 5
360 521 12504 20319 3
361 4377 17508 109425 5
362 8096 48576 153824 3
363 7816 62528 117240 2
364 794 9528 15086 5
365 1594 76512 102016 3
366 10299 185382 381063 4
367 5402 108040 178266 3
368 8852 17704 44260 3
369 5349 64188 139074 5
370 7392 44352 155232 2
371 4635 139050 143685 2
372 84 336 1344 4
373 7075 127350 198100 1
374 756 7560 17388 4
375 7041 14082 161943 2
376 3847 23082 65399 1
377 6270 31350 169290 5
378 8296 33184 107848 3
379 5063 40504 146827 3
380 8868 0 88680 2
381 8462 16924 101544 1
382 927 0 4635 4
383 590 3540 16520 2
384 3246 25968 64920 3
385 5202 62424 150858 1
386 1533 6132 38325 4
387 3265 9795 52240 4
388 6669 33345 180063 5
389 7243 144860 210047 2
390 7831 23493 164451 1
391 10856 21712 130272 3
392 8936 26808 187656 3
393 6494 97410 103904 4
394 3555 7110 71100 3
395 324 7776 8100 4
396 140 2100 3220 4
397 4267 76806 157879 2
398 867 1734 11271 3
399 7835 7835 101855 3
400 810 4050 17820 4
401 5706 68472 102708 4
402 10480 41920 83840 3
403 513 2052 3591 5
404 6281 31405 81653 1
405 10485 104850 272610 4
406 1704 13632 18744 3
407 1376 22016 39904 5
408 612 1224 14076 1
409 9006 108072 198132 5
410 2697 24273 26970 3
411 6176 12352 30880 2
412 10599 127188 275574 5
413 729 10206 19683 4
414 5361 42888 58971 2
415 5346 16038 64152 1
416 10258 123096 205160 5
417 248 1488 1984 4
418 10912 261888 294624 3
419 964 0 14460 1
420 4333 0 30331 3
421 5135 0 35945 4
422 4435 106440 137485 4
423 2613 31356 75777 5
424 2891 0 54929 2
425 7039 63351 168936 3
426 906 5436 13590 3
427 2580 38700 85140 2
428 7874 0 39370 4
429 7145 142900 185770 5
430 2035 24420 32560 4
431 3857 0 84854 4
432 8784 105408 184464 3
433 1798 10788 28768 3
434 749 5992 15729 5
435 8307 49842 182754 3
436 1485 17820 43065 4
437 9910 178380 237840 5
438 1189 14268 27347 4
439 5494 54940 131856 2
440 3484 6968 45292 1
441 2881 28810 34572 1
442 7402 22206 111030 3
443 7308 58464 153468 5
444 6285 37710 62850 3
445 3716 14864 37160 3
446 658 1316 10528 1
447 10440 83520 219240 4
448 6394 38364 102304 4
449 2175 19575 39150 1
450 548 3288 9864 2
451 5672 45376 107768 2
452 10660 63960 85280 2
453 7773 155460 209871 4
454 6097 6097 48776 4
455 506 4048 14674 5
456 9202 110424 128828 3
457 1478 11824 44340 1
458 5681 28405 34086 4
459 9741 19482 68187 5
460 3284 26272 59112 4
461 3280 16400 29520 5
462 8608 34432 197984 5
463 10791 86328 237402 1
464 8438 33752 118132 4
465 4023 24138 56322 4
466 5608 112160 224320 2
467 5084 30504 66092 2
468 8981 26943 206563 4
469 8420 50520 67360 1
470 6728 201840 262392 1
471 6795 40770 163080 4
472 2482 4964 19856 5
473 9161 27483 164898 4
474 6961 0 83532 1
475 7348 44088 161656 1
476 9340 84060 205480 5
477 6827 136540 143367 2
478 10805 129660 324150 2
479 9621 173178 355977 5
480 2120 31800 67840 5
481 4484 80712 89680 1
482 9767 234408 263709 3
483 8843 53058 168017 4
484 591 5319 12411 5
485 344 5504 12384 5
486 5126 123024 194788 1
487 4916 117984 226136 3
488 9581 19162 172458 1
489 10543 253032 442806 1
490 10470 219870 282690 4
491 9201 55206 184020 5
492 2123 50952 89166 1
493 3893 62288 81753 1
494 7076 42456 169824 4
495 7917 15834 39585 1
496 4774 9548 14322 1
497 4337 8674 34696 4
498 2308 4616 36928 3
499 2396 14376 23960 3
500 1481 29620 34063 3
