0001 137700 4406400 10740600 1
0002 155302 310604 5280268 4
0003 10733 257592 504451 5
0004 95787 478935 2682036 4
0005 115221 2419641 6452376 3
0006 25947 25947 1167615 5
0007 106920 3849120 4062960 1
0008 94652 2271648 3028864 5
0009 68584 2194688 3154864 5
0010 97488 974880 5556816 5
0011 143283 0 2435811 2
0012 181817 1818170 5272693 2
0013 135777 0 1765101 4
0014 57935 695220 3939580 1
0015 139255 0 278510 3
0016 5409 64908 248814 5
0017 9327 195867 317118 3
0018 45674 730784 867806 3
0019 73513 294052 2058364 4
0020 163197 3263940 5711895 4
0021 140697 281394 7597638 1
0022 169593 3052674 10175580 5
0023 122955 491820 5410020 4
0024 101969 815752 1427566 3
0025 197655 1581240 4150755 2
0026 146220 3655500 4094160 4
0027 144173 5766920 9947937 1
0028 138125 4143750 4558125 4
0029 194646 2725044 2919690 3
0030 102325 1637200 2967425 5
0031 65935 197805 2769270 1
0032 28546 913472 1884036 3
0033 85521 1282815 5815428 2
0034 42136 379224 2780976 3
0035 29336 146680 704064 3
0036 175342 4208208 8416416 1
0037 5410 75740 102790 2
0038 165699 4970970 14250114 1
0039 52535 52535 2889425 1
0040 171748 5152440 11678864 2
0041 159006 1908072 6042228 3
0042 91625 733000 3481750 1
0043 60162 1684536 2466642 3
0044 39626 79252 396260 3
0045 153459 306918 3376098 1
0046 131388 1839432 6963564 5
0047 74360 148720 1710280 2
0048 140784 1970976 7320768 3
0049 157370 2360550 8025870 5
0050 47801 430209 717015 4
0051 48999 1371972 2792943 1
0052 171535 3087630 8576750 3
0053 27861 139305 222888 1
0054 47437 569244 1233362 2
0055 94642 2271408 6151730 2
0056 88346 4240608 9276330 3
0057 36192 434304 723840 5
0058 11404 34212 684240 5
0059 64987 649870 2794441 2
0060 205032 7176120 16812624 5
0061 92610 833490 1574370 2
0062 144391 866346 6641986 1
0063 19419 543732 1534101 3
0064 125122 500488 4129026 1
0065 132645 530580 1591740 2
0066 79755 1595100 2233140 2
0067 141499 3961972 8206942 3
0068 138825 2776500 9717750 5
0069 116907 467628 4208652 4
0070 186062 186062 9861286 4
0071 130443 913101 5217720 5
0072 108161 3028508 6273338 3
0073 51826 466434 3316864 1
0074 59490 1070820 1249290 1
0075 43931 351448 2460136 5
0076 134287 1208583 6311489 5
0077 13841 0 401389 3
0078 101736 3560760 4883328 3
0079 200577 1604616 7822503 1
0080 35810 537150 2399270 5
0081 163150 652600 8483800 1
0082 76074 1217184 4031922 5
0083 16393 131144 672113 5
0084 192357 4039497 12695562 1
0085 45765 228825 1144125 3
0086 106600 852800 5543200 4
0087 42668 256008 2517412 5
0088 3380 54080 152100 4
0089 15874 31748 492094 4
0090 188262 3765240 7907004 4
0091 115024 2300480 4485936 3
0092 7597 136746 410238 4
0093 116638 466552 1982846 1
0094 33415 334150 1470260 4
0095 140033 1120264 5881386 1
0096 151687 1820244 7432663 3
0097 92050 2577400 6535550 3
0098 122493 3429804 10289412 1
0099 112842 1015578 6883362 5
0100 140255 4908925 9677595 4
0101 113300 1359600 7251200 2
0102 202976 2841664 8322016 5
0103 158388 3326148 12512652 2
0104 108629 1303548 5540079 5
0105 192657 770628 12137391 1
0106 30065 0 721560 3
0107 88946 622622 2401542 2
0108 71698 1147168 3513202 2
0109 94915 1898300 4840665 2
0110 3564 149688 153252 2
0111 102519 307557 3485646 2
0112 6788 13576 271520 1
0113 155772 2336580 2803896 5
0114 136510 2047650 4914360 1
0115 37000 185000 1628000 3
0116 204073 3265168 13468818 5
0117 201630 4839120 15525510 4
0118 148829 5953160 7739108 5
0119 124804 873628 1996864 3
0120 142963 5146668 10436299 4
0121 117350 821450 5515450 5
0122 170984 341968 10088056 2
0123 129670 1167030 7391190 5
0124 146227 292454 7457577 1
0125 111410 668460 1448330 4
0126 74525 2608375 5589375 2
0127 141610 1274490 4814740 5
0128 115895 2317900 2665585 2
0129 33183 464562 1957797 3
0130 149536 598144 6280512 1
0131 100188 601128 3105828 2
0132 55772 1394300 3346320 3
0133 81369 2929284 5614461 4
0134 163997 1311976 10823802 4
0135 205898 6588736 12559778 5
0136 175865 1758650 8265655 5
0137 72779 582232 2692823 1
0138 114164 4566560 6393184 3
0139 37707 904968 1282038 1
0140 167781 1510029 6207897 3
0141 160122 4803660 8646588 2
0142 10972 197496 636376 2
0143 129354 0 1422894 2
0144 192754 0 10215962 1
0145 26515 530300 689390 3
0146 22140 442800 907740 4
0147 149850 6293700 8091900 1
0148 159952 639808 5598320 2
0149 115858 2085444 6835622 3
0150 54440 108880 2613120 5
0151 487 4870 17532 2
0152 73837 221511 3470339 4
0153 185107 4442568 6108531 1
0154 191162 1911620 3058592 4
0155 95803 3065696 7185225 1
0156 15605 499360 1170375 5
0157 115164 921312 5758200 4
0158 12497 149964 399904 1
0159 10695 106950 502665 3
0160 44769 626766 1656453 2
0161 14077 140770 337848 1
0162 94837 853533 1896740 3
0163 94330 282990 4433510 5
0164 148767 1785204 2529039 2
0165 149317 895902 7167216 3
0166 155877 4988064 12781914 3
0167 1194 9552 75222 1
0168 17474 244636 629064 1
0169 93672 1124064 5432976 5
0170 183404 1467232 6785948 5
0171 179066 7520772 13788082 4
0172 180036 0 1800360 2
0173 122242 1100178 2078114 1
0174 60617 484936 2545914 2
0175 68888 68888 1928864 1
0176 111867 223734 4250946 5
0177 58512 2867088 5968224 3
0178 179139 2149668 9136089 3
0179 75746 378730 2423872 3
0180 67914 0 1426194 5
0181 160107 2561712 5763852 5
0182 71087 1279566 2914567 2
0183 200197 4804728 9409259 2
0184 75538 2266140 4758894 2
0185 182776 182776 2193312 5
0186 3766 45192 173236 4
0187 87039 696312 5048262 4
0188 36892 184460 1365004 4
0189 125754 628770 6790716 1
0190 70377 1266786 3518850 1
0191 58705 117410 1056690 1
0192 189152 0 5485408 2
0193 191136 1529088 7263168 3
0194 94366 1887320 6983084 3
0195 114615 458460 1719225 5
0196 35095 701900 1860035 1
0197 127603 1276030 7656180 1
0198 171461 8230128 14917107 3
0199 79925 1278800 4156100 4
0200 99146 1487190 7138512 5
0201 123039 0 4183326 1
0202 162416 974496 1948992 3
0203 183252 1099512 2015772 3
0204 44325 930825 1241100 3
0205 121219 0 5818512 2
0206 13825 69125 138250 1
0207 196849 3543282 7677111 1
0208 11655 466200 757575 5
0209 80994 1943856 6155544 4
0210 94176 1130112 3955392 2
0211 3436 41232 202724 2
0212 147459 2654262 5898360 1
0213 202218 2022180 6875412 1
0214 27025 756700 1999850 1
0215 54476 762664 3595416 5
0216 109324 1749184 3935664 4
0217 160308 3847392 12504024 1
0218 157270 943620 4718100 4
0219 136498 8599374 9008868 5
0220 63917 319585 1981427 4
0221 197866 6331712 8310372 4
0222 143440 1721280 5594160 4
0223 180227 3784767 14057706 1
0224 23231 325234 348465 1
0225 38996 155984 1481848 3
0226 195990 4703760 12739350 4
0227 3635 76335 265355 5
0228 160387 6415480 12510186 5
0229 9983 279524 668861 2
0230 112887 338661 3499497 3
0231 153159 918954 5054247 5
0232 79059 790590 4585422 5
0233 18759 131313 506493 5
0234 166165 1993980 6314270 1
0235 192981 0 10806936 1
0236 167314 4015536 13552434 4
0237 131278 3150672 3281950 5
0238 4586 55032 243058 3
0239 5040 0 45360 5
0240 169847 3566787 5265257 1
0241 76549 765490 3444705 4
0242 163224 2611584 10119888 2
0243 196448 982240 10215296 3
0244 45544 1457408 1912848 4
0245 101115 1820070 5257980 2
0246 175759 1054554 2987903 3
0247 111661 2679864 4131457 1
0248 202242 4853808 13752456 4
0249 198459 2976885 9129114 4
0250 193982 1745838 6789370 1
0251 179285 717140 7709255 4
0252 5084 40672 305040 5
0253 14322 42966 873642 2
0254 3771 11313 82962 2
0255 126925 507700 2792350 3
0256 57183 1029294 3545346 4
0257 68427 205281 2668653 2
0258 23643 851148 2104227 4
0259 84739 0 1525302 5
0260 162242 2271388 9896762 2
0261 167425 334850 5190175 1
0262 189270 946350 1514160 1
0263 139153 1391530 4870355 4
0264 86128 689024 1722560 2
0265 146048 1168384 6426112 5
0266 66235 2318225 2848105 3
0267 109571 328713 3177559 4
0268 69835 279340 2514060 5
0269 18881 151048 283215 4
0270 121081 484324 726486 5
0271 163403 1307224 2451045 4
0272 9132 82188 602712 4
0273 187858 3005728 9956474 5
0274 60777 243108 1215540 1
0275 184788 1108728 1478304 3
0276 72746 1454920 1673158 4
0277 101352 1621632 6790584 2
0278 97093 291279 776744 5
0279 25345 380175 836385 2
0280 190440 3427920 7998480 4
0281 183957 551871 2759355 3
0282 37699 113097 867077 4
0283 10790 258960 507130 1
0284 172735 5527520 12436920 4
0285 153103 2143442 7042738 1
0286 189176 3783520 6431984 3
0287 202957 2029570 10350807 2
0288 204616 613848 4501552 1
0289 18050 866400 1877200 4
0290 180636 3612720 8309256 2
0291 148714 446142 1189712 2
0292 161436 161436 4197336 4
0293 140457 1404570 3932796 1
0294 55737 668844 3232746 3
0295 188681 4528344 6415154 4
0296 198903 2386836 4176963 4
0297 188172 2258064 4327956 3
0298 165027 10396701 17822916 5
0299 128864 1030912 5154560 5
0300 179095 2865520 8596560 5
0301 93210 186420 1584570 5
0302 33203 1394526 2025383 3
0303 15020 135180 705940 5
0304 179138 7165520 11464832 5
0305 197217 5522076 6508161 5
0306 6577 138117 526160 2
0307 177484 3549680 10294072 1
0308 199496 7979840 19550608 1
0309 58091 348546 1975094 2
0310 196969 7878760 18712055 3
0311 27419 575799 795151 2
0312 127887 1023096 7417446 5
0313 101781 712467 2646306 1
0314 111884 0 2797100 2
0315 130399 260798 1173591 5
0316 74633 671697 2015091 5
0317 82109 1313744 2627488 3
0318 112063 4706646 7059969 5
0319 82273 493638 1316368 1
0320 156339 469017 3439458 1
0321 95983 383932 2495558 1
0322 68251 273004 1774526 5
0323 203845 2446140 2853830 2
0324 139988 419964 5879496 3
0325 107838 1509732 4637034 5
0326 63065 1765820 5234395 3
0327 48557 291342 2233622 4
0328 43120 129360 1897280 4
0329 31080 0 1025640 1
0330 149697 449091 2844243 3
0331 97658 1953160 5078216 4
0332 119739 359217 2035563 1
0333 102022 816176 3060660 3
0334 191560 1149360 12451400 5
0335 90695 1088340 1541815 5
0336 152366 914196 8380130 1
0337 129070 2710470 3613960 3
0338 142312 1992368 7542536 1
0339 106253 425012 3825108 1
0340 145266 871596 6101172 1
0341 39510 237060 711180 1
0342 189499 3789980 11748938 4
0343 115987 2783688 5103428 1
0344 173662 2604930 10767044 2
0345 15898 127184 1033370 2
0346 29484 471744 648648 1
0347 124218 3478104 5714028 3
0348 160940 643760 5632900 4
0349 205426 821704 4930224 5
0350 48348 1547136 2514096 1
0351 205672 1234032 8432552 1
0352 31037 620740 2172590 5
0353 63342 443394 4053888 3
0354 26730 320760 1790910 3
0355 19034 304544 1199142 1
0356 149190 2685420 11338440 1
0357 44921 404289 763657 3
0358 100230 400920 5913570 1
0359 144608 2892160 4916672 2
0360 149113 298226 5815407 1
0361 107915 971235 3669110 4
0362 136809 3283416 6703641 4
0363 53584 160752 2625616 3
0364 88083 1233162 1761660 5
0365 69167 1660008 3458350 5
0366 154445 3243345 8494475 2
0367 8461 279213 693802 1
0368 141726 850356 6235944 5
0369 111947 1343364 5597350 3
0370 98540 1182480 6996340 1
0371 71622 1718928 2077038 2
0372 76408 458448 2827096 1
0373 148008 444024 2960160 1
0374 49065 196260 2060730 4
0375 170711 2731376 3072798 4
0376 93350 653450 5040900 3
0377 77769 466614 3655143 5
0378 54518 327108 872288 1
0379 105458 1265496 6643854 3
0380 180143 720572 1621287 3
0381 53378 106756 2455388 2
0382 200663 5016575 10434476 2
0383 95850 2012850 5463450 4
0384 81233 324932 3249320 4
0385 152450 4878400 7012700 1
0386 177937 711748 6939543 5
0387 91714 1375710 3943702 5
0388 150644 2410304 8887996 5
0389 52632 421056 1421064 5
0390 46108 46108 1060484 2
0391 130624 2089984 5224960 4
0392 50984 1070664 3619864 1
0393 22802 342030 433238 4
0394 9036 27108 81324 3
0395 183624 1101744 8263080 4
0396 151919 1367271 8355545 1
0397 191600 1149600 3065600 3
0398 41967 671472 1133109 3
0399 132022 5544924 11617936 5
0400 57429 114858 2124873 2
0401 23621 826735 1866059 5
0402 80030 1680630 5842190 1
0403 164766 2636256 6261108 5
0404 117861 1767915 4950162 3
0405 42877 171508 2315358 2
0406 1262 0 23978 3
0407 96804 193608 5130612 5
0408 199113 7964520 9756537 4
0409 4489 22445 148137 1
0410 150834 3620016 5430024 3
0411 161577 3877848 13410891 4
0412 165440 3308800 10753600 1
0413 124533 747198 2490660 1
0414 137284 549136 2059260 5
0415 16949 101694 254235 2
0416 194356 4081476 11855716 1
0417 60583 121166 2180988 4
0418 130926 654630 7593708 2
0419 1021 3063 61260 1
0420 154095 3698280 8167035 3
0421 135811 1222299 1765543 5
0422 165034 330068 5776190 5
0423 56949 1195929 2562705 3
0424 193201 3477618 11012457 5
0425 28985 347820 1304325 3
0426 63798 1531152 3445092 2
0427 151838 2125732 5466168 2
0428 14380 201320 445780 5
0429 138225 276450 8293500 2
0430 43777 175108 393993 1
0431 21378 256536 299292 5
0432 86787 520722 3558267 1
0433 170733 341466 4951257 2
0434 118976 951808 1427712 1
0435 168226 2355164 8243074 2
0436 81465 1140510 3502995 3
0437 75856 151712 2579104 5
0438 162195 973170 7136580 4
0439 29690 237520 1336050 2
0440 187892 1503136 12025088 4
0441 163419 653676 5065989 5
0442 20370 61110 570360 2
0443 79114 632912 4272156 1
0444 7461 52227 134298 4
0445 52663 1579890 3949725 3
0446 176417 2469838 9702935 4
0447 122427 3917664 4407372 4
0448 30099 240792 1354455 1
0449 27087 677175 1462698 3
0450 19827 0 178443 1
0451 56018 840270 3921260 4
0452 58564 234256 527076 1
0453 50854 1017080 3102094 4
0454 199335 2392020 6777390 3
0455 41182 494184 1317824 3
0456 79313 158626 2934581 1
0457 157424 2361360 9445440 3
0458 67836 610524 3323964 2
0459 144996 2609928 9279744 3
0460 59825 179475 2034050 1
0461 112491 1012419 4499640 2
0462 88248 2206200 4500648 4
0463 138829 0 7080279 1
0464 77193 926316 3164913 1
0465 96962 581772 4654176 1
0466 30465 639765 1035810 3
0467 129845 1168605 5193800 5
0468 44326 709216 2216300 3
0469 155354 3262434 9165886 2
0470 135470 4335040 9753840 5
0471 68736 1099776 4399104 5
0472 107638 645828 6458280 3
0473 90657 634599 3535623 5
0474 68776 481432 894088 2
0475 43854 43854 2148846 1
0476 170678 1024068 1877458 3
0477 150703 753515 1054921 4
0478 16581 331620 431106 5
0479 175842 2110104 8967942 3
0480 13025 208400 521000 1
0481 11192 89536 615560 1
0482 130519 783114 8222697 5
0483 191596 2682344 13411720 2
0484 136769 820614 6154605 2
0485 38053 456636 1522120 2
0486 169146 4059504 13193388 2
0487 194740 1557920 5452720 3
0488 97196 1749528 6706524 5
0489 28214 84642 1297844 4
0490 190362 2284344 9518100 2
0491 163791 1965492 10482624 1
0492 69154 1244772 2074620 4
0493 166987 4007688 9518259 1
0494 60570 605700 3391920 3
0495 45942 91884 275652 1
0496 139781 4472992 11462042 2
0497 2067 0 93015 1
0498 132199 4230368 8592935 4
0499 195194 2342328 6051014 2
0500 6544 52352 98160 2
0501 73195 146390 1244315 5
0502 170474 12274128 19945458 1
0503 17881 625835 947693 5
0504 134687 6464976 9293403 4
0505 157641 3941025 8670255 5
0506 99460 795680 4575160 1
0507 151148 3022960 6801660 4
0508 9794 205674 587640 3
0509 57400 1033200 2697800 2
0510 156470 1564700 10327020 1
0511 99247 2778916 4962350 3
0512 7946 7946 405246 1
0513 179351 1434808 4304424 1
0514 163593 981558 10469952 3
0515 105606 3168180 5913936 4
0516 80743 968916 4198636 1
0517 47151 282906 1508832 1
0518 75818 758180 2198722 2
0519 30087 541566 1805220 3
0520 84812 2035488 3986164 5
0521 68206 1227708 1636944 3
0522 1436 28720 47388 2
0523 24626 147756 492520 5
0524 76401 1222416 5348070 5
0525 1363 16356 51794 4
0526 6791 108656 332759 3
0527 178281 7487802 13192794 2
0528 95521 2292504 7641680 3
0529 114311 342933 2857775 4
0530 56127 841905 2076699 5
0531 121405 3399340 8376945 3
0532 16983 254745 577422 5
0533 39773 2545472 2625018 4
0534 155607 1244856 1556070 1
0535 46707 46707 1541331 1
0536 104834 2201514 7757716 3
0537 52369 837904 1413963 2
0538 183128 0 1648152 4
0539 117650 1411800 2470650 2
0540 69953 1259154 5176522 2
0541 74061 2369952 5554575 3
0542 35804 107412 179020 1
0543 183358 1100148 11184838 5
0544 111022 888176 4329858 4
0545 46050 276300 2026200 1
0546 49008 882144 3038496 1
0547 202704 405408 2837856 3
0548 16718 250770 902772 4
0549 93252 1119024 1585284 2
0550 118768 4156880 9263904 4
0551 29133 1048788 1893645 3
0552 37653 150612 1280202 4
0553 78147 625176 1406646 3
0554 107880 647280 2697000 5
0555 42265 507180 1267950 1
0556 158273 3165460 7913650 3
0557 38803 155212 1629726 2
0558 71184 640656 2633808 1
0559 61841 432887 3957824 2
0560 112271 224542 4490840 3
0561 193772 2712808 10076144 1
0562 156829 627316 5332186 1
0563 140064 840384 2661216 3
0564 112347 1797552 4381533 3
0565 120207 721242 4567866 4
0566 13682 164184 342050 4
0567 202812 405624 5881548 2
0568 16020 64080 993240 4
0569 47579 570948 856422 3
0570 53951 971118 3776570 3
0571 163578 1308624 8669634 3
0572 105785 2538840 4548755 1
0573 179248 5018944 14519088 2
0574 12995 51980 363860 1
0575 41143 164572 288001 5
0576 197592 3161472 9286824 2
0577 159539 638156 8136489 4
0578 73251 1465020 4761315 4
0579 197761 2768654 2966415 4
0580 36770 1286950 2206200 2
0581 52998 158994 2914890 1
0582 183003 1830030 7137117 3
0583 147096 2059344 3530304 1
0584 26811 160866 1206495 5
0585 196613 1179678 6488229 5
0586 164016 1968192 8856864 1
0587 22122 265464 995490 3
0588 7039 225248 443457 1
0589 4375 0 218750 4
0590 68613 1097808 2332842 3
0591 186004 2232048 6324136 3
0592 120375 2889000 5778000 4
0593 135933 0 1359330 5
0594 116461 582305 5357206 3
0595 177589 2131068 3374191 2
0596 178108 5699456 12467560 3
0597 1840 11040 27600 4
0598 16988 101928 696508 3
0599 2775 66600 113775 1
0600 30381 303810 455715 4
0601 178588 714352 7500696 3
0602 205395 821580 6161850 1
0603 48369 1692915 3627675 1
0604 190311 5328708 5709330 3
0605 106282 956538 6164356 5
0606 182861 731444 3291498 3
0607 200710 2809940 4616330 2
0608 44493 622902 1512762 2
0609 29541 1063476 2067870 4
0610 134432 268864 4973984 4
0611 164273 328546 4599644 4
0612 139588 0 4606404 5
0613 201019 1005095 2613247 1
0614 156116 624464 4371248 2
0615 130833 2616660 7719147 4
0616 72027 864324 4105539 2
0617 142905 3001005 3715530 4
0618 171217 3595557 10786671 1
0619 94210 1507360 2637880 1
0620 142975 857850 6147925 3
0621 12935 129350 659685 3
0622 175330 350660 1051980 5
0623 99627 797016 6575382 2
0624 142928 2286848 8003968 5
0625 187344 2997504 11427984 3
0626 25844 310128 775320 5
0627 63294 506352 569646 5
0628 173917 347834 1739170 2
0629 194261 582783 9713050 4
0630 73248 146496 1318464 3
0631 107290 1609350 4184310 4
0632 58345 525105 816830 2
0633 47643 1000503 1715148 2
0634 94907 759256 3037024 3
0635 112838 3159464 8350012 3
0636 89046 1068552 5877036 2
0637 204046 816184 1632368 3
0638 174624 2619360 5762592 4
0639 37097 74194 1075813 3
0640 182607 730428 5295603 1
0641 173143 519429 2250859 2
0642 31497 125988 1417365 4
0643 127333 763998 891331 3
0644 4376 13128 196920 5
0645 82492 2969712 5196996 5
0646 198504 4962600 6947640 4
0647 41312 495744 2313472 3
0648 174761 3495220 3669981 1
0649 127031 254062 1016248 5
0650 171501 686004 9261054 3
0651 193521 1161126 12578865 5
0652 174161 3134898 10101338 5
0653 16429 394296 1330749 3
0654 149363 2091082 5078342 3
0655 167309 4015416 12715484 2
0656 192483 2309796 9431667 1
0657 124514 1992224 3112850 1
0658 149207 2984140 11638146 3
0659 2149 25788 107450 2
0660 26956 53912 215648 2
0661 24648 73944 123240 3
0662 16857 421425 927135 1
0663 56179 898864 3033666 3
0664 172600 1035600 8802600 1
0665 102410 2457840 5939780 1
0666 54203 650436 2655947 1
0667 90017 360068 3060578 3
0668 152640 2442240 3358080 5
0669 15779 378696 1041414 4
0670 31441 314410 723143 1
0671 72798 3494304 5168658 4
0672 83321 499926 1999704 5
0673 78601 3144040 7624297 2
0674 109683 3071124 5593833 2
0675 176111 2817776 6868329 3
0676 40431 485172 2587584 5
0677 157740 3312540 10884060 3
0678 42822 1070550 1627236 2
0679 176694 176694 9011394 5
0680 94982 1709676 2754478 4
0681 156194 4373432 4842014 4
0682 196927 5907810 12012547 1
0683 74263 594104 4158728 1
0684 63908 255632 383448 2
0685 173496 2081952 9542280 3
0686 114835 459340 3215380 3
0687 39643 198215 2299294 5
0688 53920 323520 1509760 2
0689 178608 714432 4465200 5
0690 3962 59430 91126 4
0691 85097 340388 4084656 5
0692 63695 955425 1273900 3
0693 35888 430656 1471408 5
0694 188314 564942 9227386 1
0695 171163 3423260 9071639 2
0696 402 1608 8844 4
0697 183898 2942368 13240656 1
0698 192888 578664 5979528 3
0699 156883 1255064 1882596 1
0700 80687 161374 3469541 3
0701 185675 5570250 10769150 1
0702 181728 726912 7814304 5
0703 56081 1962835 4262156 2
0704 73127 1462540 1755048 4
0705 181950 5094600 11462850 3
0706 128805 1159245 7213080 2
0707 82296 411480 1399032 2
0708 173798 0 7299516 1
0709 40672 569408 2562336 4
0710 112267 1684005 4939748 1
0711 107430 1611450 2363460 1
0712 40390 646240 1252090 2
0713 86724 173448 1647756 3
0714 139913 1399130 6296085 4
0715 43362 173448 1084050 4
0716 109420 875360 7112300 1
0717 130455 2087280 7305480 4
0718 18208 109248 1092480 1
0719 106996 1604940 7810708 1
0720 60757 729084 4070719 3
0721 83037 996444 3902739 5
0722 43619 697904 872380 4
0723 61808 741696 3461248 1
0724 15041 451230 977665 5
0725 112546 1688190 7878220 4
0726 170522 2046264 5286182 4
0727 138575 831450 6651600 2
0728 115980 811860 2667540 5
0729 24618 98472 1378608 1
0730 48478 436302 630214 5
0731 63368 1140624 3105032 1
0732 179973 2519622 5039244 4
0733 166885 1001310 2002620 1
0734 195748 1565984 8612912 2
0735 127586 510344 2424134 4
0736 118513 1185130 2844312 2
0737 47516 0 1663060 4
0738 135513 0 7859754 2
0739 152360 3199560 9141600 4
0740 177163 3720423 4783401 1
0741 25286 151716 1011440 5
0742 120786 241572 1570218 3
0743 122424 979392 6610896 4
0744 181500 7260000 7986000 2
0745 31162 498592 1308804 2
0746 187936 3006976 3194912 4
0747 164707 3952968 4117675 3
0748 104706 1675296 6282360 5
0749 42693 1280790 3586212 2
0750 56857 1364568 2331137 5
0751 127695 1532340 9066345 1
0752 85653 1027836 5653098 2
0753 173096 2596440 12116720 1
0754 8837 35348 371154 1
0755 108542 1085420 2387924 1
0756 130925 1832950 2225725 1
0757 44420 799560 2798460 3
0758 90331 1354965 2890592 5
0759 46321 92642 880099 1
0760 146738 3081498 8804280 4
0761 169464 0 8642664 5
0762 99259 2382216 8238497 4
0763 56770 908320 2270800 2
0764 190043 2850645 8932021 5
0765 114507 916056 3206196 3
0766 131390 1576680 1839460 1
0767 48455 96910 1889745 2
0768 87720 1842120 3771960 4
0769 167702 4695656 7881994 2
0770 179977 719908 3959494 1
0771 86157 2153925 4824792 5
0772 130612 3265300 4832644 1
0773 177247 2835952 4608422 4
0774 86878 347512 3388242 5
0775 153538 1228304 5834444 2
0776 75179 1578759 3909308 5
0777 115050 1725750 5522400 5
0778 180947 361894 8142615 4
0779 17742 53226 993552 5
0780 169993 1529937 2379902 2
0781 134049 1876686 9249381 5
0782 159566 2872188 4308282 3
0783 25874 413984 698598 1
0784 163816 2293424 7044088 4
0785 69576 626184 2643888 1
0786 183803 1654227 7352120 3
0787 78603 2200884 3772944 3
0788 153464 920784 1688104 4
0789 87017 1044204 5569088 5
0790 83759 1340144 2931565 4
0791 197463 3949260 9083298 3
0792 107415 644490 6659730 1
0793 5005 45045 50050 3
0794 131558 5262320 10787756 4
0795 84757 508542 3390280 2
0796 123638 1978208 3090950 2
0797 7908 94896 102804 2
0798 148891 5955640 11166825 5
0799 20065 300975 1344355 3
0800 64918 1558032 3245900 4
0801 175936 1231552 6509632 4
0802 80719 322876 2825165 4
0803 91206 1368090 6749244 4
0804 1883 30128 86618 1
0805 195178 3122848 11710680 2
0806 77428 309712 1471132 2
0807 71994 575952 1511874 2
0808 126964 1269640 5586416 2
0809 106829 1495606 7798517 3
0810 19847 496175 992350 1
0811 115324 1845184 4151664 5
0812 188230 3388140 13552560 5
0813 141314 2119710 8337526 4
0814 191351 6697285 17030239 5
0815 123958 2974992 4090614 2
0816 120866 846062 5801568 3
0817 63966 383796 831558 3
0818 20353 81412 630943 2
0819 187986 1315902 5451594 1
0820 205373 1642984 12322380 3
0821 71273 213819 3349831 2
0822 10621 127452 509808 3
0823 78082 2186296 6558888 5
0824 48333 48333 1208325 1
0825 58844 470752 2471448 2
0826 165159 1321272 5945724 5
0827 136873 821238 1779349 1
0828 154997 1859964 5269898 4
0829 51625 1548750 4181625 5
0830 21735 521640 695520 3
0831 51055 204220 1735870 3
0832 140102 4483264 8266018 1
0833 139863 3916164 10629588 1
0834 199178 398356 6572874 2
0835 91497 731976 4574850 1
0836 28466 85398 853980 3
0837 62972 251888 2896712 3
0838 110456 883648 3976416 1
0839 190118 1901180 7604720 2
0840 172359 2068308 10341540 2
0841 83589 2006136 5266107 3
0842 13039 39117 599794 2
0843 102078 714546 1020780 1
0844 151605 1819260 7428645 1
0845 173147 519441 5540704 3
0846 153177 3676248 11028744 3
0847 84133 252399 1682660 1
0848 56656 56656 2152928 3
0849 107520 967680 2150400 4
0850 26353 553413 2055534 3
0851 110326 220652 1323912 4
0852 37271 521794 931775 1
0853 159477 3189540 9887574 4
0854 66820 467740 1403220 4
0855 29241 584820 1315845 2
0856 127059 3176475 7242363 5
0857 196316 392632 7656324 2
0858 55048 0 990864 3
0859 175633 3688293 6849687 2
0860 189883 2278596 3607777 2
0861 123137 492548 5294891 2
0862 67606 270424 2839452 4
0863 1400 2800 5600 5
0864 102632 1231584 4721072 5
0865 142661 998627 8559660 2
0866 123159 4926360 11946423 5
0867 182557 3833697 4198811 2
0868 73169 1536549 2341408 1
0869 171452 1714520 7715340 3
0870 161930 971580 8420360 1
0871 186583 746332 932915 2
0872 37892 227352 1894600 2
0873 139441 2928261 3346584 3
0874 54453 217812 1143513 5
0875 54470 1089400 2233270 3
0876 80743 1291888 4117893 3
0877 161992 1943904 11015456 4
0878 105818 211636 5396718 1
0879 57340 917440 1777540 2
0880 76220 1829280 3811000 2
0881 4517 45170 130993 1
0882 87477 787293 4286373 5
0883 57101 228404 285505 4
0884 166203 2326842 6315714 2
0885 189577 4549848 15734891 4
0886 16860 0 16860 4
0887 152364 609456 3352008 4
0888 128118 5380956 12811800 2
0889 184036 2208432 4232828 2
0890 173271 866355 4331775 1
0891 104879 734153 1153669 4
0892 158033 6637386 14381003 3
0893 99191 3570876 8827999 5
0894 120935 362805 3748985 4
0895 180722 2530108 3795162 3
0896 110176 881408 7381792 1
0897 54887 54887 493983 2
0898 63709 1019344 3631413 3
0899 161112 1933344 8216712 5
0900 159020 636080 6996880 1
0901 160449 1925388 7380654 2
0902 79678 796780 4143256 4
0903 157746 946476 5994348 4
0904 187904 3006464 8643584 2
0905 165916 1327328 6304808 3
0906 137865 1240785 4963140 4
0907 190305 1522440 6470370 1
0908 101201 2530025 3339633 2
0909 38420 115260 2189940 4
0910 15475 185700 201175 2
0911 154697 4640910 6497274 5
0912 48634 243170 2237164 3
0913 120271 721626 6374363 2
0914 10553 63318 453779 4
0915 4339 43390 277696 5
0916 4488 107712 233376 4
0917 149924 2248860 7346276 1
0918 111204 2224080 7117056 4
0919 134593 0 2422674 2
0920 86647 2772704 5025526 5
0921 184691 0 738764 4
0922 1078 0 8624 2
0923 44980 359840 2788760 1
0924 179741 0 3594820 1
0925 118454 2369080 4145890 3
0926 97023 776184 4948173 2
0927 147645 738225 2805255 2
0928 14176 85056 382752 1
0929 175144 700576 6130040 3
0930 72189 2310048 3609450 1
0931 130990 2750790 5108610 1
0932 16909 50727 913086 3
0933 50518 101036 1717612 1
0934 144293 3463032 6348892 2
0935 174055 4873540 13576290 2
0936 64107 1025712 2948922 4
0937 22337 178696 1094513 5
0938 22152 265824 952536 2
0939 96299 962990 2311176 2
0940 105653 845224 2430019 2
0941 3244 58392 223836 4
0942 159944 1119608 6877592 2
0943 72040 720400 4466480 1
0944 83012 830120 3652528 2
0945 175430 0 4385750 1
0946 37488 524832 2474208 4
0947 200024 4200504 12601512 5
0948 74915 674235 2921685 4
0949 18719 374380 1385206 5
0950 126148 252296 4667476 4
0951 170110 0 1020660 4
0952 38676 928224 2011152 3
0953 79268 554876 2457308 5
0954 110886 665316 2217720 4
0955 180748 1445984 6506928 4
0956 140147 5886174 9670143 5
0957 109240 983160 4806560 1
0958 162701 1627010 6345339 3
0959 34490 275920 620820 2
0960 108207 324621 3029796 1
0961 205156 1025780 6359836 5
0962 198081 2773134 4952025 5
0963 15064 45192 497112 2
0964 189713 2276556 7778233 2
0965 182527 3650540 12959417 1
0966 102164 2451936 6027676 1
0967 38148 76296 839256 2
0968 130240 1562880 6642240 5
0969 150805 603220 4373345 1
0970 102315 3274080 8287515 1
0971 99072 396288 693504 1
0972 72474 869688 1594428 5
0973 52220 365540 835520 4
0974 174009 2436126 10266531 1
0975 186491 1491928 8765077 5
0976 149760 898560 1497600 1
0977 4772 28632 147932 1
0978 15667 250672 1065356 1
0979 48853 586236 1905267 2
0980 131557 0 2894254 5
0981 99236 1984720 4763328 3
0982 57043 513387 1311989 5
0983 86075 1032900 3787300 1
0984 124693 1246930 3242018 5
0985 59134 354804 1419216 3
0986 80475 1609500 5794200 1
0987 90865 363460 5179305 1
0988 82229 3289160 6907236 4
0989 72726 2036328 3272670 3
0990 153247 4290916 9348067 3
0991 46090 691350 2304500 5
0992 16681 250215 366982 1
0993 204807 0 10649964 1
0994 63618 763416 1208742 4
0995 25808 51616 180656 5
0996 71383 285532 3283618 1
0997 156829 2509264 2666093 2
0998 147041 3528984 7205009 1
0999 60855 486840 1582230 5
1000 148546 2376736 6981662 1
1001 74549 1192784 3578352 3
1002 72924 1166784 1312632 2
1003 116143 1742145 8362296 3
1004 63342 760104 2090286 1
1005 27019 378266 783551 1
1006 77528 310112 3798872 3
1007 81195 730755 4790505 5
1008 78649 629192 3775152 4
1009 122650 735900 4906000 4
1010 116299 2093382 7559435 2
1011 168922 7094724 13682682 1
1012 47770 1528640 2006340 2
1013 81842 1636840 5974466 5
1014 175969 2111628 4223256 5
1015 58339 583390 816746 3
1016 18038 577216 757596 2
1017 66698 2134336 5602632 3
1018 189805 759220 6453370 2
1019 5846 17538 303992 5
1020 136450 136450 1228050 3
1021 138303 3319272 4287393 3
1022 30390 182340 486240 2
1023 158335 2216690 4116710 3
1024 84247 1263705 3201386 2
1025 114301 571505 6057953 3
1026 14582 29164 758264 2
1027 16181 339801 1229756 4
1028 16429 49287 509299 5
1029 40084 481008 1483108 2
1030 199880 7995200 8794720 4
1031 69914 489398 3775356 3
1032 70585 564680 2329305 2
1033 87919 263757 2285894 5
1034 164541 2632656 5923476 2
1035 85442 4613868 5468288 4
1036 73624 1177984 2061472 5
1037 137411 3297864 9343948 4
1038 14232 113856 697368 2
1039 186066 2232792 8559036 2
1040 75900 2277000 5540700 1
1041 183640 550920 10100200 5
1042 41302 1982496 3551972 1
1043 162275 162275 4868250 4
1044 183338 2566732 11366956 1
1045 195600 1564800 3716400 1
1046 152520 2135280 8388600 3
1047 42100 1010400 2189200 4
1048 150341 4510230 11125234 2
1049 114199 799393 2169781 4
1050 118419 2486799 3670989 2
1051 154139 1233112 2774502 4
1052 3824 22944 217968 5
1053 3945 0 114405 3
1054 98997 1781946 7424775 1
1055 165839 663356 10447857 4
1056 143370 143370 4874580 3
1057 65589 2295615 4853586 2
1058 93574 561444 4210830 5
1059 50628 101256 1316328 5
1060 147591 3542184 9741006 4
1061 19391 116346 988941 3
1062 103271 5783176 7642054 3
1063 160023 2240322 7521081 1
1064 147079 1029553 1323711 2
1065 75442 301768 2489586 1
1066 189686 5311208 13088334 3
1067 81040 486240 648320 3
1068 82682 1322912 3307280 3
1069 80934 242802 728406 1
1070 197141 197141 6702794 2
1071 174250 1568250 7841250 5
1072 41549 415490 623235 5
1073 15621 187452 999744 5
1074 193005 5790150 14668380 2
1075 52397 419176 2462659 4
1076 42941 601174 2877047 3
1077 201952 4039040 4442944 1
1078 6278 75336 87892 2
1079 68955 413730 1723875 4
1080 125752 2515040 6664856 1
1081 173437 2774992 3468740 3
1082 196863 2952945 5905890 5
1083 123582 123582 6797010 5
1084 160081 0 8964536 4
1085 156479 1251832 2973101 3
1086 122834 1474008 8721214 5
1087 62001 1488024 3286053 2
1088 105980 1589700 6464780 2
1089 201955 4846920 10905570 1
1090 96032 96032 5377792 3
1091 77249 617992 2240221 1
1092 199622 399244 2994330 2
1093 64266 642660 2956236 2
1094 130709 784254 4051979 3
1095 74575 223725 969475 5
1096 162622 1463598 5366526 1
1097 86644 519864 3119184 4
1098 126939 3173475 8631852 2
1099 124384 248768 7463040 1
1100 10139 20278 40556 4
1101 130288 521152 6384112 2
1102 186493 745972 2237916 4
1103 55226 1546328 2264266 2
1104 51430 257150 1748620 1
1105 55358 1328592 2601826 5
1106 20258 486192 830578 1
1107 96781 193562 3580897 3
1108 175376 1753760 3332144 3
1109 44341 266046 2172709 4
1110 10751 129012 612807 4
1111 70852 212556 1913004 3
1112 15265 244240 747985 5
1113 33927 101781 2103474 5
1114 119745 1197450 3831840 1
1115 24893 149358 1294436 4
1116 19734 59202 532818 2
1117 188478 2827170 13570416 5
1118 170541 1023246 8697591 4
1119 84429 3039444 7936326 4
1120 124850 499400 3246100 4
1121 11261 101349 743226 1
1122 195279 781116 9763950 3
1123 27943 167658 335316 1
1124 115882 1042938 7300566 2
1125 30787 369444 1939581 5
1126 149574 299148 1047018 5
1127 39527 316216 2173985 4
1128 177915 2134980 2312895 2
1129 191741 1917410 7477899 1
1130 136445 1637340 5457800 5
1131 45136 361088 2798432 4
1132 10326 247824 805428 2
1133 56201 899216 2697648 4
1134 47065 0 1600210 4
1135 13255 79530 662750 4
1136 884 4420 47736 3
1137 58077 116154 290385 3
1138 156596 0 1565960 4
1139 148159 296318 1481590 3
1140 90199 2164776 7035522 4
1141 56406 338436 564060 5
1142 8065 161300 201625 1
1143 49395 98790 691530 5
1144 75259 602072 3762950 3
1145 12442 248840 796288 2
1146 152768 4888576 5041344 2
1147 187659 1876590 8256996 5
1148 58786 1234506 3585946 4
1149 184862 184862 10167410 3
1150 192559 0 10975863 1
1151 100551 3016530 8144631 2
1152 60428 362568 3504824 1
1153 104792 2515008 2724592 2
1154 110193 661158 6611580 4
1155 54019 486171 1080380 5
1156 53014 212056 1643434 1
1157 38607 926568 2084778 5
1158 98428 1574848 5413540 3
1159 107012 321036 5564624 1
1160 121583 3647490 10091389 3
1161 194887 389774 1559096 4
1162 82447 412235 3132986 4
1163 85227 170454 1619313 4
1164 90827 817443 2633983 5
1165 45887 917740 963627 5
1166 2379 16653 130845 3
1167 120574 1446888 6269848 5
1168 56885 1592780 4493915 4
1169 142733 4567456 12845970 5
1170 125490 376470 1882350 1
1171 8901 178020 231426 3
1172 125723 1885845 3268798 5
1173 149091 2981820 9392733 2
1174 81136 1947264 6328608 5
1175 87747 877470 3246639 3
1176 145244 1016708 2759636 1
1177 144047 864282 5185692 3
1178 103031 412124 1030310 4
1179 67672 1218096 3789632 3
1180 179621 5388630 12932712 5
1181 56588 1358112 3282104 5
1182 101204 4048160 5768628 5
1183 140669 844014 4501408 4
1184 32058 448812 544986 4
1185 67082 2817444 5299478 5
1186 77419 232257 4025788 5
1187 162119 1621190 5512046 4
1188 199432 398864 11766488 2
1189 35539 639702 2274496 4
1190 138040 552160 1104320 3
1191 94368 2642304 7926912 5
1192 27080 324960 812400 4
1193 171065 1710650 3079170 2
1194 186889 1868890 6914893 1
1195 169977 6799080 10538574 1
1196 130511 2610220 8744237 4
1197 66384 597456 2124288 5
1198 138419 4429408 9412492 5
1199 167298 2007576 2676768 4
1200 95932 1918640 3645416 5
1201 67518 135036 2768238 3
1202 95581 1146972 4683469 1
1203 83189 1247835 4908151 1
1204 49426 593112 1334502 5
1205 67985 1087760 1835595 1
1206 149680 149680 1047760 2
1207 27596 193172 1766144 5
1208 206400 3302400 4540800 2
1209 174525 174525 1919775 1
1210 43421 434210 2692102 2
1211 149895 0 5546115 3
1212 28697 200879 1578335 1
1213 149822 449466 7041634 1
1214 65349 588141 3398148 5
1215 27958 335496 1006488 3
1216 167579 2010948 10222319 5
1217 79623 955476 1910952 5
1218 142572 2138580 8126604 2
1219 163710 654840 6220980 4
1220 101455 1217460 3145105 5
1221 40714 81428 2402126 2
1222 9155 0 375355 1
1223 66504 399024 532032 1
1224 10611 63666 286497 4
1225 114935 459740 6666230 1
1226 112031 4481240 7954201 2
1227 179238 0 6094092 4
1228 40621 162484 2477881 5
1229 47595 571140 1332660 1
1230 24775 445950 545050 5
1231 125659 251318 7413881 5
1232 176795 1414360 6895005 2
1233 148544 297088 8021376 2
1234 117950 943600 6841100 1
1235 180441 902205 4871907 4
1236 117172 1171720 7967696 4
1237 192600 2889000 12133800 2
1238 115040 1840640 8512960 2
1239 168151 0 5548983 5
1240 176173 2642595 9513342 3
1241 80910 485460 1860930 4
1242 92865 650055 4364655 1
1243 87142 2788544 5489946 5
1244 122133 2564793 9037842 4
1245 202104 3637872 8488368 4
1246 201079 2010790 10858266 3
1247 75573 226719 831303 1
1248 81948 1966752 2458440 3
1249 21029 504696 693957 5
1250 148980 2681640 8193900 4
1251 20164 302460 665412 2
1252 156195 1874340 10933650 5
1253 120073 240146 6964234 5
1254 126805 1014440 2536100 1
1255 140726 2251616 2392342 2
1256 169422 1355376 11181852 5
1257 101156 303468 5664736 5
1258 120273 1804095 5412285 5
1259 197723 3954460 15620117 5
1260 132495 927465 1987425 3
1261 54249 216996 2983695 2
1262 84160 1009920 1683200 3
1263 134939 404817 2833719 5
1264 79838 2235464 2634654 3
1265 4386 26316 131580 3
1266 191402 2296824 10718512 1
1267 41551 0 831020 4
1268 31686 253488 1330812 2
1269 191226 7649040 9752526 2
1270 14298 114384 829284 3
1271 114197 456788 1598758 3
1272 107708 1723328 3554364 3
1273 119206 2860944 7271566 5
1274 164846 4945380 14011910 4
1275 129254 1292540 8272256 1
1276 153460 153460 5831480 5
1277 135521 813126 7182613 5
1278 154964 1859568 8213092 3
1279 108633 1303596 7387044 5
1280 202509 810036 5265234 5
1281 189823 379646 7213274 1
1282 139525 558100 4743850 5
1283 118454 2842896 7462602 1
1284 103496 3104880 3518864 2
1285 113316 906528 3172848 4
1286 169511 1356088 6271907 3
1287 187366 2248392 2435758 1
1288 4216 126480 177072 2
1289 1131 1131 46371 3
1290 114311 1828976 3200708 2
1291 118615 1186150 2135070 3
1292 149165 2386640 8054910 2
1293 117707 1412484 8239490 5
1294 39727 278089 635632 5
1295 137266 411798 2608054 5
1296 204330 0 7355880 1
1297 43345 1387040 2774080 1
1298 125127 4379445 6506604 5
1299 67763 203289 1423023 5
1300 110354 882832 4414160 4
1301 90229 1353435 5955114 5
1302 138811 2776220 6385306 1
1303 40826 979824 1347258 3
1304 9670 435150 947660 5
1305 174155 3657255 6617890 2
1306 57154 685848 2114698 5
1307 73144 219432 1024016 4
1308 147133 2206995 8827980 3
1309 194985 2729790 10724175 1
1310 6534 228690 326700 3
1311 183733 2939728 13045043 3
1312 170091 1020546 6803640 3
1313 179726 2875616 11682190 4
1314 92427 554562 2772810 2
1315 30069 631449 1593657 2
1316 39514 2489382 4702166 2
1317 51126 1227024 3272064 2
1318 22403 358448 1276971 2
1319 8879 133185 399555 2
1320 108566 108566 434264 1
1321 103774 622644 1245288 4
1322 118285 236570 6860530 4
1323 65130 976950 2409810 3
1324 137106 1371060 3153438 4
1325 122397 734382 4528689 2
1326 12821 89747 230778 5
1327 123139 1108251 6156950 4
1328 205675 6581600 7404300 4
1329 154495 2471920 9733185 5
1330 70375 563000 1900125 2
1331 128704 514816 4504640 1
1332 190708 2860620 8772568 3
1333 138343 2490174 8992295 3
1334 150133 3603192 4053591 5
1335 66634 932876 1599216 5
1336 83500 668000 3841000 1
1337 105914 4236560 9214518 5
1338 189394 3030304 8712124 3
1339 164390 2301460 8548280 5
1340 16643 532576 1165010 3
1341 170915 8203920 11280390 1
1342 57019 684228 3592197 2
1343 53854 1615620 3500510 3
1344 81824 981888 4827616 1
1345 144633 2169495 5062155 2
1346 152334 2437344 5331690 4
1347 8785 79065 281120 5
1348 158236 949416 3006484 1
1349 78544 1413792 5969344 2
1350 155833 1558330 5142489 1
1351 38063 342567 1941213 5
1352 71330 1711920 2139900 5
1353 170503 682012 8354647 4
1354 5689 56890 358407 2
1355 100593 2514825 2716011 1
1356 68978 206934 3724812 5
1357 91296 1460736 4108320 2
1358 176862 2122344 7958790 1
1359 18879 169911 264306 1
1360 107203 1286436 6646586 5
1361 156227 2812086 7186442 2
1362 85211 340844 1363376 4
1363 127967 383901 5246647 5
1364 201693 2016930 7260948 4
1365 7235 173640 549860 1
1366 38309 766180 1685596 1
1367 64840 389040 453880 5
1368 164686 9222416 15315798 4
1369 99065 594390 4854185 1
1370 100665 2516625 3019950 5
1371 127893 511572 639465 5
1372 48622 194488 1944880 5
1373 202150 5660200 11926850 1
1374 128797 3091128 3219925 4
1375 112149 3588768 5719599 1
1376 174748 349496 2446472 2
1377 32028 672588 1537344 5
1378 84887 0 2376836 3
1379 78128 0 78128 4
1380 82729 827290 4715553 4
1381 55615 1167915 2502675 3
1382 24229 145374 799557 4
1383 15056 90336 963584 2
1384 197425 6317600 12042925 4
1385 24619 590856 1230950 3
1386 100612 704284 1609792 2
1387 101482 3044460 6494848 4
1388 2307 34605 115350 2
1389 128656 4502960 8748608 3
1390 55884 838260 1900056 5
1391 142562 1710744 10121902 3
1392 84782 423910 4917356 5
1393 113205 905640 2037690 2
1394 204620 204620 4092400 5
1395 51828 621936 1295700 5
1396 40827 285789 2449620 1
1397 8706 52236 409182 2
1398 157284 1887408 5819508 2
1399 74433 297732 1786392 2
1400 188317 1883170 6967729 1
1401 165551 5794285 11423019 4
1402 7351 88212 147020 2
1403 165159 2477385 4624452 2
1404 124701 748206 2119917 4
1405 183284 3665680 5498520 3
1406 17624 211488 1075064 5
1407 115359 0 6229386 4
1408 81225 974700 5035950 3
1409 103391 1033910 3205121 3
1410 64302 1028832 1993362 5
1411 99258 992580 4168836 3
1412 10859 86872 152026 5
1413 77933 1246928 3506985 5
1414 46598 232990 2329900 5
1415 121567 607835 7050886 1
1416 144935 869610 5797400 4
1417 37486 599776 1012122 2
1418 177305 354610 10460995 5
1419 141859 1702308 9220835 1
1420 167897 671588 8562747 4
1421 145635 436905 1893255 5
1422 12720 76320 788640 2
1423 99815 898335 5889085 4
1424 182276 0 8749248 2
1425 59611 357666 3397827 3
1426 45863 642082 2889369 3
1427 85287 426435 4264350 4
1428 179213 2508982 6630881 5
1429 203230 1829070 7519510 4
1430 73934 443604 665406 1
1431 66496 1595904 3457792 1
1432 18269 146152 1096140 5
1433 111541 3346230 3457771 4
1434 150955 452865 5132470 3
1435 173287 1386296 8837637 4
1436 15816 506112 727536 4
1437 98287 786296 2948610 1
1438 196682 2360184 3146912 5
1439 60024 2521008 3061224 1
1440 75371 0 75371 2
1441 107121 856968 3749235 1
1442 203896 4893504 12845448 4
1443 100921 605526 1311973 2
1444 121471 1457652 7045318 2
1445 151671 1820052 10010286 3
1446 16085 643400 1335055 4
1447 119610 358830 4425570 5
1448 74200 1038800 2003400 4
1449 68699 0 1580077 1
1450 181376 1088256 3083392 2
1451 26991 485838 1511496 3
1452 48350 1547200 4254800 2
1453 199775 4794600 11786725 5
1454 72306 433836 3181464 3
1455 56475 451800 2880225 3
1456 83495 1753395 6512610 3
1457 77512 1395216 5348328 4
1458 205421 4108420 4724683 5
1459 184975 2589650 4624375 4
1460 128132 768792 1025056 3
1461 102934 411736 6278974 1
1462 30492 853776 1890504 1
1463 163113 1304904 10439232 5
1464 27065 676625 1109665 2
1465 187975 1127850 11466475 2
1466 109415 3063620 7987295 5
1467 201257 805028 10264107 3
1468 188057 2632798 5077539 1
1469 89023 534138 5519426 4
1470 149814 2696652 8539398 3
1471 114862 1378344 1952654 4
1472 97717 195434 2442925 4
1473 14502 43506 174024 3
1474 194610 778440 11481990 4
1475 191854 4028934 7866014 4
1476 196922 1969220 10239944 2
1477 145713 291426 2039982 1
1478 120400 481600 6622000 5
1479 148126 1777512 3851276 4
1480 63668 382008 509344 3
1481 54806 0 986508 5
1482 149343 0 1045401 5
1483 9249 73992 323715 3
1484 132601 1060808 5834444 1
1485 206073 4121460 15661548 4
1486 43462 695392 869240 4
1487 95709 3062688 4306905 2
1488 174779 4194696 12584088 4
1489 10142 283976 780934 1
1490 591 1773 9456 5
1491 152013 912078 8968767 5
1492 180284 4326816 13701584 4
1493 165640 2484600 4141000 1
1494 82216 328864 3288640 2
1495 60057 240228 1201140 4
1496 113448 680688 2495856 2
1497 32471 909188 2695093 5
1498 125884 755304 3902404 1
1499 168968 3379360 12334664 4
1500 65464 1963920 2291240 3
1501 84636 846360 4654980 3
1502 165242 660968 6940164 2
1503 46000 552000 1656000 1
1504 20562 328992 781356 3
1505 5427 32562 135675 2
1506 110644 1659660 2987388 3
1507 94121 1129452 6211986 3
1508 54733 547330 766262 3
1509 103746 1452444 1867428 2
1510 99431 397724 4474395 1
1511 186722 2987552 6348548 3
1512 67785 406710 2846970 5
1513 12367 37101 482313 2
1514 193217 579651 8308331 2
1515 78188 1172820 5551348 4
1516 47984 47984 1295568 2
1517 51682 620184 1343732 5
1518 178282 3743922 8379254 5
1519 188339 1506712 11677018 5
1520 111719 3351570 8043768 1
1521 117210 468840 5977710 3
1522 199685 3993700 4592755 1
1523 160171 320342 5926327 4
1524 196616 589848 11207112 5
1525 112503 1350036 1800048 3
1526 20324 182916 345508 3
1527 196867 984335 11615153 5
1528 28934 86802 665482 5
1529 114340 343020 5145300 4
1530 107982 1079820 1403766 1
1531 99919 1199028 5195788 3
1532 120285 962280 5051970 2
1533 177358 0 3724518 4
1534 26974 0 620402 5
1535 30063 120252 1022142 5
1536 102630 821040 5849910 2
1537 46326 46326 880194 4
1538 139175 1670100 3201025 5
1539 16898 236572 1182860 1
1540 155748 1868976 6074172 1
1541 97674 390696 3418590 2
1542 130150 4164800 11062750 5
1543 183656 367312 10468392 1
1544 179517 897585 3051789 5
1545 196377 3142032 13942767 3
1546 18898 113388 1058288 3
1547 118594 355782 1304534 3
1548 190515 381030 3429270 1
1549 133141 665705 2529679 1
1550 6083 182490 523138 5
1551 61409 122818 1535225 1
1552 174359 6102565 10984617 1
1553 193101 1351707 4248222 1
1554 74184 1186944 2225520 1
1555 113972 3419160 4102992 2
1556 20826 83304 937170 4
1557 135369 2165904 3790332 3
1558 76666 1379988 5366620 4
1559 182757 1096542 2375841 3
1560 80268 1284288 1444824 5
1561 77955 623640 1870920 2
1562 137659 275318 1927226 1
1563 155268 3105360 4347504 1
1564 55430 997740 2660640 2
1565 400 4800 17200 3
1566 206081 1648648 10097969 2
1567 136245 2724900 3406125 5
1568 117423 704538 4579497 2
1569 165648 2650368 4141200 3
1570 128343 1283430 6930522 4
1571 14773 236368 635239 3
1572 14792 73960 310632 4
1573 201476 7051660 13901844 1
1574 181659 2724885 11626176 4
1575 232 4872 14848 2
1576 58031 870465 1044558 5
1577 142843 2856860 3142546 3
1578 38103 914472 2781519 4
1579 35615 641070 1709520 4
1580 109187 218374 6223659 2
1581 201738 605214 5043450 3
1582 27495 494910 1677195 3
1583 103352 620112 2067040 3
1584 100820 1209840 3629520 1
1585 58171 407197 756223 1
1586 75057 1801368 2101596 5
1587 114940 2413740 4597600 5
1588 176402 352804 7056080 4
1589 165466 992796 2481990 4
1590 10860 86880 152040 1
1591 38351 0 2224358 4
1592 144584 433752 3759184 5
1593 138221 1658652 3040862 1
1594 194375 1943750 5831250 4
1595 197955 3167280 13658895 1
1596 84886 1358176 6281564 4
1597 77975 0 1871400 1
1598 149881 2398096 4796192 4
1599 100081 1801458 3803078 1
1600 90782 907820 5991612 2
1601 88131 1233834 1498227 2
1602 26515 742420 1988625 4
1603 22676 113380 1269856 4
1604 206458 2477496 4335618 3
1605 155004 3255084 11470296 4
1606 111235 3337050 4226930 2
1607 36215 1158880 3114490 4
1608 94371 1415565 6700341 2
1609 180529 722116 9748566 2
1610 156494 2503904 9859122 5
1611 36031 1261085 1549333 5
1612 94881 284643 3510597 2
1613 12247 391904 416398 3
1614 116024 696144 6961440 5
1615 100731 604386 4532895 1
1616 23794 475880 785202 1
1617 48064 384512 1345792 4
1618 18663 298608 1250421 1
1619 140194 1962716 4205820 2
1620 79427 158854 2621091 2
1621 68418 342090 889434 1
1622 178829 3755409 11802714 4
1623 51394 719516 1541820 2
1624 40802 571228 1264862 5
1625 115736 4050760 9143144 2
1626 128132 4100224 9481768 3
1627 48606 0 486060 1
1628 4555 13665 186755 5
1629 87338 3493520 5676970 5
1630 99016 1782288 5346864 2
1631 7348 0 301268 1
1632 151716 4096332 4854912 1
1633 191574 0 10919718 1
1634 170527 7673715 10913728 2
1635 194069 3881380 9703450 2
1636 154702 2784636 3094040 4
1637 169957 8327893 10197420 5
1638 129577 518308 6997158 2
1639 182872 2925952 13532528 3
1640 82685 2976660 7855075 4
1641 99971 1799478 6698057 4
1642 190174 1141044 1711566 3
1643 162756 1953072 6184728 1
1644 47594 999474 2094136 4
1645 132314 4630990 6351072 2
1646 40171 482052 2289747 5
1647 195402 2344824 11137914 1
1648 134697 808182 2693940 2
1649 166730 2500950 6169010 1
1650 181810 1454480 5272490 3
1651 160024 3200480 7841176 4
1652 158953 476859 9378227 5
1653 4460 93660 223000 4
1654 50962 0 305772 2
1655 99720 1396080 3789360 5
1656 181450 362900 8528150 5
1657 142309 0 2988489 1
1658 24768 49536 1436544 1
1659 22367 1252552 2572205 3
1660 79178 1900272 5700816 4
1661 12842 77052 744836 4
1662 8246 148428 255626 1
1663 14525 305025 392175 2
1664 94801 2275224 6636070 5
1665 54366 271830 1522248 3
1666 160980 160980 6439200 1
1667 88091 880910 3347458 3
1668 204000 0 4896000 1
1669 26570 132850 903380 3
1670 36570 438840 2486760 1
1671 45971 1379130 3953506 5
1672 110145 440580 3965220 5
1673 63591 1526184 1653366 5
1674 102784 205568 4728064 5
1675 119438 2508198 3941454 3
1676 57131 1028358 4399087 3
1677 149849 1498490 4495470 1
1678 168444 4042656 11454192 2
1679 22910 320740 458200 3
1680 53373 320238 3362499 3
1681 100447 1506705 2912963 3
1682 170703 1707030 2219139 2
1683 64763 1942890 5634381 3
1684 29968 419552 599360 1
1685 204654 2046540 13916472 5
1686 178557 357114 9999192 4
1687 17249 206988 672711 5
1688 47769 1146456 2770602 3
1689 100514 804112 3719018 5
1690 198750 1788750 5763750 5
1691 72352 1736448 2821728 3
1692 26927 107708 1696401 4
1693 18518 277770 518504 5
1694 142189 568756 995323 1
1695 190634 4003314 6100288 2
1696 133822 535288 5219058 2
1697 124487 1867305 2240766 1
1698 15561 46683 684684 4
1699 188301 2259612 9979953 4
1700 150012 1200096 3150252 1
1701 109351 874808 6889113 2
1702 122196 122196 2321724 5
1703 185612 1670508 6867644 5
1704 33820 202920 304380 5
1705 158596 1903152 6819628 5
1706 85581 171162 4706955 2
1707 149310 1791720 7764120 4
1708 105921 2648025 6673023 3
1709 80578 1933872 2981386 3
1710 84514 1014168 5915980 4
1711 101500 5684000 9541000 1
1712 144684 868104 1302156 5
1713 110701 996309 2324721 5
1714 119224 1073016 2980600 2
1715 163183 3916392 9627797 3
1716 109994 659964 3739796 2
1717 116674 1166740 3150198 5
1718 60888 365328 3957720 5
1719 79292 792920 4440352 3
1720 158702 6665484 10633034 1
1721 155048 4651440 13644224 2
1722 11183 33549 525601 4
1723 46476 557712 3206844 5
1724 130514 391542 4698504 3
1725 93558 3368088 8326662 2
1726 204932 2459184 11476192 4
1727 33767 303903 1992253 2
1728 182085 2913360 6190890 3
1729 69732 1394640 1534104 1
1730 133512 400536 2670240 1
1731 154800 2167200 5263200 5
1732 84866 2715712 6789280 3
1733 17328 69312 866400 2
1734 78671 1888104 5585641 3
1735 108109 432436 5945995 5
1736 151210 1814520 9526230 3
1737 176542 2118504 4237008 5
1738 203031 609093 8730333 1
1739 146257 1023799 3363911 3
1740 58899 353394 3298344 3
1741 181131 4347144 6882978 5
1742 56481 225924 1016658 2
1743 169906 1359248 1868966 2
1744 19567 19567 704412 5
1745 34716 208296 1388640 3
1746 15197 60788 759850 1
1747 84467 253401 1013604 3
1748 35643 427716 1996008 1
1749 109202 1747232 4477282 5
1750 82790 827900 1986960 5
1751 96646 1932920 2512796 3
1752 48503 1552096 4219761 3
1753 190919 954595 8782274 4
1754 171700 686800 10473700 3
1755 173061 5537952 12287331 2
1756 163534 3270680 8176700 3
1757 119650 4786000 5862850 1
1758 77456 154912 4105168 1
1759 50340 100680 3020400 3
1760 94791 1895820 5592669 1
1761 144185 1730220 2883700 4
1762 113389 907112 1927613 1
1763 78968 157936 1737296 3
1764 152138 760690 4716278 3
1765 53202 851232 1276848 3
1766 79027 1185405 5215782 3
1767 17542 315756 350840 2
1768 86117 516702 5511488 2
1769 108796 1631940 4787024 2
1770 180643 1445144 1987073 4
1771 76206 3657888 5563038 4
1772 28880 86640 1415120 5
1773 162122 972732 6322758 3
1774 182516 2190192 2372708 3
1775 57909 0 3127086 1
1776 67146 134292 604314 5
1777 159733 3833592 8306116 4
1778 140899 3381576 4649667 3
1779 57897 115794 2836953 1
1780 128617 5144680 12604466 1
1781 78160 156320 2579280 3
1782 206449 2477388 3716082 3
1783 93827 375308 5723447 5
1784 125143 2002288 6632579 2
1785 133445 0 4403685 4
1786 148647 3567528 6094527 2
1787 181263 3262734 8700624 3
1788 108850 4571700 6422150 4
1789 95304 1524864 4383984 5
1790 114152 684912 4223624 3
1791 147203 883218 6476932 4
1792 101801 203602 2646826 2
1793 3320 53120 56440 3
1794 125344 0 7395296 2
1795 7091 28364 432551 1
1796 206111 618333 9068884 5
1797 29364 176184 352368 3
1798 163316 4082900 11268804 4
1799 70706 424236 4595890 3
1800 127632 1914480 4339488 3
1801 70565 846780 2752035 2
1802 22540 225400 1172080 3
1803 105483 1687728 4430286 2
1804 152240 304480 2435840 4
1805 168821 1012926 1350568 4
1806 63189 252756 3475395 3
1807 104758 1466612 2409434 4
1808 2858 100030 142900 5
1809 170177 680708 9019381 5
1810 157261 0 2987959 1
1811 131819 4613665 8172778 2
1812 79302 1665342 2537664 1
1813 24535 441630 1349425 3
1814 201366 3020490 9866934 5
1815 204277 817108 4698371 1
1816 137672 4405504 7847304 5
1817 164299 657196 6407661 3
1818 135420 4739700 5958480 1
1819 1492 5968 92504 2
1820 142219 2559942 5973198 1
1821 3519 21114 165393 4
1822 157294 2202116 11325168 2
1823 54266 1302384 4015684 1
1824 103254 1032540 2891112 3
1825 118496 3791872 5924800 5
1826 41333 1735986 3099975 5
1827 204956 3689208 4713988 4
1828 66219 529752 3840702 4
1829 180614 5418420 8669472 3
1830 118289 0 3075514 4
1831 104616 4184640 5021568 4
1832 82630 2478900 6527770 4
1833 203190 3657420 11581830 4
1834 106513 639078 3727955 2
1835 33847 812328 1049257 4
1836 18595 297520 669420 4
1837 104011 832088 5928627 5
1838 61398 1105164 3192696 4
1839 13742 68710 288582 1
1840 137139 3291336 9462591 4
1841 184190 920950 2210280 2
1842 105618 1056180 1584270 2
1843 66242 794904 2649680 2
1844 122226 1222260 2077842 5
1845 205860 823440 3705480 4
1846 152117 3802925 6236797 3
1847 117550 1410600 4466900 2
1848 24720 98880 519120 3
1849 184032 4600800 5704992 4
1850 185687 2970992 6499045 1
1851 131050 2752050 7338800 2
1852 70021 1470441 1960588 4
1853 59038 354228 1416912 1
1854 165204 330408 4130100 1
1855 35254 70508 1410160 3
1856 37570 225420 826540 5
1857 148193 2371088 7557843 2
1858 12406 37218 86842 1
1859 86992 86992 1391872 4
1860 137976 827856 4553208 3
1861 105681 211362 317043 3
1862 51149 1227576 2915493 5
1863 142710 2568780 9561570 3
1864 171146 1026876 3422920 3
1865 46303 648242 2546665 5
1866 121067 1816005 8716824 5
1867 156743 940458 2821374 5
1868 170348 3577308 12094708 1
1869 118029 2832696 5075247 1
1870 30495 457425 1524750 5
1871 108320 758240 3682880 1
1872 114006 2736144 6042318 2
1873 199068 796272 8958060 2
1874 61734 370404 493872 2
1875 93324 2239776 6812652 3
1876 149409 2988180 4183452 5
1877 28770 575400 1726200 5
1878 128417 3082008 8732356 5
1879 1587 3174 26979 2
1880 92250 2583000 5258250 5
1881 164176 3447696 8208800 3
1882 103275 1858950 4234275 3
1883 159940 1599400 3358740 3
1884 155206 1862472 7605094 3
1885 103107 309321 5258457 3
1886 22795 547080 1709625 1
1887 76671 306684 536697 3
1888 68375 1641000 4444375 4
1889 123116 492464 4062828 5
1890 140059 2941239 3501475 4
1891 16265 390360 1187345 1
1892 52918 423344 3122162 3
1893 86179 2585370 2671549 2
1894 146397 2195955 7759041 2
1895 33424 701904 1403808 4
1896 197923 4750152 6135613 1
1897 175211 700844 1927321 2
1898 191786 1150716 6328938 5
1899 102240 817920 5929920 1
1900 57263 1202523 3836621 3
1901 19442 583260 913774 2
1902 39136 117408 547904 5
1903 36460 437520 2479280 5
1904 13961 349025 1033114 3
1905 26399 0 26399 3
1906 147738 886428 2659284 5
1907 109056 1744896 7306752 1
1908 76820 1152300 4532380 4
1909 24656 24656 394496 5
1910 16698 100188 818202 1
1911 136764 1641168 8342604 4
1912 90093 1351395 1711767 2
1913 41047 0 1682927 5
1914 170621 1194347 1364968 2
1915 105332 1053320 4529276 1
1916 1166 3498 58300 3
1917 88052 704416 5195068 3
1918 151828 1821936 7591400 1
1919 46159 646226 2631063 2
1920 55847 781858 2401421 1
1921 94710 1515360 4167240 3
1922 56881 853215 3185336 1
1923 57911 463288 3185105 4
1924 185547 4453128 13173837 5
1925 150298 4508940 9619072 4
1926 25837 310044 490903 4
1927 189763 2277156 7590520 5
1928 117142 3279976 3982828 2
1929 10058 20116 181044 4
1930 205528 822112 5754784 2
1931 32256 193536 322560 4
1932 102552 2461248 7178640 1
1933 40181 1004525 1125068 2
1934 91872 2204928 2480544 5
1935 70752 212256 283008 1
1936 206053 2472636 13805551 3
1937 110962 1775392 5659062 4
1938 42500 637500 1615000 4
1939 98113 3924520 6083006 5
1940 80673 968076 4759707 4
1941 102472 2049440 4303824 5
1942 177003 1062018 9558162 3
1943 13729 0 288309 2
1944 149151 2088114 4474530 3
1945 7362 36810 390186 1
1946 156774 2508384 11130954 5
1947 167413 1004478 2008956 2
1948 18432 184320 1105920 3
1949 159045 1590450 6838935 2
1950 171139 2738224 3936197 5
1951 87391 699128 2883903 4
1952 28221 253989 1890807 1
1953 52222 156666 417776 3
1954 138660 831960 6517020 1
1955 192871 578613 4628904 5
1956 190887 1527096 10498785 4
1957 147306 736530 2651508 4
1958 77954 2728390 7327676 2
1959 153573 4300044 7678650 4
1960 180138 1080828 7745934 2
1961 54966 1923810 5001906 4
1962 41006 0 164024 3
1963 206497 3716946 4336437 4
1964 114695 1376340 2752680 3
1965 186076 5582280 13583548 4
1966 16807 100842 806736 5
1967 115521 2772504 4043235 5
1968 158158 2846844 10754744 5
1969 196341 589023 4712184 5
1970 52338 785070 3768336 3
1971 30440 456600 882760 3
1972 165430 1323440 5128330 5
1973 22081 132486 242891 4
1974 156540 626160 2974260 3
1975 174790 1747900 3146220 2
1976 109838 0 4393520 4
1977 195015 1170090 7020540 3
1978 152355 1828260 3351810 3
1979 76363 1374534 3436335 2
1980 75819 75819 3260217 4
1981 151181 1814172 8466136 5
1982 200527 802108 4211067 2
1983 46426 742816 1067798 5
1984 193335 2900025 5220045 3
1985 177057 2832912 4249368 3
1986 67332 807984 2827944 2
1987 25899 103596 699273 5
1988 31785 254280 1493895 2
1989 43762 525144 2800768 5
1990 53947 431576 2373668 1
1991 175671 5270130 7729524 1
1992 36456 109368 364560 2
1993 185821 1486568 6132093 4
1994 120831 966648 4954071 2
1995 30184 301840 332024 4
1996 95693 765544 5071729 2
1997 53829 2583792 5221413 1
1998 4468 53616 183188 1
1999 13102 0 104816 3
2000 105230 210460 841840 5
2001 21568 107840 172544 2
2002 128968 1160712 5416656 5
2003 56249 393743 3599936 5
2004 56560 678720 3902640 3
2005 152110 2433760 10799810 1
2006 59765 239060 2211305 2
2007 99434 795472 1392076 5
2008 49871 1745485 2044711 4
2009 158519 2219266 11096330 5
2010 125846 3020304 8305836 4
2011 161056 2576896 10629696 1
2012 201503 1410521 1612024 3
2013 67837 678370 3459687 4
2014 141535 2123025 7501355 1
2015 21821 545525 1832964 4
2016 179275 717100 2689125 3
2017 166264 1662640 5320448 1
2018 157496 3779904 5512360 4
2019 149834 599336 9289708 1
2020 189431 378862 1326017 5
2021 10059 120708 442596 5
2022 94145 941450 3954090 2
2023 55632 556320 2837232 2
2024 36624 659232 1831200 2
2025 82612 1652240 6113288 3
2026 9238 27714 554280 5
2027 68115 1089840 1430415 2
2028 102313 818504 2967077 5
2029 158197 474591 3796728 3
2030 61799 1297779 2533759 1
2031 165489 1985868 11584230 1
2032 84029 1176406 2100725 5
2033 51051 204204 459459 4
2034 20070 240840 1143990 4
2035 131016 3144384 8778072 1
2036 2556 7668 132912 5
2037 11902 95216 166628 1
2038 119126 476504 1786890 1
2039 9326 74608 540908 3
2040 192982 1543856 5403496 1
2041 56558 848370 2036088 3
2042 195078 780312 9753900 4
2043 194598 7783920 13232664 2
2044 52313 470817 2772589 3
2045 147708 1329372 7237692 4
2046 204094 2449128 12041546 3
2047 51888 1245312 3839712 3
2048 27110 433760 1843480 3
2049 22242 133452 355872 3
2050 64233 0 2055456 3
2051 76362 3207204 5268978 1
2052 20721 186489 973887 4
2053 119090 238180 5835410 1
2054 66381 132762 1925049 5
2055 191924 1727316 4990024 5
2056 37068 889632 2891304 5
2057 80796 323184 484776 4
2058 128299 769794 1154691 5
2059 52774 105548 2797022 2
2060 38360 38360 2224880 1
2061 43182 690912 863640 4
2062 145541 873246 6694886 1
2063 36833 368330 773493 3
2064 56158 898528 2077846 4
2065 40199 321592 562786 5
2066 189716 4553184 11952108 2
2067 195487 0 10947272 1
2068 123406 1110654 6663924 4
2069 130070 520280 6633570 3
2070 148763 5950520 13983722 5
2071 31371 125484 1474437 1
2072 157694 2207716 2365410 1
2073 62738 250952 1631188 1
2074 144749 1736988 7092701 4
2075 80275 401375 4415125 4
2076 176572 3708012 10947464 4
2077 9840 137760 383760 2
2078 127950 1023600 2175150 1
2079 61022 488176 3722342 5
2080 116864 818048 3272192 3
2081 34403 550448 1685747 1
2082 5240 31440 136240 4
2083 181991 0 5459730 3
2084 23853 47706 166971 4
2085 158031 3160620 8849736 1
2086 50293 402344 2916994 2
2087 139571 1116568 9211686 4
2088 57308 916928 1661932 2
2089 13706 109648 685300 2
2090 188895 944475 1888950 4
2091 65272 1958160 5548120 3
2092 156952 4708560 6591984 4
2093 163775 982650 8516300 3
2094 20767 373806 830680 3
2095 106073 318219 5409723 2
2096 51821 207284 3057439 4
2097 79084 79084 237252 4
2098 15835 0 411710 2
2099 65096 1041536 2538744 1
2100 36729 550935 808038 3
2101 68654 137308 3913278 2
2102 57838 2082168 2602710 3
2103 202433 1619464 10324083 2
2104 95294 1715292 6479992 3
2105 54245 216980 325470 2
2106 82089 492534 4679073 3
2107 186352 1490816 11553824 4
2108 142411 5126796 13386634 3
2109 34984 349840 2169008 1
2110 132791 663955 1859074 2
2111 1947 31152 140184 2
2112 149633 2693394 3740825 5
2113 125277 5261634 6263850 4
2114 95795 1532720 5172930 1
2115 182154 910770 9289854 5
2116 85344 1365504 3157728 4
2117 7585 113775 402005 1
2118 204927 3073905 3483759 2
2119 177956 1423648 4448900 1
2120 151710 606840 4551300 1
2121 84601 1353616 4991459 1
2122 127631 5105240 10338111 2
2123 118715 949720 3086590 1
2124 196587 1179522 10419111 3
2125 18715 187150 1235190 4
2126 121268 1455216 5457060 3
2127 69694 1254492 3972558 2
2128 76400 305600 764000 4
2129 16477 115339 1054528 1
2130 138888 1666656 9166608 3
2131 65709 657090 3416868 3
2132 16256 292608 536448 2
2133 189060 1512480 4537440 3
2134 32278 968340 2001236 5
2135 171948 3095064 12208308 1
2136 101130 3033900 3741810 3
2137 198201 2774814 5946030 2
2138 147019 4704608 5439703 1
2139 45060 135180 2117820 5
2140 125935 3526180 6170815 4
2141 190948 10693088 21959020 3
2142 66037 792444 3830146 3
2143 8188 24564 327520 3
2144 146555 1025885 1172440 3
2145 72406 724060 2823834 2
2146 104005 520025 6656320 2
2147 35853 430236 752913 2
2148 128405 2696505 8603135 1
2149 204033 1224198 10813749 1
2150 79274 317096 3884426 3
2151 195611 3520998 4303442 5
2152 138523 4155690 6787627 5
2153 163762 5731670 13100960 1
2154 37923 227538 834306 3
2155 29193 29193 145965 5
2156 35940 251580 1725120 4
2157 44400 0 444000 4
2158 43817 394353 2979556 1
2159 199080 1592640 9157680 5
2160 117929 1179290 3537870 2
2161 113708 909664 3638656 4
2162 178439 535317 2319707 5
2163 105279 842232 2316138 4
2164 202243 4853832 5258318 3
2165 14399 201586 935935 3
2166 179727 8806623 16175430 1
2167 201060 2412720 6836040 2
2168 135869 815214 1358690 2
2169 66943 468601 535544 1
2170 2340 35100 51480 4
2171 204723 2456676 5527521 2
2172 61728 246912 3148128 3
2173 124947 749682 6872085 3
2174 8051 0 177122 4
2175 72791 72791 1819775 4
2176 2522 40352 63050 1
2177 180675 2710125 6504300 4
2178 111720 1564080 2457840 5
2179 194001 2328012 12804066 5
2180 182098 1456784 8740704 3
2181 91910 735280 5974150 1
2182 19733 355194 927451 4
2183 176141 1056846 10920742 3
2184 114325 685950 5373275 5
2185 70831 354155 1416620 5
2186 205077 4921848 14970621 5
2187 121084 1089756 7143956 4
2188 3359 50385 245207 2
2189 184287 737148 2580018 1
2190 155222 620888 5743214 3
2191 75454 301816 3621792 2
2192 45394 907880 2814428 1
2193 193312 2899680 11018784 2
2194 176904 530712 5837832 4
2195 6038 18114 60380 1
2196 201197 603591 4627531 2
2197 161584 1615840 7917616 2
2198 41978 0 1133406 1
2199 164839 4945170 14176154 5
2200 198313 1388191 11898780 3
2201 4873 233904 277761 4
2202 52648 315888 421184 4
2203 185751 2786265 4272273 1
2204 131084 5505528 10748888 2
2205 183416 550248 2017576 3
2206 192729 1156374 6552786 1
2207 57030 456240 1824960 5
2208 165975 1327800 8962650 2
2209 182224 1457792 3826704 5
2210 1840 51520 143520 4
2211 126659 0 7092904 1
2212 145951 437853 6567795 1
2213 50023 150069 2451127 5
2214 77861 778610 5060965 5
2215 14476 115808 173712 5
2216 71504 357520 3861216 5
2217 64290 385740 2635890 1
2218 109776 439104 1097760 3
2219 80329 2570528 2731186 1
2220 101498 3247936 5379394 5
2221 29280 878400 2196000 1
2222 59879 1077822 1616733 4
2223 81961 1967064 6802763 3
2224 175391 1403128 7892595 3
2225 70190 1403800 2526840 2
2226 80889 1294224 2184003 1
2227 164624 2963232 7243456 2
2228 159261 1911132 9714921 2
2229 16957 101742 644366 3
2230 189251 6813036 11544311 3
2231 14191 794696 1461673 4
2232 33051 132204 1652550 5
2233 206321 2475852 3920099 5
2234 120239 1803585 3727409 1
2235 170651 1023906 7679295 3
2236 9314 37256 65198 3
2237 78586 1886064 5893950 3
2238 62236 124472 1742608 4
2239 3485 31365 104550 1
2240 34325 34325 1956525 3
2241 81437 2035925 5782027 3
2242 205136 2871904 5948944 5
2243 8927 142832 660598 4
2244 119750 2874000 8741750 2
2245 14143 339432 806151 4
2246 69861 279444 349305 4
2247 188620 1320340 2829300 2
2248 120764 845348 1086876 1
2249 49412 296472 3211780 1
2250 159522 1276176 8933232 4
2251 183262 1649358 5681122 1
2252 76097 3652656 6848730 5
2253 162319 162319 973914 3
2254 93278 93278 3544564 2
2255 134435 806610 1613220 2
2256 161345 2581520 10487425 1
2257 102780 205560 3905640 5
2258 198854 596562 6363328 3
2259 153156 0 3675744 2
2260 81674 81674 1306784 5
2261 169000 2028000 8281000 2
2262 202747 1216482 2635711 3
2263 154424 1235392 8956592 4
2264 184105 368210 1104630 5
2265 1793 53790 155991 1
2266 149400 1494000 4930200 4
2267 190264 2663696 4566336 3
2268 8412 75708 84120 5
2269 72523 1305414 4496426 5
2270 5316 21264 212640 3
2271 151367 1816404 2724606 2
2272 24098 385568 1590468 4
2273 170031 2550465 8841612 1
2274 193481 1934810 12769746 4
2275 81036 648288 5429412 3
2276 110171 661026 5508550 5
2277 141682 2125230 6800736 5
2278 179212 1612908 10394296 1
2279 178359 535077 9988104 2
2280 114814 1148140 3788862 3
2281 36758 73516 1727626 3
2282 123387 1850805 3208062 4
2283 6060 169680 284820 4
2284 190604 9148992 18297984 1
2285 171533 2058396 4288325 3
2286 188963 2267556 7936446 2
2287 16303 65212 929271 4
2288 73277 1758648 1978479 2
2289 98384 1770912 4624048 5
2290 147331 4714592 11344487 4
2291 176558 1059348 9357574 4
2292 101239 911151 2733453 2
2293 47912 191648 2203952 1
2294 171812 1546308 8418788 1
2295 73745 2212350 3539760 4
2296 64321 1029136 3216050 3
2297 79596 1432728 2149092 5
2298 9857 19714 108427 4
2299 102116 612696 1633856 4
2300 206092 1030460 9068048 5
2301 138379 4151370 11070320 5
2302 104841 1258092 7338870 5
2303 113871 1366452 4782582 4
2304 64660 517280 4008920 2
2305 177063 7436646 16820985 5
2306 40152 963648 1766688 4
2307 153434 306868 3375548 1
2308 26240 1259520 2676480 2
2309 62799 502392 3328347 1
2310 70005 1680120 5110365 1
2311 72483 434898 1087245 3
2312 193998 3491964 3879960 2
2313 45225 90450 2261250 4
2314 178882 357764 6081988 3
2315 70312 1124992 5203088 3
2316 99683 1594928 3189856 1
2317 161207 2579312 7254315 1
2318 40765 0 163060 3
2319 181805 545415 2181660 2
2320 44211 353688 2785293 2
2321 189095 189095 10589320 2
2322 58294 699528 2506642 2
2323 119963 1439556 8397410 5
2324 72967 875604 4742855 5
2325 105091 2206911 4518913 3
2326 116462 2795088 7802954 2
2327 172758 2764128 10538238 1
2328 67080 402480 804960 2
2329 54309 325854 1249107 1
2330 131988 527952 6203436 5
2331 80826 969912 3233040 1
2332 140531 0 3091682 3
2333 128774 2704254 4378316 2
2334 188025 11845575 20682750 5
2335 129373 905611 7374261 2
2336 154895 1548950 2633215 2
2337 85189 1533402 3663127 2
2338 106267 1700272 7970025 1
2339 42986 515832 1633468 1
2340 55497 277485 1498419 4
2341 190065 4561560 9503250 2
2342 88314 2207850 5740410 4
2343 63515 2223025 5525805 1
2344 140895 1268055 1408950 4
2345 69990 2099700 5599200 2
2346 46087 184348 2027828 1
2347 161376 806880 5002656 2
2348 137195 0 4801825 1
2349 200614 802456 12237454 5
2350 15713 219982 298547 1
2351 167320 3513720 6358160 4
2352 106510 3195300 7881740 3
2353 27116 759248 1355800 1
2354 69701 1394020 2997143 2
2355 24267 97068 849345 1
2356 62166 248664 1740648 5
2357 32135 289215 482025 3
2358 63773 1913190 5612024 3
2359 34544 483616 759968 2
2360 145265 2324240 9296960 3
2361 26571 132855 1355121 1
2362 160403 7699344 17002718 4
2363 39535 1937215 3400010 2
2364 104740 418960 3142200 4
2365 94451 472255 4250295 5
2366 748 5236 49368 3
2367 113069 4522760 7688692 2
2368 184617 553851 1476936 5
2369 66164 529312 2646560 2
2370 201982 1615856 13532794 4
2371 125292 5011680 9772776 1
2372 34040 1361600 3199760 1
2373 53650 1716800 4721200 4
2374 169315 4740820 7619175 2
2375 205314 2874396 12729468 4
2376 136505 0 3412625 5
2377 132210 5552820 8197020 1
2378 128566 3085584 6942564 3
2379 196114 1176684 11178498 3
2380 169800 339600 10188000 4
2381 203903 4281963 4689769 5
2382 156436 312872 6257440 1
2383 87103 435515 4877768 3
2384 200450 3006750 6213950 1
2385 78678 2360340 7002342 5
2386 31821 95463 859167 3
2387 197002 2364024 13790140 5
2388 105282 631692 1263384 2
2389 172138 344276 3270622 5
2390 62968 1007488 2266848 4
2391 12528 187920 388368 1
2392 40748 162992 2567124 3
2393 198866 4971650 16108146 1
2394 164172 2626752 11820384 5
2395 94355 1887100 4057265 2
2396 123759 247518 4702842 3
2397 41928 0 1760976 1
2398 166079 2657264 9134345 4
2399 110204 2204080 2755100 3
2400 127246 3053904 7253022 4
2401 32144 192864 610736 2
2402 168783 675132 8776716 4
2403 124066 7816158 13771326 2
2404 155287 310574 5900906 4
2405 42153 295071 1222437 2
2406 85182 1362912 2129550 3
2407 102323 0 4809181 3
2408 132344 794064 6881888 3
2409 97289 2334936 3988849 3
2410 33949 712929 2512226 4
2411 164405 657620 9864300 1
2412 185014 2220168 6475490 3
2413 198130 990650 2971950 1
2414 185991 2231892 11903424 5
2415 170512 852560 1193584 1
2416 9760 146400 409920 3
2417 39770 1193100 1789650 4
2418 142276 1422760 7540628 2
2419 37261 670698 1266874 1
2420 53353 1333825 3574651 3
2421 191799 1534392 4794975 4
2422 36135 578160 2529450 2
2423 123889 1982224 2477780 4
2424 164151 3283020 6401889 5
2425 180058 2160696 12243944 3
2426 197675 2372100 2767450 5
2427 155182 3724368 11949014 4
2428 84299 0 842990 4
2429 155083 930498 2636411 2
2430 60339 1448136 2654916 5
2431 200610 1203660 10231110 2
2432 39349 275443 1101772 1
2433 45841 0 504251 2
2434 63142 189426 1325982 3
2435 128341 2310138 3721889 5
2436 175651 4215624 8782550 2
2437 21861 306054 808857 1
2438 112688 4732896 8338912 3
2439 98932 791456 1385048 2
2440 71225 284900 1566950 3
2441 111832 3914120 9617552 2
2442 135068 270136 4322176 4
2443 51693 620316 672009 4
2444 160943 2414145 4667347 2
2445 105023 1260276 4095897 2
2446 107558 1290696 3011624 2
2447 125725 1508700 3268850 5
2448 111374 1336488 1447862 5
2449 21001 126006 1113053 5
2450 35250 105750 528750 3
2451 938 37520 76916 2
2452 157686 630744 7095870 1
2453 143228 429684 2148420 1
2454 50 300 550 1
2455 21425 514200 1264075 2
2456 11035 529680 1004185 5
2457 29458 235664 1413984 1
2458 166190 5816650 9140450 2
2459 104615 2615375 3661525 1
2460 149269 1194152 5672222 1
2461 41576 166304 1579888 2
2462 14531 261558 1017170 1
2463 92860 742880 5478740 3
2464 205298 2463576 11907284 1
2465 48922 391376 1271972 1
2466 2301 18408 23010 1
2467 37203 1190496 2641413 4
2468 1735 97160 192585 4
2469 205972 3295552 13388180 3
2470 117819 1060371 5537493 2
2471 49623 1042083 2778888 3
2472 107171 107171 2143420 3
2473 104427 104427 939843 2
2474 68220 1091520 3138120 1
2475 186787 2241444 11207220 5
2476 184058 736232 2760870 2
2477 182843 0 365686 3
2478 164436 2630976 3124284 5
2479 173686 4863208 14242252 1
2480 99458 1591328 3481030 2
2481 118550 711300 4386350 2
2482 130450 1565400 3130800 1
2483 49921 399368 549131 3
2484 157214 2358210 10061696 2
2485 175681 702724 7378602 4
2486 69560 278240 626040 3
2487 85672 3426880 7196448 1
2488 33226 232582 1262588 3
2489 4104 65664 127224 1
2490 330 4950 16170 4
2491 103344 413376 5683920 5
2492 5334 53340 245364 3
2493 195040 585120 5071040 1
2494 36732 110196 220392 3
2495 162796 3907104 10744536 4
2496 100166 1802988 4707802 1
2497 8737 34948 323269 2
2498 163137 3425877 11582727 3
2499 195461 4104681 13291348 1
2500 145185 1451850 1887405 3
2501 202653 4863672 16820199 4
2502 109710 329130 2303910 1
2503 136209 136209 1362090 4
2504 111762 223524 5476338 1
2505 2287 13722 77758 4
2506 127728 2299104 7919136 4
2507 16919 33838 439894 5
2508 163104 489312 6034848 3
2509 151335 4540050 9988110 5
2510 44023 88046 2333219 5
2511 139477 1952678 9344959 2
2512 127887 895209 3197175 2
2513 15269 229035 595491 5
2514 162557 1950684 5364381 1
2515 19734 78936 236808 1
2516 150533 1204264 5419188 4
2517 27814 333768 1251630 2
2518 91425 2194200 5851200 2
2519 125939 503756 6171011 1
2520 134797 808782 6874647 4
2521 48799 439191 2732744 2
2522 188842 377684 8120206 4
2523 25226 201808 1135170 1
2524 16955 135640 949480 4
2525 119653 1076877 4786120 5
2526 149016 2682288 8195880 3
2527 123338 740028 4193492 4
2528 135299 405897 3247176 2
2529 151350 151350 5902650 2
2530 94840 284520 4931680 1
2531 142644 2852880 10698300 1
2532 110931 1996758 6323067 1
2533 141463 424389 8204854 3
2534 82646 495876 4545530 4
2535 100532 1206384 5328196 5
2536 110314 2647536 3309420 4
2537 22533 67599 315462 5
2538 62915 2516600 3649070 1
2539 246 2952 13284 2
2540 183261 1832610 7147179 5
2541 142086 2273376 8809332 2
2542 118446 6632976 8409666 3
2543 60002 360012 840028 5
2544 158020 474060 9165160 4
2545 62514 1562850 5001120 5
2546 151566 909396 7881432 2
2547 43096 430960 2801240 1
2548 154745 0 2011685 2
2549 43746 349968 2318538 3
2550 156050 1248400 2652850 4
2551 150006 300012 7200288 4
2552 87989 527934 3783527 1
2553 95885 1150620 4986020 2
2554 72550 435300 4207900 5
2555 152741 916446 7637050 3
2556 182975 1463800 5306275 4
2557 133886 1606632 6292642 3
2558 58192 0 1338416 4
2559 15210 273780 532350 1
2560 146167 1754004 8185352 4
2561 111453 1783248 6575727 4
2562 42229 211145 2238137 4
2563 22176 199584 931392 3
2564 59864 1676192 4848984 1
2565 26102 78306 287122 5
2566 14493 28986 434790 4
2567 129684 1815576 5187360 5
2568 15764 220696 1071952 1
2569 21642 259704 800754 5
2570 109045 2289945 2835170 5
2571 50510 404080 1060710 4
2572 181049 0 1629441 4
2573 158495 1267960 9826690 4
2574 138397 691985 8165423 5
2575 10305 185490 422505 4
2576 142126 1705512 2700394 3
2577 54826 383782 1589954 3
2578 175246 1752460 2803936 5
2579 18155 363100 1397935 4
2580 79182 791820 5067648 1
2581 160069 3201380 11204830 3
2582 78030 780300 936360 3
2583 150752 4221056 12060160 1
2584 79643 238929 4539651 3
2585 27897 27897 530043 5
2586 131263 787578 1706419 1
2587 127788 511152 1789032 2
2588 138379 1660548 3182717 1
2589 14324 0 630256 3
2590 107530 645180 1612950 3
2591 58910 176730 1296020 4
2592 76922 230766 692298 2
2593 173022 519066 3460440 3
2594 29273 702552 1756380 5
2595 5530 44240 237790 1
2596 154094 770470 4622820 3
2597 96600 1545600 2028600 3
2598 175769 4394225 12303830 2
2599 15820 221480 933380 1
2600 136082 816492 5307198 4
2601 1013 1013 31403 1
2602 116777 350331 4320749 3
2603 56363 225452 2367246 5
2604 189347 1514776 10035391 1
2605 84342 1349472 2024208 5
2606 145091 3482184 5513458 1
2607 63653 1145754 2546120 1
2608 30749 276741 522733 1
2609 9000 288000 657000 2
2610 65387 523096 1569288 2
2611 91866 275598 5236362 4
2612 154206 0 7247682 1
2613 206157 2473884 12163263 4
2614 141103 1128824 1693236 1
2615 93669 1405035 1967049 1
2616 102310 1227720 5013190 3
2617 126013 1764182 3402351 1
2618 199166 1593328 6572478 5
2619 31666 474990 601654 1
2620 24997 349958 499940 5
2621 76502 1836048 4284112 1
2622 80403 321612 4824180 4
2623 153006 2295090 7803306 1
2624 184106 2761590 3866226 2
2625 101185 101185 1113035 5
2626 36492 218952 1167744 3
2627 46464 92928 2044416 2
2628 22463 314482 1055761 2
2629 87047 261141 5396914 2
2630 187619 3001904 4127618 4
2631 188042 0 188042 1
2632 101536 2436864 7615200 3
2633 190059 3801180 4181298 2
2634 77480 0 2556840 3
2635 158699 2221786 8569746 3
2636 37818 302544 831996 4
2637 68664 617976 1098624 1
2638 133824 1605888 9100032 1
2639 175921 2462894 10555260 1
2640 127077 762462 4193541 4
2641 49382 395056 2617246 3
2642 128938 902566 2063008 3
2643 148087 4738784 10218003 5
2644 172738 1036428 8809638 2
2645 21078 590184 1833786 2
2646 177999 533997 6585963 4
2647 85438 3075768 4357338 5
2648 90238 451190 2797378 5
2649 70020 560160 1750500 3
2650 166219 5319008 6981198 3
2651 111954 0 783678 3
2652 29549 118196 472784 1
2653 4693 75088 333203 5
2654 57280 1374720 2004800 2
2655 131204 393612 8134648 2
2656 37014 148056 629238 3
2657 53742 967356 2525874 2
2658 197097 788388 10643238 1
2659 124127 2979048 8192382 5
2660 54085 162255 3299185 3
2661 111018 666108 2553414 5
2662 3298 16490 168198 3
2663 92002 552012 5796126 4
2664 194301 0 10880856 5
2665 187155 2245860 11790765 5
2666 170818 341636 2220634 4
2667 166025 332050 4814725 2
2668 88052 352208 5195068 3
2669 120866 1450392 5922434 5
2670 197952 395904 10689408 5
2671 53291 1492148 3144169 4
2672 187877 6763572 15593791 1
2673 164623 164623 2963214 3
2674 200743 802972 4416346 1
2675 15859 95154 824668 1
2676 138690 1386900 1664280 5
2677 172230 172230 5166900 1
2678 65059 390354 2407183 1
2679 142725 856350 7421700 1
2680 165904 995424 5308928 3
2681 14929 89574 776308 4
2682 55108 440864 1708348 1
2683 187039 1683351 9351950 1
2684 13427 26854 496799 5
2685 188125 1128750 3386250 1
2686 53064 371448 2706264 2
2687 82346 658768 5517182 3
2688 131680 0 3950400 4
2689 68606 823272 1577938 1
2690 192641 577923 11943742 3
2691 86509 1038108 1297635 4
2692 117240 2110320 6682680 4
2693 85619 171238 3253522 5
2694 145344 0 4651008 2
2695 200142 4803408 14410224 2
2696 189473 3978933 4926298 5
2697 120279 1804185 4570602 4
2698 115858 926864 4286746 2
2699 25033 150198 375495 3
2700 154749 1083243 6963705 4
2701 189581 1137486 3222877 5
2702 16673 0 266768 5
2703 196875 6890625 9253125 1
2704 50459 201836 3128458 2
2705 37372 1195904 1270648 1
2706 153314 3679536 4139478 1
2707 31286 125144 1314012 5
2708 91184 547104 2097232 5
2709 4021 32168 205071 3
2710 4357 17428 243992 4
2711 124906 499624 2123402 3
2712 158648 3807552 12215896 3
2713 48718 243590 389744 1
2714 86214 1379424 5517696 4
2715 140581 5904402 6888469 1
2716 21299 340784 447279 4
2717 34933 838392 1257588 2
2718 70073 560584 1331387 1
2719 151198 2721564 3628752 1
2720 99990 2399760 6699330 3
2721 73298 219894 1612556 1
2722 129733 1297330 4540655 3
2723 142070 4262100 6109010 1
2724 141712 0 2834240 1
2725 86011 344044 516066 4
2726 151458 302916 2271870 4
2727 170317 3065706 9878386 1
2728 36824 589184 1988496 2
2729 182583 5112324 13876308 4
2730 157772 631088 1893264 3
2731 139597 2791940 6142268 5
2732 57576 1612128 2590920 4
2733 30434 426076 1552134 2
2734 202990 4262790 7510630 1
2735 196000 1568000 4116000 5
2736 80879 1941096 5257135 5
2737 19996 99980 639872 1
2738 92407 2217768 4343129 2
2739 159942 319884 3518724 3
2740 103516 1552740 2898448 3
2741 100049 2101029 7803822 3
2742 20069 240828 602070 5
2743 154097 0 7704850 3
2744 166820 3002760 4003680 2
2745 60883 182649 3105033 2
2746 107113 0 4284520 5
2747 119083 714498 6073233 4
2748 22167 465507 908847 5
2749 101634 2439216 3353922 2
2750 119720 0 3232440 5
2751 72973 291892 2918920 3
2752 34672 346720 589424 1
2753 57681 692172 4095351 2
2754 113060 904480 2261200 1
2755 75448 1810752 5884944 3
2756 201683 1210098 2218513 4
2757 185405 5932960 15388615 4
2758 97629 1171548 6541143 1
2759 69129 345645 2488644 2
2760 99652 1195824 3687124 4
2761 50851 101702 3000209 2
2762 135175 1081400 4325600 5
2763 118124 472496 3071224 2
2764 42472 509664 891912 5
2765 204597 409194 9616059 5
2766 203174 3250784 8126960 3
2767 131939 1583268 2374902 3
2768 135556 1626672 7455580 1
2769 32052 256416 1570548 1
2770 5836 105048 320980 2
2771 206171 824684 12370260 2
2772 175672 5270160 9134944 5
2773 170665 1023990 8703915 4
2774 178458 178458 9993648 5
2775 60266 361596 1566916 1
2776 203268 406536 10773204 2
2777 30490 853720 1859890 5
2778 192485 769940 2502305 5
2779 191006 1528048 4393138 4
2780 156346 1094422 7191916 1
2781 24428 488560 952692 1
2782 169509 2712144 4407234 5
2783 70494 1057410 2537784 5
2784 181225 1087350 3986950 4
2785 55517 444136 2609299 3
2786 24779 792928 867265 3
2787 32290 258320 1130150 2
2788 88410 2210250 6188700 3
2789 175225 2628375 7534675 4
2790 30068 481088 2255100 3
2791 93058 558348 1023638 2
2792 84722 2965270 4490266 4
2793 39107 312856 508391 2
2794 110682 1992276 6972966 2
2795 166073 332146 6975066 5
2796 148608 891648 6835968 3
2797 56037 168111 2633739 1
2798 108466 650796 1518524 5
2799 80677 0 4356558 1
2800 114092 1369104 8100532 1
2801 112876 225752 4966544 1
2802 72090 648810 3532410 5
2803 123291 739746 3575439 3
2804 202725 810900 1013625 5
2805 192719 6745165 12912173 1
2806 189146 1513168 9835592 1
2807 11904 285696 630912 1
2808 127797 383391 6389850 3
2809 6270 94050 137940 5
2810 107078 856624 2784028 4
2811 15185 273330 637770 5
2812 76967 461802 1231472 3
2813 197165 1182990 11632735 2
2814 96058 2689624 8164930 2
2815 160420 1925040 5454280 1
2816 183599 2203188 10465143 3
2817 153572 5528592 7217884 1
2818 10753 322590 870993 1
2819 194518 778072 9920418 5
2820 83922 4028256 4699632 1
2821 190626 4575024 10293804 5
2822 150574 2409184 2559758 5
2823 41414 662624 911108 3
2824 159457 3189140 10045791 3
2825 73588 735880 4415280 1
2826 198209 5946270 13676421 5
2827 12435 298440 373050 5
2828 23792 71376 523424 1
2829 189538 568614 9287362 1
2830 86967 0 4174416 4
2831 10934 174944 382690 2
2832 36949 147796 1034572 5
2833 96665 2899950 3189945 1
2834 170133 1020798 1871463 4
2835 153622 2765196 7373856 1
2836 47783 1194575 2245801 1
2837 8051 338142 531366 3
2838 62157 124314 1180983 2
2839 142691 2140365 7134550 1
2840 74747 2092916 2466651 5
2841 65977 659770 791724 1
2842 19593 156744 685755 1
2843 1332 7992 75924 5
2844 165623 3974952 10599872 4
2845 199011 4776264 9353517 4
2846 151989 2279835 9119340 1
2847 16898 152082 1132166 4
2848 10640 63840 478800 1
2849 80354 401770 2812390 5
2850 9200 55200 257600 5
2851 111394 1670910 4010184 1
2852 187778 187778 3943338 2
2853 139540 837240 4883900 5
2854 12124 96992 387968 3
2855 180517 2707755 8664816 4
2856 202117 3638106 8691031 5
2857 191271 382542 4399233 1
2858 116878 701268 4675120 2
2859 192410 2693740 10197730 1
2860 16876 675040 1518840 3
2861 102742 1232904 3390486 2
2862 57485 114970 804790 4
2863 39 156 1287 5
2864 71749 1434980 4591936 3
2865 80713 403565 2582816 5
2866 153353 1073471 10121298 3
2867 68830 1032450 4267460 2
2868 128906 3609368 4769522 5
2869 76950 923400 2924100 1
2870 156612 4698360 5951256 5
2871 65530 1376130 2424610 1
2872 40813 734634 2897723 4
2873 58677 938832 2699142 3
2874 149555 897330 1345995 5
2875 189399 0 1136394 3
2876 28504 285040 1282680 4
2877 130019 3250475 7541102 1
2878 23772 713160 1568952 5
2879 28292 141460 1046804 4
2880 81875 245625 2701875 1
2881 78324 78324 548268 4
2882 108421 0 3903156 2
2883 150227 150227 2253405 2
2884 183089 1098534 2929424 4
2885 32617 652340 1467765 4
2886 173331 2079972 10746522 3
2887 104077 1665232 7181313 1
2888 178303 534909 891515 1
2889 186281 5960992 16765290 5
2890 132806 1859284 3187344 4
2891 182371 3282678 6565356 3
2892 141988 4543616 5253556 2
2893 188690 1132140 3396420 3
2894 37352 336168 1307320 4
2895 61019 183057 1342418 4
2896 14359 301539 502565 5
2897 58416 175248 2570304 4
2898 51295 1795325 3795830 5
2899 80135 240405 4407425 1
2900 76202 533414 3048080 4
2901 86553 0 5106627 3
2902 154061 616244 2773098 5
2903 197062 788248 6108922 1
2904 160961 6760362 8691894 2
2905 59850 1197000 2513700 5
2906 135627 3390675 4882572 3
2907 53709 0 3115122 3
2908 144589 3036369 10554997 3
2909 130406 2086496 3781774 5
2910 60707 728484 1214140 1
2911 187725 938625 7321275 5
2912 98728 493640 4541488 3
2913 126459 126459 5184819 3
2914 137215 4802525 7684040 4
2915 94610 189220 3595180 2
2916 28195 676680 1099605 5
2917 54593 436744 600523 5
2918 49069 1177656 2993209 2
2919 179479 717916 5025412 2
2920 131968 2111488 9105792 2
2921 106966 427864 3636844 4
2922 99566 896094 4878734 5
2923 148772 595088 6992284 5
2924 134857 0 2966854 5
2925 134247 3758916 7115091 4
2926 161634 1939608 5657190 3
2927 97130 388520 5730670 3
2928 98360 196720 3737680 5
2929 100714 1611424 4632844 3
2930 81225 568575 4711050 5
2931 171709 1373672 7383487 2
2932 91123 364492 5558503 1
2933 99850 798800 1797300 4
2934 197523 2370276 4543029 1
2935 69257 554056 3393593 5
2936 47077 282462 847386 3
2937 81544 244632 3343304 5
2938 1698 27168 61128 2
2939 82304 987648 4444416 2
2940 168811 2532165 12323203 1
2941 99249 0 2778972 4
2942 179009 1432072 3759189 3
2943 166494 0 6992748 2
2944 76330 1221280 4427140 1
2945 173111 692444 6231996 3
2946 165721 3977304 11766191 3
2947 4261 12783 255660 3
2948 77672 3106880 6213760 1
2949 112132 4036752 10540408 3
2950 119476 597380 4540088 5
2951 173312 2079744 10745344 5
2952 122002 1464024 7930130 3
2953 111935 1790960 7947385 5
2954 197584 4742016 8100944 2
2955 142843 1142744 7856365 2
2956 96863 2421575 2712164 3
2957 199901 1999010 9995050 2
2958 136996 684980 5479840 1
2959 2796 55920 92268 3
2960 13472 80832 579296 1
2961 72913 2333216 3281085 3
2962 121029 2178522 5567334 5
2963 205951 4324971 14416570 2
2964 98802 0 197604 1
2965 126753 760518 5577132 3
2966 124743 1496916 2245374 1
2967 28197 422955 902304 4
2968 2063 2063 30945 1
2969 65102 325510 651020 5
2970 18875 226500 1189125 5
2971 95270 952700 4001340 2
2972 90534 2897088 2987622 3
2973 148492 148492 1484920 2
2974 18105 271575 615570 3
2975 116700 2450700 3384300 4
2976 23404 280848 959564 3
2977 28346 113384 708650 1
2978 36982 147928 887568 3
2979 104534 836272 6899244 5
2980 158081 1264648 10591427 5
2981 56417 225668 2031012 5
2982 157573 1260584 8508942 4
2983 29583 532494 1863729 1
2984 46559 651826 3026335 2
2985 188371 941855 6781356 5
2986 36912 332208 1993248 5
2987 78000 936000 2262000 1
2988 105456 843648 1265472 4
2989 42396 381564 2162196 4
2990 70513 423078 1833338 1
2991 88283 176566 2736773 4
2992 15242 274356 792584 4
2993 115792 2779008 5558016 2
2994 135278 6628622 12851410 3
2995 176648 1413184 6006032 2
2996 182538 5841216 10222128 5
2997 186336 3354048 7080768 5
2998 143756 3018876 9775408 3
2999 128982 4514370 8512812 1
3000 92863 557178 2693027 1
3001 83033 664264 996396 3
3002 187025 1122150 3740500 2
3003 78414 1881936 3293388 5
3004 113010 1130100 1469130 5
3005 165837 1492533 4975110 4
3006 198299 4759176 9121754 2
3007 30665 1226600 2790515 3
3008 42172 1265160 1982084 3
3009 85896 0 4638384 2
3010 17350 208200 711350 1
3011 2098 4196 62940 5
3012 111360 1781760 4565760 1
3013 183250 4398000 6413750 2
3014 174970 1749700 6648860 4
3015 146402 3513648 6002482 1
3016 179411 3229398 8073495 1
3017 191887 3453966 5564723 3
3018 96395 867555 6362070 3
3019 38570 1079960 2468480 4
3020 66913 802956 4081693 3
3021 164042 1312336 5741470 1
3022 46096 46096 691440 1
3023 149912 2248680 7495600 5
3024 2060 12360 129780 5
3025 28133 450128 731458 4
3026 26692 53384 1414676 3
3027 10846 347072 672452 5
3028 184239 368478 3132063 5
3029 179313 1434504 1613817 3
3030 66613 66613 2531294 2
3031 158737 3174740 3809688 2
3032 11349 226980 885222 5
3033 109774 109774 2195480 2
3034 155849 4675470 9974336 4
3035 132902 4252864 10233454 1
3036 117426 2113668 7984968 4
3037 205531 8221240 19936507 1
3038 131197 524788 1049576 1
3039 22174 66522 997830 2
3040 100235 1804230 5011750 2
3041 26756 321072 535120 4
3042 193392 1160352 9089424 5
3043 179228 2867648 12904416 3
3044 32119 513904 1284760 2
3045 144915 2318640 6086430 5
3046 3391 108512 172941 2
3047 69379 1110064 3052676 3
3048 194551 778204 6420183 4
3049 149386 2688948 4481580 2
3050 1595 3190 7975 1
3051 190991 763964 4965766 3
3052 24245 290940 1260740 2
3053 160364 6414560 10263296 1
3054 66512 1064192 1396752 2
3055 132364 1588368 6485836 2
3056 3506 42072 161276 4
3057 181249 2899984 5074972 5
3058 201986 1211916 4645678 4
3059 199217 0 5179642 3
3060 47826 573912 1147824 1
3061 118673 593365 1305403 5
3062 178543 2499602 4285032 5
3063 134164 1878296 6171544 3
3064 135726 135726 5429040 4
3065 88858 266574 1777160 2
3066 131149 1180341 8131238 1
3067 82910 1160740 4228410 4
3068 11012 66072 506552 4
3069 75126 901512 4282182 1
3070 31574 568332 789350 3
3071 26976 755328 2212032 4
3072 12782 38346 715792 3
3073 191718 1533744 3834360 1
3074 187700 750800 8071100 2
3075 197386 3158176 3947720 2
3076 152934 458802 5199756 2
3077 30560 458400 1864160 4
3078 22052 110260 749768 3
3079 192015 4608360 5184405 3
3080 156006 2496096 8892342 2
3081 144000 4608000 6912000 2
3082 14460 144600 491640 5
3083 73235 585880 1025290 1
3084 168377 4041048 6229949 5
3085 35965 719300 935090 2
3086 82944 2322432 3400704 5
3087 199666 399332 9983300 2
3088 152494 304988 9302134 3
3089 6223 43561 62230 4
3090 147706 1772472 6794476 2
3091 22099 110495 176792 4
3092 44126 1412032 3221198 3
3093 183878 1103268 10113290 1
3094 77901 0 1558020 1
3095 56511 1356264 2995083 5
3096 79081 1186215 5693832 4
3097 57654 922464 1326042 5
3098 128167 1922505 8330855 3
3099 170288 1532592 6300656 3
3100 39771 397710 1312443 2
3101 72518 870216 1885468 5
3102 134126 3219024 4157906 4
3103 181936 1455488 5094208 4
3104 174377 1395016 7846965 1
3105 47430 853740 1565190 3
3106 134974 1889636 6073830 4
3107 99116 198232 1585856 4
3108 64477 64477 967155 1
3109 172762 2073144 9501910 5
3110 143868 2589624 5179248 5
3111 100367 3512845 8531195 2
3112 164844 3296880 12033612 2
3113 113516 0 6356896 1
3114 119117 0 476468 1
3115 189241 1513928 7380399 5
3116 162321 1298568 7466766 3
3117 112438 2698512 7870660 1
3118 177751 4977028 7643293 2
3119 149855 1498550 6743475 1
3120 160978 6761076 7244010 1
3121 155939 3898475 7641011 4
3122 179831 2877296 10070536 5
3123 99018 594108 4455810 3
3124 111459 557295 3901065 1
3125 9199 220776 579537 5
3126 152173 3195633 3499979 3
3127 192861 771444 9835911 5
3128 23614 94456 377824 2
3129 176584 0 3884848 4
3130 132231 793386 2909082 5
3131 155528 466584 2332920 2
3132 171940 687760 5502080 4
3133 58843 176529 1529918 2
3134 140314 841884 6314130 1
3135 27960 419400 1314120 1
3136 26879 188153 913886 2
3137 167045 3340900 12194285 4
3138 66691 533528 1067056 2
3139 6875 144375 371250 3
3140 15329 122632 398554 1
3141 37161 371610 1003347 1
3142 130241 5209640 11200726 4
3143 108635 1303620 6518100 4
3144 205100 2051000 5947900 2
3145 48221 96442 1832398 3
3146 131934 1847076 4485756 4
3147 187311 2247732 9552861 1
3148 195128 1170768 12097936 5
3149 111865 1342380 3915275 4
3150 193947 4072887 12024714 3
3151 34677 1387080 2843514 5
3152 98672 592032 2466800 1
3153 128661 1543932 3087864 2
3154 52733 421864 474597 1
3155 153759 153759 7841709 2
3156 96184 2019864 3847360 3
3157 351 0 11232 3
3158 93174 652218 2049828 4
3159 118252 4966584 5912600 2
3160 41716 0 792604 5
3161 47707 190828 1526624 5
3162 32989 329890 1253582 4
3163 120218 0 5890682 3
3164 77705 2175740 4351480 3
3165 181909 2910544 6912542 2
3166 38170 801570 877910 5
3167 181799 2908784 12544131 5
3168 129711 1815954 8560926 4
3169 121127 5087334 9811287 5
3170 199751 4194771 13183566 3
3171 83267 1165738 4163350 1
3172 41708 1167824 2335648 2
3173 79568 397840 4057968 2
3174 144528 1734336 8671680 5
3175 69938 2797520 5525102 1
3176 170790 683160 6660810 3
3177 1188 5940 58212 1
3178 53836 1292064 3553176 5
3179 41105 739890 2795140 2
3180 99647 498235 2192234 1
3181 78834 1419012 2128518 5
3182 120802 0 4711278 3
3183 159064 636256 3658472 4
3184 191145 5352060 13762440 3
3185 104444 731108 4177760 5
3186 125020 375060 1125180 2
3187 36495 437940 1240830 5
3188 117816 471264 6479880 3
3189 180427 2165124 3608540 4
3190 28994 202958 753844 2
3191 115205 1382460 6336275 2
3192 139947 1679364 4478304 3
3193 173967 173967 1739670 5
3194 114902 229804 3332158 1
3195 157708 3154160 4731240 3
3196 106834 534170 3418688 3
3197 75768 1591128 5834136 4
3198 188493 1884930 2261916 3
3199 119734 1436808 6345902 4
3200 67774 1626576 4676406 1
3201 125872 3776160 9943888 2
3202 99693 0 996930 4
3203 8852 106224 416044 3
3204 119918 1439016 2158524 3
3205 27853 167118 501354 3
3206 114509 2404689 5267414 5
3207 128545 1928175 8483970 4
3208 195232 4880800 9371136 5
3209 144449 433347 1733388 4
3210 20408 244896 999992 1
3211 44572 178288 222860 1
3212 138930 4167900 9447240 4
3213 191814 1918140 10166142 5
3214 54846 329076 1206612 4
3215 25465 203720 560230 3
3216 193361 2900415 5607469 2
3217 186248 10429888 17693560 4
3218 67080 67080 3689400 5
3219 44423 1332690 3464994 4
3220 116750 1868000 3152250 3
3221 91586 91586 4670886 2
3222 146024 1752288 5110840 3
3223 179048 1074288 9668592 2
3224 81863 1964712 5730410 1
3225 183737 1469896 2756055 4
3226 87289 261867 4713606 5
3227 104114 5830384 11348426 5
3228 134567 1345670 9150556 1
3229 152638 2442208 5494968 5
3230 65731 525848 2563509 3
3231 26178 0 1335078 3
3232 33345 300105 500175 5
3233 55375 276875 886000 2
3234 166509 5827815 13653738 2
3235 75493 377465 905916 2
3236 168014 1512126 9912826 2
3237 204891 7171185 12088569 2
3238 101644 2032880 4777268 5
3239 143267 2865340 7879685 1
3240 60838 730056 1034246 2
3241 20475 286650 348075 1
3242 62243 497944 2489720 5
3243 160543 2408145 4495204 4
3244 164807 4944210 10053227 2
3245 150851 2715318 6034040 1
3246 156566 7515168 15186902 3
3247 56940 0 683280 3
3248 79944 79944 959328 4
3249 28535 285350 1112865 2
3250 186449 2796735 12864981 5
3251 69126 1659024 4493190 1
3252 46418 278508 1578212 3
3253 168148 3026664 11938508 5
3254 439 1756 14048 4
3255 28006 0 868186 3
3256 12740 254800 1006460 5
3257 10017 120204 390663 1
3258 113678 682068 4319764 4
3259 40521 40521 1904487 3
3260 86396 2764672 5874928 3
3261 129784 2076544 7138120 3
3262 104785 419140 5553605 2
3263 191901 2302812 4029921 5
3264 186949 2243388 11216940 2
3265 120125 1801875 2042125 1
3266 107932 1726912 4641076 3
3267 22361 134166 1006245 4
3268 163867 3441207 7865616 3
3269 26954 242586 350402 4
3270 165900 1327200 9124500 3
3271 138973 2223568 8199407 1
3272 58223 698676 3493380 4
3273 39063 585945 2695347 5
3274 56828 1591184 2614088 1
3275 74672 298688 1418768 4
3276 123877 867139 5078957 5
3277 42478 254868 1104428 1
3278 80382 2572224 7073616 3
3279 137336 274672 4944096 2
3280 202715 2432580 11757470 5
3281 5777 144425 427498 4
3282 97939 2448475 6855730 5
3283 55867 1787744 4469360 2
3284 48837 293022 1904643 1
3285 129183 258366 2971209 1
3286 108046 756322 5942530 2
3287 129830 649150 6231840 2
3288 68166 817992 1226988 2
3289 15598 280764 561528 5
3290 93897 375588 845073 5
3291 35053 1226855 2103180 5
3292 78001 1170015 5460070 3
3293 80956 1619120 2833460 3
3294 88662 177324 2925846 5
3295 69689 1045335 3066316 4
3296 6387 268254 542895 4
3297 198611 1986110 3376387 2
3298 71609 2148270 5871938 4
3299 104938 2518512 3567892 1
3300 124424 373272 3608296 5
3301 76904 922848 2230216 4
3302 96291 2022111 5103423 4
3303 71528 715280 1788200 2
3304 120898 2901552 9067350 2
3305 70442 422652 3099448 4
3306 93205 1304870 2516535 5
3307 178672 2501408 4824144 2
3308 35592 71184 1886376 4
3309 56587 1358088 2150306 4
3310 176012 2816192 6512444 1
3311 179470 4307280 6819860 1
3312 132988 664940 7314340 3
3313 99874 599244 2197228 5
3314 138974 2501532 4169220 4
3315 177751 2133012 5865783 1
3316 32286 452004 2227734 2
3317 49551 445959 1783836 2
3318 196288 1570304 4710912 2
3319 81330 81330 2846550 4
3320 15236 182832 990340 4
3321 163743 1964916 3274860 1
3322 153079 765395 3214659 2
3323 187087 3928827 4303001 4
3324 28678 114712 1692002 4
3325 173515 5552480 5899510 3
3326 80911 1699131 5259215 2
3327 112518 3600576 5513382 1
3328 142855 571420 1142840 3
3329 44884 538608 2603272 5
3330 138164 828984 2348788 3
3331 43392 130176 2126208 1
3332 2575 90125 208575 4
3333 75298 376490 451788 5
3334 151543 454629 3788575 5
3335 71214 1709136 3774342 2
3336 127618 2041888 7912316 3
3337 155129 930774 8221837 1
3338 200342 4808208 12020520 3
3339 116425 1397100 1629950 3
3340 129811 1038488 3634708 2
3341 13183 39549 421856 5
3342 145956 583824 4524636 1
3343 202910 2840740 3652380 2
3344 16596 99576 680436 2
3345 187067 748268 11411087 5
3346 147451 1327059 3243922 1
3347 51680 723520 1912160 3
3348 100582 804656 5733174 2
3349 142301 0 142301 5
3350 21266 127596 1148364 3
3351 25573 639325 1559953 3
3352 60635 181905 2728575 3
3353 205788 1234728 11318340 4
3354 74204 2226120 3858608 1
3355 68348 2460528 5672884 1
3356 11505 92040 540735 5
3357 29871 149355 179226 1
3358 115942 1739130 8347824 4
3359 55514 222056 1887476 3
3360 103616 2175936 7978432 3
3361 175550 1053300 4388750 5
3362 103554 1242648 4970592 4
3363 83456 500736 2587136 5
3364 92030 2944960 7638490 5
3365 197433 2369196 13228011 5
3366 87306 1571508 4016076 1
3367 15066 376650 708102 2
3368 176900 1415200 5307000 3
3369 82639 2313892 3553477 1
3370 79638 1911312 4937556 2
3371 187308 1123848 7117704 4
3372 147910 2662380 9466240 1
3373 96847 581082 3680186 3
3374 99285 198570 5262105 3
3375 58208 0 640288 3
3376 124812 748872 2246616 2
3377 95724 1148688 1531584 4
3378 17994 71976 665778 5
3379 78303 3758544 7047270 5
3380 104109 4164360 7183521 5
3381 31042 124168 1800436 5
3382 143725 5030375 5461550 5
3383 18172 581504 1362900 4
3384 120355 1203550 8304495 2
3385 53899 1347475 2479354 1
3386 139399 2090985 7388147 4
3387 145327 2179905 10463544 1
3388 142401 2278416 9683268 4
3389 1568 23520 101920 4
3390 36517 328653 2300571 4
3391 26204 943344 1100568 4
3392 104825 628950 2515800 3
3393 14651 117208 615342 5
3394 89744 269232 1525648 3
3395 2971 2971 8913 5
3396 46026 552312 2393352 2
3397 127365 1783110 5604060 2
3398 30925 278325 1700875 2
3399 2709 65016 197757 5
3400 34704 832896 2741616 5
3401 182236 1640124 11480868 5
3402 93307 3265745 5318499 5
3403 103941 207882 3949758 5
3404 17195 34390 825360 4
3405 164153 0 3775519 5
3406 55767 557670 3401787 4
3407 133992 669960 6163632 4
3408 36840 147360 257880 5
3409 106623 1599345 7037118 2
3410 155815 779075 7479120 5
3411 8733 52398 235791 1
3412 163546 7850208 11448220 5
3413 8905 35620 276055 2
3414 58753 0 2643885 1
3415 155232 776160 8537760 1
3416 152340 304680 4417860 2
3417 78270 1956750 5948520 5
3418 7289 174936 430051 1
3419 7950 15900 190800 4
3420 65589 1049424 2361204 1
3421 13649 109192 300278 2
3422 175705 1054230 7028200 2
3423 160728 1928736 2410920 5
3424 147516 1327644 2212740 3
3425 205988 205988 4531736 4
3426 181500 726000 6715500 3
3427 114424 2059632 8696224 2
3428 136767 820602 6701583 1
3429 104738 837904 6179542 4
3430 115906 927248 6027112 2
3431 182382 0 2918112 4
3432 53549 428392 3266489 5
3433 186174 1489392 7819308 5
3434 121964 4268740 4390704 3
3435 111276 1669140 3115728 2
3436 115573 1386876 8205683 2
3437 106183 849464 6795712 2
3438 47747 190988 2960314 4
3439 15561 124488 1042587 3
3440 113273 566365 1359276 5
3441 44810 89620 403290 2
3442 60272 723264 1567072 1
3443 54928 494352 2306976 4
3444 187991 563973 751964 1
3445 41127 164508 1439445 5
3446 139117 2086755 5982031 1
3447 43447 608258 2867502 4
3448 11773 47092 518012 5
3449 107021 1070210 1498294 5
3450 188282 4518768 15062560 5
3451 135153 540612 5811579 1
3452 42802 1027248 1669278 2
3453 17539 420936 491092 2
3454 22957 826452 1698818 2
3455 103415 1654640 3619525 3
3456 79948 319792 3197920 1
3457 84754 1525572 2542620 2
3458 144361 433083 7651133 1
3459 1380 48300 84180 3
3460 168486 2358804 10614618 4
3461 112843 3949505 6996266 5
3462 187779 563337 6384486 2
3463 56381 845715 2706288 3
3464 150354 1804248 5262390 3
3465 140326 5893692 6174344 2
3466 4319 138208 393029 2
3467 167136 334272 4512672 4
3468 149238 2238570 5820282 2
3469 221 1326 9282 2
3470 145743 728715 6995664 3
3471 122481 979848 2572101 5
3472 193448 1741032 5609992 4
3473 73441 1321938 3231404 2
3474 87921 175842 4044366 3
3475 67895 1629480 2376325 4
3476 52625 473625 1052500 5
3477 115687 925496 5205915 5
3478 192802 1156812 9254496 1
3479 80258 1284128 3691868 3
3480 142227 1137816 4124583 4
3481 65238 2609520 5936658 5
3482 64566 193698 2711772 5
3483 48945 587340 1076790 1
3484 151714 1213712 6523702 4
3485 60274 361644 2772604 4
3486 11534 57670 253748 4
3487 104993 1574895 4199720 2
3488 12918 0 77508 2
3489 59527 119054 2321553 2
3490 158145 316290 790725 3
3491 190083 2280996 8173569 1
3492 156249 3749976 5937462 1
3493 129165 3229125 7104075 3
3494 10137 202740 800823 1
3495 104116 624696 6142844 4
3496 155307 2795526 9629034 4
3497 95732 382928 1053052 2
3498 164361 0 7560606 3
3499 36821 662778 1472840 3
3500 41005 123015 2419295 2
