0001 114712 917696 4359056 3
0002 45414 90828 408726 5
0003 115122 460488 5410734 4
0004 117070 2458470 2809680 1
0005 49747 696458 1442663 3
0006 65101 195303 2213434 5
0007 16365 572775 605505 2
0008 115238 691428 1728570 4
0009 21714 130284 347424 3
0010 47396 379168 2464592 2
0011 57420 0 114840 1
0012 28332 594972 1501596 2
0013 88447 530682 4245456 5
0014 43442 130326 651630 1
0015 120645 1809675 6273540 3
0016 104599 941391 1255188 5
0017 22933 481593 1100784 2
0018 2493 37395 49860 1
0019 78325 939900 1409850 2
0020 27 405 1377 5
0021 89753 1256542 3410614 3
0022 84733 1016796 1270995 3
0023 99759 3591324 6185058 4
0024 102322 613932 1125542 1
0025 12284 257964 847596 5
0026 36480 218880 1969920 1
0027 19921 318736 756998 2
0028 53849 1130829 2800148 1
0029 18937 454488 1249842 5
0030 99851 898659 2695977 2
0031 112197 224394 4151289 4
0032 8923 17846 463996 4
0033 2781 0 27810 3
0034 11758 141096 435046 5
0035 65154 781848 2997084 5
0036 22220 355520 822140 3
0037 96238 1924760 4041996 4
0038 66630 799560 1199340 3
0039 12970 324250 881960 3
0040 24456 146736 611400 1
0041 101755 0 3459670 3
0042 29423 264807 382499 4
0043 8623 129345 396658 3
0044 82684 413420 3472728 1
0045 3418 68360 187990 4
0046 74814 299256 3217002 4
0047 94183 941830 1506928 2
0048 95382 0 4387572 5
0049 26763 401445 1204335 4
0050 43414 1302420 2691668 4
0051 61207 918105 2937936 5
0052 48268 579216 627484 1
0053 120862 3625860 4955342 1
0054 19041 533148 1275747 3
0055 49746 298476 596952 5
0056 20906 167248 940770 1
0057 40824 489888 1714608 5
0058 96350 0 3854000 3
0059 86125 1722500 4823000 1
0060 86732 1040784 3729476 3
0061 40176 562464 1165104 3
0062 4860 34020 131220 3
0063 76201 1524020 2514633 2
0064 68770 275080 1444170 5
0065 81404 488424 2930544 3
0066 85490 2992150 3676070 2
0067 61200 1530000 3427200 4
0068 116350 1163500 3839550 5
0069 99351 1490265 5166252 3
0070 31595 126380 1516560 3
0071 124298 1864470 4599026 2
0072 45241 271446 723856 4
0073 9192 91920 330912 3
0074 54095 1081900 1244185 3
0075 73107 584856 3655350 3
0076 25109 150654 954142 3
0077 56921 0 1764551 1
0078 122083 488332 3052075 5
0079 97766 1955320 3030746 5
0080 5922 88830 124362 2
0081 100944 605664 1110384 3
0082 111246 3114888 6341022 2
0083 65741 197223 854633 5
0084 66707 600363 2668280 5
0085 53122 212488 1434294 5
0086 114215 685290 3083805 1
0087 15782 189384 552370 2
0088 120745 965960 2173410 3
0089 89984 539904 3599360 4
0090 116480 1747200 3494400 5
0091 15504 77520 589152 4
0092 70601 2965242 4730267 2
0093 46576 1676736 2794560 5
0094 16314 0 358908 2
0095 39526 592890 1620566 4
0096 14412 216180 864720 3
0097 112818 338454 5866536 2
0098 90194 901940 2615626 2
0099 96755 2709140 4934505 2
0100 104430 2924040 6683520 5
0101 55746 1560888 1728126 2
0102 69437 416622 1805362 4
0103 55142 220568 2922526 3
0104 98671 2072091 5722918 4
0105 123846 743076 3963072 4
0106 27852 334224 445632 5
0107 123114 2585394 7386840 5
0108 109301 1967418 3825535 1
0109 32823 98469 787752 1
0110 65481 523848 1047696 3
0111 34909 244363 907634 1
0112 23085 277020 600210 1
0113 88983 88983 1512711 2
0114 116776 1401312 2101968 5
0115 87107 1306605 3832708 3
0116 104217 833736 1250604 1
0117 25095 75285 526995 3
0118 89550 1253700 4567050 5
0119 31781 572058 1747955 5
0120 14293 42879 586013 5
0121 94586 1135032 4161784 3
0122 51232 819712 2100512 4
0123 103042 721294 3915596 2
0124 53001 318006 2544048 4
0125 57456 459648 1321488 3
0126 102912 2572800 6792192 5
0127 48375 870750 2950875 3
0128 9320 279600 652400 2
0129 69654 1950312 2228928 2
0130 49944 399552 2297424 5
0131 100341 2006820 4515345 5
0132 25962 389430 597126 3
0133 876 18396 54312 3
0134 40582 121746 162328 5
0135 55957 2741893 3749119 1
0136 73313 293252 1319634 5
0137 76826 1843824 3687648 1
0138 100821 604926 4234482 1
0139 52712 421696 1001528 4
0140 80951 728559 1780922 3
0141 34257 479598 1507308 1
0142 54249 650988 2007213 1
0143 12316 110844 394112 1
0144 18197 545910 1401169 5
0145 120828 483312 3624840 4
0146 110811 4654062 9529746 5
0147 98635 1479525 3156320 2
0148 4181 150516 263403 1
0149 53888 215552 969984 1
0150 121571 243142 2552991 3
0151 91769 550614 3028377 4
0152 1036 8288 36260 5
0153 104885 209770 2831895 4
0154 57147 1828704 2228733 4
0155 41089 0 1109403 3
0156 69771 69771 488397 1
0157 117527 235054 4701080 4
0158 70972 1064580 3051796 2
0159 81815 2045375 3027155 5
0160 13393 321432 375004 3
0161 111003 222006 4995135 1
0162 7691 46146 115365 3
0163 33792 811008 1757184 1
0164 8716 156888 409652 3
0165 68816 2064480 2477376 2
0166 3461 0 159206 1
0167 38583 154332 501579 3
0168 48693 97386 1119939 4
0169 59731 298655 2030854 5
0170 432 2592 9936 4
0171 22496 629888 1259776 4
0172 117004 2340080 7020240 3
0173 38712 464544 1393632 2
0174 22214 22214 422066 1
0175 82348 576436 1811656 2
0176 78361 626888 3134440 2
0177 116307 1744605 4884894 1
0178 16309 293562 815450 4
0179 4971 173985 372825 4
0180 74022 1332396 2738814 5
0181 46742 186968 981582 2
0182 36627 879048 2344128 5
0183 43234 259404 2334636 3
0184 92153 1843060 5068415 2
0185 75869 682821 1820856 4
0186 62859 188577 2954373 1
0187 64820 453740 3046540 4
0188 114580 1145800 3208240 4
0189 17266 120862 207192 1
0190 30948 371376 464220 5
0191 9971 9971 358956 1
0192 13567 81402 244206 5
0193 94539 2268936 5766879 5
0194 14706 0 88236 1
0195 113586 113586 4089096 5
0196 73554 0 3015714 4
0197 37348 298784 2166184 3
0198 67278 1412838 2691120 1
0199 47691 238455 2479932 5
0200 121611 729666 1580943 5
0201 114835 1837360 6545595 4
0202 34910 418920 698200 3
0203 89098 178196 3118430 3
0204 76285 0 1907125 5
0205 47092 1412760 2872612 3
0206 107771 1616565 2370962 2
0207 42692 1024608 1280760 4
0208 76758 921096 2993562 1
0209 42132 84264 1811676 5
0210 55275 331650 1547700 1
0211 81517 0 2608544 1
0212 109685 0 4606770 1
0213 23817 285804 1333752 5
0214 99883 799064 5793214 5
0215 46884 984564 2391084 2
0216 57118 571180 1427950 4
0217 183 366 1098 4
0218 107982 431928 3455424 5
0219 73924 1182784 4287592 2
0220 114623 2063214 7335872 4
0221 85346 853460 2389688 1
0222 279 2511 9765 1
0223 53220 212880 2607780 5
0224 83758 502548 2680256 1
0225 25881 51762 983478 4
0226 56843 454744 2557935 2
0227 111907 2685768 5147722 2
0228 18476 443424 1090084 2
0229 106968 748776 1069680 4
0230 29073 145365 814044 2
0231 79175 2375250 3800400 4
0232 68689 3365761 5632498 4
0233 20356 427476 1404564 4
0234 112697 676182 4282486 3
0235 122773 0 1596049 2
0236 53544 374808 1499232 1
0237 105227 420908 5366577 5
0238 64240 899360 1798720 3
0239 83427 1334832 3670788 2
0240 19096 802032 1527680 5
0241 26856 644544 832536 2
0242 29312 703488 1729408 4
0243 93626 749008 1310764 1
0244 19214 268996 903058 5
0245 5102 122448 183672 5
0246 69848 838176 2444680 4
0247 61323 122646 1655721 1
0248 117390 1643460 7395570 4
0249 39040 468480 2342400 5
0250 108901 1089010 3049228 5
0251 75594 0 1360692 2
0252 38326 0 114978 2
0253 38450 576750 1268850 3
0254 110662 663972 5422438 1
0255 708 6372 8496 1
0256 55184 1545152 4304352 4
0257 13733 123597 357058 1
0258 7818 140724 187632 1
0259 68198 340990 409188 2
0260 929 3716 11148 1
0261 52436 262180 786540 2
0262 115671 1388052 1966407 1
0263 32017 960510 2081105 3
0264 108402 867216 3360462 1
0265 96292 2888760 3081344 5
0266 100951 1817118 6258962 1
0267 116608 0 5830400 4
0268 116231 813617 4649240 3
0269 48278 193112 531058 4
0270 56683 2040588 4818055 3
0271 118760 475040 593800 3
0272 101895 1426530 3158745 5
0273 21762 108810 718146 1
0274 37844 75688 227064 4
0275 40571 486852 689707 4
0276 26605 744940 2075190 3
0277 2764 33168 143728 3
0278 74752 2616320 3887104 1
0279 62091 931365 1179729 3
0280 414 8694 14904 1
0281 78849 0 3075111 2
0282 12786 0 140646 3
0283 44737 805266 2057902 2
0284 91783 550698 3304188 1
0285 110674 1328088 6419092 5
0286 31159 311590 1433314 1
0287 25035 125175 876225 3
0288 24392 48784 1195208 4
0289 70071 280284 560568 2
0290 48318 869724 2802444 1
0291 48609 437481 874962 5
0292 16716 50148 802368 3
0293 53083 636996 1857905 3
0294 89727 179454 717816 4
0295 98679 1381506 2960370 4
0296 101304 506520 1519560 4
0297 114374 343122 571870 4
0298 5617 67404 185361 2
0299 117195 1171950 6914505 5
0300 58610 175830 2109960 5
0301 88453 530718 2830496 2
0302 60543 0 605430 5
0303 44917 404253 1212759 2
0304 104687 942183 3664045 4
0305 25554 1073268 1839888 4
0306 45990 827820 2161530 2
0307 53695 644340 2040410 2
0308 110178 661068 4958010 4
0309 109139 982251 1746224 3
0310 16158 193896 387792 3
0311 3578 128808 307708 4
0312 111775 3912125 4359225 4
0313 4653 46530 246609 5
0314 105426 632556 5376726 1
0315 109567 109567 5259216 1
0316 85656 513936 4197144 4
0317 63470 380820 1078990 5
0318 73357 586856 1540497 3
0319 95537 573222 3439332 4
0320 42093 505116 2315115 2
0321 28864 606144 981376 3
0322 6980 55840 244300 5
0323 52610 105220 1683520 4
0324 14130 113040 268470 2
0325 2713 40695 54260 3
0326 87216 3663072 6715632 1
0327 15548 124384 450892 3
0328 99250 1786500 5260250 2
0329 98593 1183116 4436685 4
0330 25172 528612 1082396 5
0331 105122 2207562 3679270 3
0332 109782 4610844 5379318 1
0333 77693 699237 4195422 1
0334 48800 585600 2537600 4
0335 36603 0 658854 2
0336 35891 358910 1543313 1
0337 54793 109586 219172 2
0338 89025 1602450 4273200 5
0339 86898 1042776 3823512 3
0340 118891 1426692 5468986 2
0341 80437 2815295 4424035 5
0342 35200 211200 774400 5
0343 22506 810216 1260336 2
0344 91441 1371615 5577901 2
0345 66959 1607016 4888007 4
0346 3924 23544 117720 1
0347 959 4795 34524 1
0348 98541 0 1478115 5
0349 58619 1758570 2344760 3
0350 1403 8418 47702 4
0351 98238 1178856 4125996 5
0352 16488 230832 1038744 4
0353 94701 378804 3409236 5
0354 12882 270522 669864 4
0355 61354 429478 2454160 2
0356 94238 565428 848142 1
0357 124672 374016 1496064 2
0358 72848 72848 582784 3
0359 52017 104034 2392782 2
0360 92597 1388955 1759343 3
0361 16191 48573 113337 2
0362 46507 837126 1534731 2
0363 109268 1639020 6119008 5
0364 122948 1844220 6762140 2
0365 67438 0 2697520 1
0366 20406 408120 652992 3
0367 123824 123824 3343248 1
0368 76369 1145535 2520177 3
0369 16403 410075 508493 4
0370 36280 435360 1922840 2
0371 15544 108808 124352 1
0372 4438 26628 110950 4
0373 76254 915048 2287620 2
0374 44954 0 1483482 2
0375 112451 2361471 4385589 3
0376 44952 179808 1033896 2
0377 108131 1297572 4325240 5
0378 28314 254826 1047618 4
0379 69262 415572 1662288 2
0380 123172 2586612 6035428 5
0381 23987 167909 1079415 3
0382 114743 573715 6196122 3
0383 72795 1528695 4586085 4
0384 51765 2174130 3002370 5
0385 18551 333918 946101 4
0386 121804 487216 1948864 1
0387 66600 932400 3796200 3
0388 107042 963378 2890134 3
0389 29000 435000 638000 1
0390 123206 492824 1971296 3
0391 78924 157848 1973100 3
0392 82780 662240 2648960 1
0393 46945 1126680 3098370 1
0394 29818 29818 89454 2
0395 102336 4912128 7879872 2
0396 35957 107871 503398 2
0397 93282 559692 1026102 4
0398 60697 606970 2670668 5
0399 123667 989336 3462676 5
0400 25596 716688 1663740 3
0401 40385 969240 2584640 1
0402 4061 40610 182745 2
0403 70206 1684944 3018858 1
0404 7663 0 375487 5
0405 48762 731430 1755432 3
0406 38171 267197 992446 4
0407 38743 542402 1317262 1
0408 30281 605620 1483769 2
0409 104777 3771972 6915282 5
0410 77441 1548820 5420870 1
0411 20643 619290 639933 2
0412 7402 37010 59216 3
0413 60999 487992 3354945 1
0414 37546 112638 1614478 3
0415 85215 852150 1022580 4
0416 39181 548534 2076593 1
0417 76293 1373274 4272408 1
0418 103513 2898364 5072137 5
0419 6571 59139 354834 2
0420 41233 247398 1979184 1
0421 61075 244300 671825 4
0422 122444 734664 4407984 1
0423 99686 797488 2193092 5
0424 54024 648288 2160960 5
0425 117229 2461809 3634099 1
0426 78570 0 2749950 2
0427 82587 991044 3220893 2
0428 77599 620792 1241584 1
0429 122092 1831380 6470876 4
0430 79442 1588840 3177680 4
0431 117491 1409892 5757059 5
0432 51927 415416 1869372 2
0433 105903 0 4447926 3
0434 35628 320652 819444 1
0435 86339 431695 2935526 1
0436 102565 512825 5641075 4
0437 39491 710838 1974550 5
0438 16339 196068 833289 5
0439 90113 360452 3874859 4
0440 8419 0 277827 5
0441 73198 878376 2415534 5
0442 45690 0 2147430 2
0443 59755 119510 1254855 3
0444 75544 604352 2341864 1
0445 95692 1148304 3157836 4
0446 43190 518280 2202690 3
0447 25498 764940 1759362 2
0448 64646 775752 2779778 1
0449 19529 390580 956921 2
0450 54583 218332 491247 1
0451 18099 108594 561069 3
0452 63699 1337679 3885639 4
0453 8471 0 169420 3
0454 98549 492745 3153568 4
0455 104315 1564725 3129450 1
0456 95409 286227 4865859 1
0457 12732 101856 165516 3
0458 38461 0 423071 3
0459 15885 476550 571860 4
0460 29278 292780 1463900 1
0461 12622 0 378660 1
0462 85846 3090456 3777224 5
0463 32336 258688 1002416 2
0464 91894 183788 3859548 3
0465 23563 353445 589075 1
0466 13991 195874 223856 1
0467 111284 1001556 6120620 1
0468 47469 332283 2563326 5
0469 30066 270594 1052310 2
0470 39396 196980 1694028 3
0471 97739 684173 3420865 5
0472 66733 667330 1735058 3
0473 94941 379764 1329174 1
0474 115562 2080116 2311240 2
0475 93905 0 4225725 1
0476 82415 329660 1483470 3
0477 122161 1465932 2809703 2
0478 63965 255860 2430670 3
0479 119919 1439028 5276436 2
0480 62338 872732 2244168 4
0481 30415 182490 1034110 5
0482 75461 1811064 4074894 2
0483 94459 1133508 2361475 3
0484 114254 1828064 3199112 3
0485 36005 504070 1944270 2
0486 81005 2835175 4374270 4
0487 13723 384244 590089 1
0488 86872 173744 2953648 3
0489 101959 611754 5607745 3
0490 65062 0 2081984 4
0491 92275 922750 4521475 5
0492 90357 2710710 3704637 4
0493 60228 602280 3312540 4
0494 80679 1129506 3630555 1
0495 103589 0 5075861 2
0496 6188 86632 352716 3
0497 2804 14020 33648 4
0498 95828 1149936 1533248 3
0499 27802 333624 1251090 4
0500 41413 1449455 3313040 1
0501 20568 514200 1234080 1
0502 39632 951168 1585280 1
0503 63475 253900 571275 4
0504 75324 602592 1732452 2
0505 55743 390201 2731407 2
0506 23331 209979 1353198 1
0507 48641 583692 2140204 5
0508 70775 636975 2477125 2
0509 56594 226376 1018692 4
0510 70520 1692480 3455480 5
0511 4031 0 56434 3
0512 117326 2111868 3050476 3
0513 5797 34782 162316 5
0514 25753 206024 489307 1
0515 112756 3382680 6314336 1
0516 74660 746600 2911740 4
0517 30951 123804 1145187 5
0518 118827 2138886 4158945 3
0519 24193 217737 749983 5
0520 30090 120360 361080 1
0521 15674 15674 235110 3
0522 73774 1844350 3319830 1
0523 119684 2992100 7899144 2
0524 105691 1479674 1796747 4
0525 103361 826888 3100830 3
0526 119736 3352608 8740728 2
0527 85424 2562720 3246112 5
0528 77806 466836 2489792 1
0529 57192 114384 2287680 3
0530 58442 1168840 2279238 5
0531 9444 56664 500532 3
0532 118633 711798 3558990 5
0533 99842 299526 5191784 1
0534 79719 3348198 6776115 1
0535 39679 238074 991975 3
0536 15834 126672 522522 3
0537 63895 766740 2044640 3
0538 68032 1632768 2313088 2
0539 97850 2348400 5381750 3
0540 61921 495368 2229156 1
0541 61354 1717912 3803948 1
0542 39337 157348 393370 4
0543 57961 521649 1564947 3
0544 10618 212360 499046 4
0545 105226 105226 4419492 4
0546 83012 747108 3154456 1
0547 115891 927128 3592621 5
0548 84575 1353200 5497375 5
0549 11397 273528 421689 2
0550 60987 2134545 2561454 1
0551 51130 51130 2249720 1
0552 74134 741340 1260278 1
0553 9276 18552 371040 2
0554 57678 519102 2768544 5
0555 19884 298260 556752 2
0556 118220 827540 6502100 4
0557 6345 76140 374355 1
0558 21770 217700 1284430 5
0559 48772 195088 877896 4
0560 15243 121944 137187 1
0561 68813 68813 2477268 2
0562 120506 482024 3494674 2
0563 93640 561840 1217320 1
0564 36214 543210 1376132 3
0565 54738 1368450 4050612 1
0566 124217 3105425 3229642 5
0567 83149 498894 3409109 1
0568 94266 1131192 1413990 5
0569 79292 237876 634336 4
0570 105681 3804516 4861326 2
0571 23156 69468 1018864 4
0572 72876 2186280 4299684 4
0573 23761 285132 807874 1
0574 21504 322560 1053696 4
0575 37538 262766 1163678 3
0576 5591 89456 251595 1
0577 95253 762024 3143349 3
0578 88484 530904 973324 3
0579 27721 55442 1108840 3
0580 55122 1929270 2700978 5
0581 113990 797930 5471520 5
0582 98913 0 4549998 4
0583 56118 1010124 1739658 2
0584 117480 5756520 10690680 4
0585 94208 565248 753664 5
0586 104042 520210 3433386 5
0587 73195 219585 1171120 3
0588 106593 639558 5969208 1
0589 37301 895224 1156331 3
0590 115256 922048 3572936 2
0591 49279 98558 2316113 3
0592 42011 504132 2058539 2
0593 120705 1810575 5552430 3
0594 113186 2263720 3169208 2
0595 60792 121584 2492472 3
0596 17083 34166 102498 2
0597 2792 22336 117264 4
0598 64204 1605100 2118732 2
0599 39197 823137 2782987 5
0600 51077 204308 2604927 4
0601 33126 66252 1325040 3
0602 65235 195705 2217990 3
0603 47877 1675695 3495021 2
0604 67410 1213380 2898630 5
0605 72393 0 3402471 4
0606 108853 2612472 4571826 4
0607 6015 210525 493230 3
0608 112379 2022822 6293224 3
0609 124056 248112 5334408 5
0610 84576 592032 676608 1
0611 98598 197196 492990 2
0612 88887 3199932 6666525 5
0613 3883 46596 100958 3
0614 1424 19936 61232 3
0615 70028 700280 2310924 3
0616 7229 43374 318076 2
0617 71636 143272 3653436 2
0618 94334 2641352 6697714 3
0619 120811 2416220 3986763 3
0620 94355 4529040 8303240 5
0621 53750 0 1827500 1
0622 84546 169092 2536380 4
0623 107011 963099 2461253 4
0624 64246 513968 1284920 3
0625 51362 821792 1129964 1
0626 28772 690528 719300 1
0627 98036 588216 2450900 1
0628 14727 29454 161997 1
0629 72360 1447200 2604960 5
0630 115058 1380696 3681856 5
0631 107644 430576 4843980 3
0632 101802 814416 1730634 4
0633 60126 721512 2765796 1
0634 120991 1693874 2056847 1
0635 78797 315188 2521504 3
0636 116888 701328 6078176 2
0637 95968 1439520 4510496 3
0638 62758 376548 3200658 1
0639 43951 351608 439510 1
0640 46235 92470 2357985 1
0641 124039 496156 3969248 3
0642 45682 1142050 2695238 3
0643 3829 30632 141673 1
0644 64808 1036928 2592320 5
0645 99997 2099937 6699799 2
0646 998 0 44910 2
0647 12309 258489 529287 1
0648 14838 222570 608358 3
0649 86209 1551762 5603585 2
0650 5450 114450 218000 3
0651 14080 295680 760320 5
0652 80001 1120014 1680021 1
0653 61757 123514 3026093 1
0654 40737 325896 733266 2
0655 95241 952410 4381086 1
0656 34292 411504 1508848 3
0657 23722 23722 782826 1
0658 19879 417459 715644 1
0659 103087 618522 3917306 1
0660 83090 1246350 2492700 2
0661 4799 14397 191960 3
0662 41350 620250 1323200 5
0663 31401 94203 408213 5
0664 30490 457350 762250 4
0665 60239 60239 2289082 1
0666 16451 164510 904805 3
0667 41700 625500 2126700 2
0668 55235 220940 1436110 5
0669 7775 373200 520925 3
0670 31480 881440 1290680 2
0671 124474 746844 4730012 4
0672 62129 621290 3603482 4
0673 98393 4132506 7969833 2
0674 86256 603792 4830336 2
0675 49715 1392020 1640595 1
0676 18682 93410 1008828 3
0677 60452 1209040 1753108 5
0678 78330 1096620 2193240 3
0679 13582 27164 543280 2
0680 62899 1572475 3396546 5
0681 40140 120420 1123920 4
0682 57481 1149620 1264582 5
0683 51804 155412 518040 4
0684 3794 53116 106232 2
0685 87589 788301 4642217 1
0686 97217 1166604 5638586 4
0687 37641 188205 1016307 5
0688 111918 447672 5707818 4
0689 102599 1846782 2667574 2
0690 47725 954500 1861275 4
0691 111811 223622 3130708 4
0692 68825 275300 1445325 4
0693 114107 798749 3993745 5
0694 54854 164562 2468430 3
0695 96058 1729044 4898958 1
0696 102083 816664 5512482 2
0697 46521 372168 837378 2
0698 74497 670473 3128874 4
0699 89339 2144136 6253730 5
0700 101844 101844 2036880 4
0701 69687 836244 3205602 2
0702 62808 251232 2198280 3
0703 14761 132849 634723 3
0704 94987 664909 3894467 4
0705 100109 400436 4104469 2
0706 100317 1805706 5216484 2
0707 9736 146040 184984 1
0708 18564 55692 835380 4
0709 63533 0 2287188 1
0710 9979 139706 249475 1
0711 42146 632190 1896570 3
0712 51424 617088 2108384 4
0713 6892 41352 206760 2
0714 35745 214470 929370 5
0715 9185 91850 220440 1
0716 30788 153940 738912 3
0717 55713 557130 1671390 1
0718 47809 764944 2533877 3
0719 54793 821895 1424618 1
0720 90090 360360 1351350 3
0721 2114 25368 84560 3
0722 118223 591115 3901359 5
0723 17634 141072 193974 5
0724 12713 38139 355964 2
0725 112836 677016 5867472 3
0726 16262 195144 487860 1
0727 51822 777330 932796 3
0728 86725 0 1821225 1
0729 104819 733733 2410837 3
0730 59576 714912 2800072 3
0731 9804 176472 578436 4
0732 87526 3063410 4813930 3
0733 122332 978656 3425296 5
0734 18770 281550 1220050 5
0735 95997 2879910 6431799 2
0736 65439 981585 1963170 2
0737 13957 488495 865334 2
0738 46944 938880 1736928 4
0739 116586 349758 5712714 3
0740 102750 513750 3699000 3
0741 112253 898024 5275891 3
0742 112346 224692 2583958 3
0743 57262 801668 2004170 1
0744 47279 378232 2269392 3
0745 118203 945624 6028353 1
0746 5714 17142 234274 5
0747 11151 200718 713664 1
0748 35288 105864 1623248 4
0749 77811 1867464 2801196 3
0750 55637 222548 1390925 5
0751 85410 1366560 4270500 4
0752 82038 492228 2132988 4
0753 47770 95540 1433100 4
0754 59250 414750 1896000 4
0755 102938 926442 3705768 4
0756 110513 1547182 2873338 2
0757 11540 207720 403900 3
0758 43899 263394 1316970 4
0759 103424 2068480 3309568 2
0760 70123 841476 1472583 1
0761 31772 571896 1683916 4
0762 117858 235716 825006 4
0763 88413 3713346 7073040 5
0764 72236 144472 2961676 1
0765 102710 1848780 4827370 1
0766 9300 93000 241800 2
0767 17375 0 434375 3
0768 74616 1044624 3954648 4
0769 96428 482140 5303540 3
0770 38588 0 231528 3
0771 73834 221502 3765534 4
0772 77352 77352 3790248 2
0773 16235 129880 405875 1
0774 117425 1174250 6575800 3
0775 99732 2792496 6482580 3
0776 28916 520488 867480 1
0777 97266 972660 1848054 5
0778 76516 765160 3596252 3
0779 44648 625072 1696624 5
0780 56276 675312 1069244 5
0781 112663 1802608 4844509 5
0782 95961 2015181 4030362 3
0783 17819 71276 784036 1
0784 66905 1672625 4148110 3
0785 29369 264321 1292236 4
0786 34427 481978 1962339 2
0787 60448 846272 1148512 3
0788 40856 367704 2001944 5
0789 89612 268836 2509136 5
0790 6793 244548 475510 5
0791 48127 288762 2021334 1
0792 78938 1657698 2289202 2
0793 82282 493692 2468460 3
0794 118557 1659798 1896912 2
0795 82960 0 1327360 3
0796 39337 786740 1652154 2
0797 62923 3397842 4341687 1
0798 67493 202479 269972 5
0799 7098 70980 291018 2
0800 9250 111000 249750 3
0801 19984 599520 819344 2
0802 97760 391040 3617120 1
0803 101024 2020480 6768608 2
0804 58699 939184 1467475 3
0805 105615 2534760 4752675 2
0806 22559 315826 879801 1
0807 32579 0 162895 5
0808 87027 2436756 3829188 3
0809 22622 180976 791770 1
0810 3087 3087 12348 2
0811 73283 2564905 2638188 5
0812 12995 194925 545790 2
0813 89753 2154072 6641722 4
0814 98511 591066 2462775 5
0815 15691 282438 800241 1
0816 11832 189312 390456 2
0817 7031 35155 49217 3
0818 2215 79740 84170 1
0819 4922 19688 29532 4
0820 100140 2002800 6809520 1
0821 83894 1258410 4949746 3
0822 109099 654594 1309188 2
0823 2628 5256 15768 3
0824 25078 401248 626950 3
0825 69723 278892 418338 3
0826 20696 20696 869232 5
0827 65563 196689 3015898 3
0828 97807 1760526 6553069 4
0829 105364 0 2950192 4
0830 16374 81870 245610 4
0831 74273 891276 2896647 5
0832 2402 14412 132110 5
0833 23926 502446 933114 4
0834 71001 568008 2911041 1
0835 118179 709074 1063611 4
0836 7300 102200 445300 4
0837 97165 971650 5246910 3
0838 46427 92854 139281 3
0839 83511 0 3256929 3
0840 103509 1242108 1449126 5
0841 97090 1456350 2330160 1
0842 64841 194523 1556184 1
0843 107430 2578320 2793180 2
0844 53017 212068 742238 1
0845 82931 414655 2156206 3
0846 91140 2734200 5650680 5
0847 55010 330060 495090 2
0848 44306 1063344 2658360 3
0849 51797 155391 1709301 5
0850 37613 263291 752260 5
0851 16953 593355 796791 3
0852 22302 22302 468342 4
0853 89626 268878 4302048 2
0854 414 2070 17802 1
0855 35937 71874 1329669 4
0856 19521 97605 819882 3
0857 49014 1029294 1519434 5
0858 52782 950076 1055640 1
0859 102071 1531065 4082840 2
0860 97904 1468560 3818256 2
0861 66761 133522 1869308 2
0862 91846 734768 2847226 2
0863 29021 580420 1102798 4
0864 4400 79200 176000 3
0865 8609 241052 533758 5
0866 109403 875224 1859851 2
0867 79805 957660 4868105 1
0868 75402 301608 2186658 3
0869 10939 382865 907937 3
0870 106059 636354 5727186 5
0871 13007 0 299161 2
0872 48599 1360772 2624346 2
0873 80586 1450548 5157504 1
0874 28160 168960 1351680 5
0875 117846 824922 2710458 4
0876 46652 233260 1772776 2
0877 55837 55837 949229 1
0878 48327 96654 1063194 2
0879 27224 544480 952840 5
0880 69196 1107136 2145076 3
0881 789 9468 33138 1
0882 48519 1164456 3153735 1
0883 20326 609780 1056952 3
0884 43924 439240 658860 3
0885 4661 93220 205084 5
0886 66533 1663325 2328655 1
0887 123467 617335 2222406 4
0888 81594 1631880 2937384 4
0889 82176 986112 3204864 2
0890 114923 459692 2298460 4
0891 74474 297896 893688 5
0892 109788 4611096 5050248 3
0893 21255 85020 998985 3
0894 7974 95688 318960 4
0895 48211 48211 2410550 3
0896 85509 684072 1539162 1
0897 94862 1138344 2086964 5
0898 52170 417360 678210 3
0899 78560 471360 1806880 3
0900 86257 690056 776313 5
0901 44175 44175 1369425 4
0902 124189 1490268 2111213 5
0903 114785 1721775 2525270 4
0904 5721 68652 188793 5
0905 67793 1423653 1559239 5
0906 86026 0 3613092 4
0907 122897 368691 5161674 5
0908 8813 158634 546406 4
0909 74875 524125 2396000 2
0910 58830 705960 1706070 3
0911 119627 1196270 3110302 4
0912 86150 516900 2412200 2
0913 1401 7005 29421 5
0914 102768 513840 3596880 3
0915 45972 1149300 3447900 1
0916 68206 409236 1159502 5
0917 32219 386628 708818 2
0918 48365 0 338555 4
0919 81017 972204 2106442 2
0920 12634 176876 682236 5
0921 117753 942024 3297084 3
0922 87969 1055628 2902977 1
0923 50570 303420 2225080 5
0924 65641 525128 2100512 3
0925 87310 87310 4365500 4
0926 107310 858480 3541230 1
0927 14888 148880 327536 1
0928 11638 244398 290950 5
0929 102194 2146074 6846998 4
0930 119880 479520 6233760 5
0931 87567 525402 2802144 2
0932 46009 690135 1012198 1
0933 31164 467460 2025660 1
0934 71651 644859 1146416 5
0935 101454 5681424 9333768 2
0936 23939 95756 1268767 4
0937 110556 663336 4975020 1
0938 38823 1087044 2484672 4
0939 31843 191058 700546 5
0940 921 1842 35919 3
0941 43026 645390 1764066 3
0942 60569 242276 2483329 5
0943 107696 0 3984752 1
0944 59321 177963 2550803 1
0945 116907 2338140 8066583 1
0946 44825 0 2017125 5
0947 35799 322191 357990 2
0948 5525 33150 209950 1
0949 120238 480952 6132138 2
0950 59064 354384 590640 5
0951 57423 689076 1148460 4
0952 96337 674359 1830403 3
0953 23966 0 575184 2
0954 90459 542754 2894688 1
0955 59258 296290 2074030 1
0956 31955 383460 607145 1
0957 99356 198712 4967800 5
0958 51221 1536630 1741514 4
0959 35284 740964 1270224 2
0960 28679 86037 1462629 4
0961 53819 215276 753466 4
0962 39530 316240 1146370 4
0963 46377 0 463770 1
0964 47674 1191850 1382546 5
0965 108013 648078 5724689 1
0966 102953 205906 2573825 5
0967 77399 619192 2863763 1
0968 67630 1082080 1893640 4
0969 25656 538776 1205832 5
0970 13714 274280 493704 1
0971 50138 100276 701932 3
0972 65464 0 1571136 5
0973 94226 282678 565356 4
0974 43700 524400 1835400 2
0975 111092 3888220 8665176 2
0976 85952 1203328 2578560 3
0977 66460 797520 3921140 1
0978 46211 369688 2495394 3
0979 29638 355656 918778 2
0980 65398 1961940 4577860 1
0981 73202 1024828 1756848 4
0982 107638 645828 2368036 2
0983 96261 0 4235484 3
0984 88600 708800 1683400 4
0985 57890 1042020 1910370 5
0986 49879 299274 1945281 1
0987 85862 1373792 1459654 4
0988 20388 81552 1060176 5
0989 42759 1197252 2693817 1
0990 37220 186100 707180 4
0991 73071 1461420 5114970 4
0992 75391 452346 4221896 4
0993 27935 167610 335220 3
0994 47183 990843 1132392 2
0995 22744 136464 181952 2
0996 89989 629923 4499450 5
0997 59093 177279 2304627 4
0998 52889 528890 2380005 1
0999 97454 779632 4482884 5
1000 83361 416805 3251079 5
1001 100313 1203756 4514085 3
1002 92560 0 1203280 4
1003 114411 228822 3889974 2
1004 30182 362184 935642 4
1005 29628 59256 1303632 3
1006 102344 921096 4298448 2
1007 11489 344670 873164 1
1008 71625 859500 1074375 1
1009 97127 777016 5244858 5
1010 29562 29562 886860 5
1011 37593 789453 1503720 5
1012 29363 58726 1115794 1
1013 80899 1132586 1456182 3
1014 103651 1036510 3316832 1
1015 72024 1800600 1944648 5
1016 43040 258240 602560 5
1017 23635 47270 1087210 4
1018 69764 1674336 2581268 3
1019 46490 1673640 1859600 5
1020 39114 1408104 2425068 4
1021 49970 399760 1299220 3
1022 106478 851824 1703648 2
1023 4041 40410 185886 4
1024 109782 329346 2524986 4
1025 45285 950985 996270 1
1026 124272 1491264 5716512 5
1027 41663 1458205 3416366 1
1028 60221 240884 2408840 3
1029 45361 1905162 4082490 5
1030 82600 165200 4130000 1
1031 92541 185082 2683689 3
1032 87323 1571814 3318274 3
1033 33885 609930 847125 2
1034 92241 922410 2398266 5
1035 121448 1457376 7286880 5
1036 108464 759248 2494672 1
1037 93945 1127340 3475965 2
1038 104139 1041390 4582116 1
1039 114248 3998680 5255408 4
1040 35145 0 1616670 4
1041 81036 324144 3808692 4
1042 72073 1441460 4756818 5
1043 114014 3192392 7296896 3
1044 35782 214692 1932228 5
1045 93343 933430 2613604 2
1046 10388 31164 529788 5
1047 112064 3922240 5491136 2
1048 96796 2323104 2516696 4
1049 118326 473304 4969692 4
1050 5597 22388 251865 1
1051 67371 1347420 3031695 2
1052 102023 1632368 2142483 1
1053 76179 304716 990327 4
1054 54362 108724 978516 5
1055 28616 143080 1230488 1
1056 107368 0 1717888 5
1057 90436 542616 1537412 4
1058 76737 690633 1918425 3
1059 24793 123965 272723 5
1060 117336 1642704 7509504 2
1061 64146 2309256 3271446 5
1062 110217 1102170 1983906 1
1063 69120 414720 483840 4
1064 34857 209142 836568 2
1065 92586 555516 1851720 4
1066 26192 78576 419072 2
1067 76629 459774 1149435 4
1068 12654 151848 265734 1
1069 30969 557442 619380 4
1070 84706 592942 931766 2
1071 96668 1740024 4930068 4
1072 49910 798560 1896580 4
1073 23239 697170 1696447 3
1074 95907 383628 1822233 2
1075 67698 203094 1218564 1
1076 2131 0 31965 4
1077 99454 895086 2585804 2
1078 59090 531810 1181800 5
1079 81294 975528 2357526 1
1080 101018 1515270 3737666 5
1081 93323 933230 1773137 5
1082 62932 0 314660 5
1083 48002 864036 2976124 1
1084 89132 89132 891320 4
1085 71968 143936 3382496 2
1086 71050 426300 2060450 2
1087 4000 140000 256000 2
1088 38724 193620 851928 5
1089 16064 224896 835328 2
1090 65608 1640200 3083576 3
1091 70455 1127280 2184105 5
1092 52832 105664 1743456 2
1093 48163 1011423 2889780 3
1094 106326 3827736 6273234 4
1095 68609 411654 1783834 5
1096 41833 1254990 1966151 1
1097 52055 624660 1978090 3
1098 650 650 7150 3
1099 111564 2231280 3123792 4
1100 24032 672896 696928 3
1101 120502 0 5784096 2
1102 97288 2724064 3210504 2
1103 9635 0 462480 1
1104 61587 307935 1970784 5
1105 76125 304500 2131500 1
1106 113386 226772 2721264 1
1107 29634 711216 1244628 1
1108 51573 773595 2372358 5
1109 59327 177981 237308 3
1110 106362 1276344 2233602 3
1111 17196 137568 154764 3
1112 43816 306712 2278432 5
1113 47964 95928 1103172 5
1114 57500 575000 2875000 4
1115 4074 81480 264810 5
1116 1663 46564 93128 2
1117 82661 1983864 2149186 1
1118 98275 589650 2063775 3
1119 14692 235072 367300 1
1120 31889 223223 446446 5
1121 88765 1065180 3195540 3
1122 38485 384850 2155160 1
1123 106870 1068700 5664110 4
1124 58861 706332 1236081 2
1125 47669 286014 2669464 4
1126 105269 1579035 6842485 4
1127 64901 973515 2401337 2
1128 2080 29120 43680 5
1129 113863 455452 5807013 2
1130 43002 516024 989046 4
1131 64207 770484 3531385 3
1132 36215 1086450 2860985 3
1133 21511 387198 1269149 1
1134 104328 625968 1564920 1
1135 13613 285873 680650 1
1136 40465 283255 445115 1
1137 50828 1778980 3049680 5
1138 90900 3272400 3454200 5
1139 120905 1934480 5198915 2
1140 121319 4367484 10312115 3
1141 82645 330580 1239675 4
1142 95373 858357 3624174 5
1143 116065 1160650 6383575 1
1144 58094 232376 1452350 3
1145 5309 79635 196433 4
1146 45512 455120 2321112 5
1147 104547 418188 627282 5
1148 27186 54372 1060254 3
1149 39373 944952 2834856 2
1150 40818 244908 2163354 1
1151 114253 571265 2970578 4
1152 60797 851158 2857459 4
1153 98500 0 197000 1
1154 15923 127384 413998 4
1155 69589 139178 3409861 2
1156 118588 355764 474352 4
1157 65845 395070 1711970 5
1158 57999 347994 463992 1
1159 66744 200232 400464 3
1160 91353 913530 5298474 4
1161 96017 0 1248221 2
1162 87448 2098752 6383704 2
1163 21056 168448 842240 5
1164 46991 375928 2067604 1
1165 19916 79664 597480 4
1166 76616 2145248 5363120 2
1167 15018 105126 720864 1
1168 66731 800772 2469047 2
1169 5796 57960 237636 1
1170 16888 168880 996392 2
1171 110620 553100 774340 5
1172 88617 531702 974787 5
1173 4535 54420 63490 5
1174 3536 56576 187408 5
1175 38303 459636 1378908 5
1176 60714 607140 3582126 2
1177 124628 3489584 8350076 5
1178 94663 567978 2555901 1
1179 38453 692154 1615026 3
1180 15439 61756 679316 5
1181 37120 222720 1893120 4
1182 14734 309414 928242 1
1183 5888 47104 82432 2
1184 34511 552176 1656528 1
1185 102383 204766 1842894 5
1186 52851 211404 264255 2
1187 7560 90720 166320 4
1188 93713 374852 3092529 4
1189 36457 182285 1239538 1
1190 71516 214548 3504284 3
1191 88273 529638 4413650 5
1192 47793 1720548 2915373 1
1193 52943 1270632 3388352 3
1194 101268 0 3443112 5
1195 89137 1782740 5615631 4
1196 49340 1726900 2516340 1
1197 84352 1687040 4555008 5
1198 69483 416898 2779320 5
1199 68709 412254 2198688 3
1200 25674 154044 616176 2
1201 68987 827844 1655688 2
1202 41068 492816 657088 4
1203 80159 160318 2084134 3
1204 85727 171454 3086172 3
1205 65488 1375248 3274400 1
1206 16084 96504 675528 1
1207 91757 550542 3395009 2
1208 21691 390438 1453297 1
1209 57110 342660 628210 2
1210 101516 1624256 5177316 1
1211 114890 1838240 2527580 3
1212 121853 731118 5970797 3
1213 109863 659178 1867671 1
1214 109814 219628 2525722 5
1215 64793 1295860 3239650 3
1216 19392 19392 349056 5
1217 120330 3609900 5896170 2
1218 122695 1717730 2085815 5
1219 67494 944916 4049640 2
1220 18795 112770 1033725 5
1221 32862 262896 1478790 1
1222 65363 522904 1045808 5
1223 4632 92640 134328 2
1224 77511 232533 2790396 1
1225 14266 114128 813162 4
1226 44994 809892 2114718 5
1227 43226 518712 2593560 3
1228 3725 22350 93125 3
1229 39544 237264 1225864 5
1230 115857 2317140 8109990 5
1231 87382 349528 1398112 1
1232 33669 202014 1616112 3
1233 15181 531335 941222 5
1234 59168 1065024 3964256 2
1235 72981 145962 1678563 1
1236 60297 1507425 1567722 4
1237 8363 66904 468328 1
1238 118120 708720 5669760 3
1239 16537 99222 529184 5
1240 100483 100483 3516905 2
1241 88495 1061940 2477860 4
1242 34370 515550 1752870 2
1243 113425 3402750 4990700 1
1244 58474 877110 1344902 1
1245 30490 213430 853720 4
1246 10848 43392 455616 1
1247 80448 1930752 4987776 5
1248 18308 183080 695704 3
1249 19335 232020 1179435 4
1250 54703 164109 1476981 2
1251 97297 389188 3891880 2
1252 53807 753298 1883245 4
1253 44793 134379 2105271 1
1254 73275 219825 2491350 3
1255 41785 835700 919270 3
1256 62788 1883640 4897464 4
1257 45733 365864 640262 3
1258 97186 2040906 6608648 2
1259 44109 1323270 2955303 3
1260 8226 197424 312588 4
1261 23524 0 211716 4
1262 118062 3305736 7910154 2
1263 6219 37314 43533 2
1264 52112 104224 1980256 5
1265 54543 272715 927231 4
1266 99247 2381928 5954820 2
1267 26965 107860 701090 4
1268 88880 2133120 6221600 3
1269 64975 389850 2469050 5
1270 103638 2487312 7565574 2
1271 22659 453180 770406 5
1272 55274 442192 1824042 4
1273 44960 0 404640 2
1274 1019 28532 72349 4
1275 72121 1514541 1730904 1
1276 86059 2409652 6712602 1
1277 85122 425610 4085856 2
1278 50610 202440 961590 5
1279 111305 3895675 7457435 4
1280 85515 85515 171030 1
1281 76993 769930 3464685 4
1282 34552 69104 1312976 5
1283 33385 133540 534160 2
1284 85110 851100 2808630 3
1285 63036 756432 1765008 3
1286 57601 691212 3571262 1
1287 27797 667128 1528835 5
1288 60310 482480 2171160 5
1289 115985 927880 5219325 2
1290 34935 209610 1816620 4
1291 103603 828824 3626105 1
1292 116113 2786712 7547345 3
1293 121828 730968 4873120 5
1294 50208 602496 803328 2
1295 31473 0 94419 1
1296 117417 234834 939336 4
1297 71449 1286082 4144042 1
1298 44464 889280 2667840 1
1299 71882 0 1581404 2
1300 54654 1912890 2240814 3
1301 111615 2678760 4352985 2
1302 95346 2288304 3432456 5
1303 53140 956520 3188400 4
1304 59054 1476350 4133780 4
1305 8473 355866 381285 4
1306 68660 823920 3913620 3
1307 37145 0 668610 5
1308 36870 258090 294960 1
1309 34110 0 1057410 2
1310 73935 591480 1922310 2
1311 66572 332860 1065152 3
1312 102014 612084 5406742 4
1313 26194 78582 183358 3
1314 99392 1391488 6162304 5
1315 118495 355485 4739800 4
1316 86382 1814022 2332314 2
1317 100672 805376 3020160 1
1318 48256 193024 1737216 5
1319 24147 386352 1110762 4
1320 96192 3366720 4905792 5
1321 76688 1073632 3450960 5
1322 2754 27540 165240 4
1323 30639 30639 367668 4
1324 75330 677970 2711880 3
1325 7084 63756 410872 1
1326 98570 985700 1675690 2
1327 115534 924272 5545632 5
1328 78621 1100694 4560018 1
1329 122512 1960192 6003088 4
1330 40387 1211610 1494319 2
1331 44253 0 1947132 3
1332 102732 2876496 5752992 4
1333 30268 423752 1059380 2
1334 38882 466584 1516398 4
1335 56337 225348 1577436 4
1336 74531 1192496 1863275 1
1337 34701 242907 798123 4
1338 83986 0 839860 2
1339 8899 80091 142384 5
1340 86551 1731020 3981346 2
1341 54698 656376 2187920 5
1342 123413 1234130 5676998 2
1343 31448 566064 597512 1
1344 102010 816080 2346230 2
1345 23325 699750 839700 3
1346 36214 108642 217284 4
1347 42225 211125 802275 5
1348 18100 162900 235300 3
1349 92484 277452 3144456 2
1350 40286 0 40286 4
1351 115897 1390764 2086146 1
1352 80624 483744 3305584 3
1353 11425 11425 171375 1
1354 95500 382000 4870500 1
1355 28610 600810 686640 3
1356 95909 1726362 5754540 5
1357 106889 427556 1710224 3
1358 22722 272664 863436 4
1359 71958 647622 1726992 1
1360 4121 12363 177203 1
1361 3365 60570 124505 1
1362 40909 981816 1145452 1
1363 89978 0 3689098 5
1364 109627 877016 2959929 2
1365 88718 1774360 4081028 2
1366 33217 66434 1494765 1
1367 40997 573958 1311904 5
1368 47158 0 282948 3
1369 105932 2224572 4555076 2
1370 45737 823266 2286850 4
1371 106205 424820 3398560 1
1372 80344 2249632 4338576 1
1373 98674 394696 4539004 4
1374 39670 714060 1745480 3
1375 117942 353826 1297362 1
1376 27490 549800 632270 5
1377 20775 249300 810225 5
1378 35972 0 539580 2
1379 15569 186828 249104 3
1380 76555 1531100 3444975 5
1381 23786 95144 666008 1
1382 51081 612972 2196483 2
1383 30337 0 576403 4
1384 29855 29855 1134490 1
1385 24189 120945 822426 5
1386 32234 483510 967020 3
1387 38431 230586 999206 4
1388 76955 307820 3078200 4
1389 61645 863030 2095930 1
1390 27413 109652 657912 5
1391 60223 1445352 3252042 3
1392 114249 2284980 5826699 1
1393 48916 195664 684824 2
1394 100571 1005710 4827408 1
1395 80493 965916 1770846 1
1396 113843 569215 5122935 2
1397 118771 475084 5701008 5
1398 4731 70965 241281 2
1399 34631 969668 2562694 5
1400 63444 507552 3425976 4
1401 56986 1595608 4216964 3
1402 72521 1015294 3481008 4
1403 69725 976150 3416525 5
1404 91744 1834880 3486272 4
1405 45129 135387 1669773 1
1406 92783 278349 1855660 2
1407 76005 912060 1292085 4
1408 119697 2393940 4787880 4
1409 68370 1093920 2256210 3
1410 7451 119216 156471 5
1411 39818 1951082 3782710 5
1412 73145 146290 877740 1
1413 18119 289904 670403 3
1414 25888 517760 1087296 2
1415 23000 368000 920000 5
1416 29738 713712 892140 5
1417 13622 163464 395038 3
1418 19587 274218 1155633 4
1419 122068 3417904 8422692 4
1420 67772 1219896 1423212 3
1421 58239 465912 1514214 5
1422 76819 76819 1075466 2
1423 70106 0 771166 3
1424 101074 2122554 5559070 2
1425 85417 683336 3929182 2
1426 90076 1351140 4143496 2
1427 7991 31964 247721 5
1428 116204 2788896 7901872 1
1429 4536 54432 154224 5
1430 107848 0 3235440 4
1431 114371 2744904 4917953 1
1432 80599 161198 4110549 1
1433 28011 140055 1484583 3
1434 7934 0 396700 3
1435 62511 250044 3000528 2
1436 35671 142684 1212814 3
1437 109936 659616 5936544 2
1438 103895 3636325 5610330 3
1439 121639 973112 5473755 1
1440 14545 581800 1090875 3
1441 34774 208644 765028 5
1442 39445 828345 1065015 2
1443 37777 755540 2153289 2
1444 106980 641880 3209400 3
1445 66722 2335270 4937428 4
1446 114336 2744064 8117856 4
1447 120379 481516 1203790 4
1448 105065 420260 840520 2
1449 33337 400044 533392 3
1450 83649 334596 4517046 1
1451 9688 348768 523152 5
1452 3931 23586 121861 3
1453 71503 858036 2216593 5
1454 50438 1059198 1866206 1
1455 44059 528708 2423245 2
1456 30870 246960 524790 4
1457 10233 20466 153495 2
1458 45583 227915 1960069 1
1459 60552 847728 3633120 3
1460 49299 49299 2317053 5
1461 1088 4352 45696 1
1462 47261 283566 1039742 4
1463 40577 121731 811540 2
1464 36951 2069256 3288639 2
1465 103941 831528 3845817 4
1466 93691 1124292 1405365 1
1467 1044 6264 13572 1
1468 41231 494772 2391398 1
1469 98693 2072553 6316352 5
1470 68708 343540 1168036 4
1471 58746 411222 1586142 5
1472 48435 2712360 3051405 4
1473 73505 1029070 2940200 2
1474 32741 327410 916748 3
1475 117351 821457 5398146 4
1476 66743 400458 3270407 5
1477 61732 1111176 2037156 1
1478 74201 222603 3635849 3
1479 97008 2716224 3589296 3
1480 41818 627270 2592716 2
1481 112910 903280 3838940 5
1482 22695 544680 1475175 2
1483 758 22740 31078 3
1484 10501 189018 315030 1
1485 10127 141778 313937 5
1486 44201 707216 1281829 3
1487 123585 494340 3460380 1
1488 7248 108720 260928 1
1489 8925 62475 80325 2
1490 32124 32124 160620 2
1491 75508 906096 1963208 1
1492 63631 381786 2736133 2
1493 35293 847032 2470510 4
1494 25200 100800 1310400 2
1495 119406 0 955248 1
1496 17386 521580 869300 4
1497 89434 178868 2414718 2
1498 76100 913200 3044000 3
1499 8146 146628 236234 2
1500 20038 120228 901710 5
1501 82671 826710 2645472 5
1502 55579 389053 2334318 1
1503 110927 1663905 3549664 5
1504 47884 287304 1388636 4
1505 104721 837768 2303862 5
1506 20947 125682 628410 3
1507 15383 138447 230745 4
1508 121829 1705606 5116818 1
1509 87293 1833153 2793376 2
1510 110057 2751425 8254275 3
1511 43663 392967 1091575 3
1512 78708 236124 3227028 1
1513 4379 26274 240845 3
1514 25963 623112 1843373 1
1515 120022 2880528 8041474 1
1516 54352 163056 2228432 3
1517 43823 350584 788814 1
1518 57302 343812 3094308 5
1519 95880 191760 671160 3
1520 50758 101516 1421224 2
1521 21370 534250 790690 3
1522 40208 0 1326864 5
1523 87943 527658 4836865 1
1524 60590 181770 1090620 3
1525 16864 354144 455328 4
1526 99617 1195404 3885063 3
1527 5546 66552 221840 5
1528 94707 1988847 2841210 1
1529 68521 411126 1233378 1
1530 83402 250206 3252678 5
1531 65181 0 847353 3
1532 115474 346422 2886850 3
1533 10179 203580 641277 5
1534 40222 402220 1246882 1
1535 97898 195796 2545348 2
1536 63543 1270860 3558408 2
1537 93861 1314054 3566718 2
1538 109804 658824 3294120 4
1539 104339 0 104339 3
1540 68007 2040210 2448252 5
1541 103099 1030990 4020861 2
1542 35575 426900 2134500 1
1543 60031 420217 1860961 3
1544 86453 432265 778077 1
1545 21547 43094 775692 2
1546 107132 642792 1392716 4
1547 77755 155510 1244080 3
1548 113469 453876 1588566 2
1549 98325 196650 4326300 2
1550 75381 753810 4070574 1
1551 3682 58912 228284 4
1552 64131 1923930 4425039 4
1553 6143 86002 178147 1
1554 122828 3439184 5527260 4
1555 6932 41592 110912 3
1556 90274 451370 1083288 3
1557 78219 234657 1173285 4
1558 70600 564800 3318200 2
1559 101199 202398 3035970 2
1560 89908 3236688 3326596 3
1561 88680 2483040 3192480 5
1562 103760 2490240 5291760 3
1563 18495 110970 961740 4
1564 16439 98634 887706 3
1565 39221 1098188 2745470 2
1566 59900 179700 2755400 4
1567 98508 1379112 3546288 5
1568 20247 425187 1133832 4
1569 112854 902832 2934204 4
1570 18727 0 411994 2
1571 103462 310386 4759252 5
1572 109905 1318860 2857530 4
1573 72562 435372 2757356 2
1574 111968 3359040 7389888 1
1575 23643 331002 1087578 3
1576 58941 589410 2180817 4
1577 100223 2104683 6314049 1
1578 103249 619494 4749454 3
1579 42774 427740 1796508 2
1580 26773 321276 642552 4
1581 100953 2826684 2927637 1
1582 17499 104994 314982 1
1583 120196 721176 4206860 5
1584 15725 157250 801975 1
1585 79381 1587620 1984525 5
1586 25517 306204 1301367 2
1587 74878 449268 1722194 2
1588 28907 346884 578140 3
1589 94371 1132452 5756631 1
1590 99216 2083536 5357664 3
1591 92228 1106736 5625908 4
1592 18948 113688 587388 2
1593 23051 230510 898989 4
1594 19266 115596 423852 1
1595 29901 119604 717624 4
1596 40734 814680 855414 1
1597 46721 1121304 1541793 3
1598 72675 2543625 2979675 2
1599 40047 400470 1001175 5
1600 44987 179948 1799480 4
1601 124471 622355 5850137 2
1602 37261 894264 2123877 2
1603 98809 1976180 2964270 3
1604 86919 782271 2607570 4
1605 51524 206096 1906388 4
1606 37176 148704 1895976 5
1607 118497 355491 2014449 2
1608 29016 348192 1711944 1
1609 90676 2720280 6891376 2
1610 109838 329514 2526274 4
1611 119229 3338412 6557595 1
1612 45592 273552 501512 4
1613 116845 934760 2804280 5
1614 118003 472012 1416036 4
1615 71039 639351 3622989 4
1616 16196 194352 210548 1
1617 68700 618300 3709800 3
1618 25078 50156 601872 5
1619 108721 1522094 4022677 3
1620 20502 123012 1086606 3
1621 20791 0 727685 5
1622 70000 1400000 4480000 2
1623 97011 485055 970110 4
1624 11465 34395 309555 5
1625 113993 2849825 3305797 4
1626 82493 494958 3052241 5
1627 42289 126867 1987583 3
1628 91418 3199630 5942170 1
1629 115161 690966 4836762 2
1630 41473 1161244 1285663 5
1631 84603 846030 1269045 3
1632 3325 33250 63175 1
1633 31866 796650 1816362 4
1634 14793 310653 369825 1
1635 7486 14972 172178 2
1636 112140 672840 5494860 5
1637 33815 405780 1420230 2
1638 109225 1966050 6444275 1
1639 30847 123388 586093 1
1640 4431 35448 243705 2
1641 30694 460410 736656 1
1642 93536 654752 1309504 3
1643 42926 257556 2103374 3
1644 105453 210906 5167197 2
1645 100935 908415 5046750 3
1646 36894 1033032 1770912 2
1647 60873 1217460 4078491 1
1648 89004 534024 3204144 1
1649 102191 613146 1124101 5
1650 94696 2651488 3219664 1
1651 122481 979848 5879088 1
1652 116996 467984 2339920 2
1653 47227 283362 1275129 1
1654 61290 735480 2451600 5
1655 119094 119094 238188 5
1656 23726 0 260986 3
1657 43264 259584 562432 5
1658 101956 611736 5301712 5
1659 15072 0 165792 1
1660 92355 554130 3878910 2
1661 74198 2225940 2967920 1
1662 108815 1632225 2067485 4
1663 88545 2125080 3099075 1
1664 51613 1548390 2683876 5
1665 58303 116606 2157211 4
1666 18573 222876 371460 2
1667 72407 144814 1086105 5
1668 38850 155400 1981350 4
1669 117602 470408 4939284 3
1670 34157 273256 922239 2
1671 23569 353535 1484847 2
1672 95665 1913300 5070245 4
1673 31985 895580 1855130 1
1674 123541 741246 3829771 4
1675 99208 0 496040 1
1676 119765 1077885 2754595 2
1677 33397 233779 1770041 5
1678 55654 667848 3227932 5
1679 109175 436700 4694525 1
1680 9935 0 347725 4
1681 48485 96970 1260610 5
1682 32532 260256 325320 2
1683 61482 1475568 2520762 1
1684 66984 535872 3751104 3
1685 1486 10402 37150 2
1686 69003 414018 2898126 1
1687 72166 505162 3103138 3
1688 48504 97008 727560 1
1689 4048 0 190256 1
1690 13455 13455 148005 4
1691 10280 102800 483160 4
1692 96767 1161204 5999554 5
1693 25016 300192 1100704 1
1694 98904 1186848 5835336 4
1695 4089 49068 130848 4
1696 1351 48636 109431 2
1697 112721 1690815 2818025 5
1698 36393 72786 400323 4
1699 52799 633588 2798347 3
1700 78885 473310 2287665 4
1701 15654 281772 720084 2
1702 105993 2967804 5405643 4
1703 121753 2556813 8522710 3
1704 76393 305572 1604253 1
1705 29024 174144 203168 4
1706 47913 335391 1149912 2
1707 75290 602320 2484570 3
1708 57457 861855 976769 5
1709 124176 1490112 3601104 4
1710 6904 82848 331392 5
1711 75203 75203 1504060 2
1712 78440 235320 1411920 1
1713 62550 375300 625500 2
1714 87425 1311375 2185625 2
1715 11821 70926 189136 1
1716 53444 855104 3366972 4
1717 119448 2150064 5016816 3
1718 99033 594198 4654551 5
1719 55541 0 1555148 2
1720 30856 617120 1727936 3
1721 46632 1678752 3077712 1
1722 77519 232557 2713165 5
1723 91436 1462976 3383132 2
1724 111140 333420 3556480 1
1725 87904 3164544 3340352 5
1726 16749 502470 602964 3
1727 25328 607872 1848944 2
1728 115868 695208 4518852 2
1729 82766 1738086 1820852 1
1730 111496 668976 1226456 1
1731 57931 2027585 4866204 3
1732 17622 35244 140976 3
1733 35944 431328 934544 2
1734 47877 1340556 2393850 4
1735 43762 875240 2932054 5
1736 32644 391728 1468980 1
1737 65893 263572 1779111 3
1738 115749 1388988 3703968 2
1739 115818 5675082 8338896 5
1740 66139 793668 2182587 2
1741 65184 1368864 2346624 4
1742 80915 3236600 3479345 3
1743 121665 2554965 5596590 3
1744 98273 1179276 4029193 2
1745 64622 646220 775464 3
1746 102514 5023186 8303634 5
1747 20379 407580 1345014 2
1748 1666 23324 46648 4
1749 51750 621000 2587500 3
1750 65804 2763768 4803692 2
1751 124726 1995616 2619246 5
1752 61038 1220760 4150584 1
1753 60612 181836 2242644 2
1754 95087 1426305 5705220 1
1755 89673 3138555 4393977 3
1756 11 132 286 1
1757 85893 2061432 3092148 2
1758 11706 573594 924774 5
1759 54129 216516 1894515 1
1760 84988 254964 849880 3
1761 25847 310164 697869 3
1762 48276 48276 482760 5
1763 49465 0 2225925 2
1764 74157 1038198 2002239 3
1765 1025 1025 4100 2
1766 101740 610440 2238280 1
1767 42909 514908 772362 4
1768 38401 230406 268807 1
1769 84019 840190 1512342 2
1770 69513 2085390 2502468 5
1771 68440 136880 2874480 3
1772 78708 1416744 4643772 5
1773 9910 99100 366670 3
1774 75265 752650 3687985 5
1775 64197 513576 2567880 3
1776 108110 1297320 2486530 2
1777 85127 340508 1532286 4
1778 21906 525744 1621044 3
1779 24303 510363 1093635 1
1780 123016 1968256 3690480 5
1781 101837 3055110 4786339 1
1782 75721 302884 1968746 3
1783 14513 116104 812728 2
1784 51085 102170 2656420 4
1785 25826 774780 2040254 2
1786 97889 97889 4992339 1
1787 44938 314566 2336776 3
1788 66606 66606 1132302 5
1789 11399 45596 444561 1
1790 4774 66836 171864 2
1791 26481 52962 317772 2
1792 53169 1116549 3509154 4
1793 93931 1127172 4132964 1
1794 18113 217356 326034 2
1795 53271 1598130 2450466 4
1796 10597 127164 635820 2
1797 60206 240824 3130712 5
1798 38065 342585 1408405 3
1799 115386 692316 3230808 5
1800 5093 178255 412533 1
1801 98418 590508 5314572 3
1802 110134 881072 2312814 4
1803 84128 336512 673024 3
1804 14227 170724 455264 5
1805 77458 2711030 6119182 5
1806 104285 1564275 5214250 4
1807 106575 213150 4049850 1
1808 57082 456656 3196592 4
1809 108014 1620210 3132406 2
1810 100789 2015780 3930771 1
1811 123983 495932 2479660 2
1812 65184 782208 2085888 5
1813 35801 107403 1503642 4
1814 106159 955431 5414109 3
1815 83618 1003416 3930046 4
1816 115494 692964 5197230 1
1817 121690 0 4624220 1
1818 67939 815268 1562597 2
1819 72350 651150 3255750 1
1820 70893 141786 212679 4
1821 119605 717630 1435260 4
1822 34377 1237572 2406390 4
1823 11543 34629 427091 2
1824 20546 41092 1068392 4
1825 112220 673320 4152140 4
1826 71221 427326 1851746 4
1827 113405 1134050 5670250 4
1828 5170 62040 139590 4
1829 38879 1632918 2721530 5
1830 61741 0 2531381 1
1831 68142 204426 1907976 2
1832 114969 574845 4598760 5
1833 83102 664816 3157876 1
1834 103292 4958016 5577768 2
1835 12102 169428 714018 3
1836 90339 90339 3071526 3
1837 67517 67517 1620408 3
1838 104082 312246 4579608 3
1839 35845 430140 1039505 2
1840 92516 277548 4255736 4
1841 33266 498990 1729832 4
1842 87030 1305450 4960710 5
1843 75131 1577751 2253930 1
1844 101649 101649 2846172 1
1845 18400 515200 644000 2
1846 64577 2260195 2647657 5
1847 101684 2847152 4575780 4
1848 6996 62964 265848 4
1849 73566 294264 3751866 2
1850 86005 2064120 4128240 2
1851 10419 104190 375084 3
1852 76031 912372 2509023 3
1853 44023 1232644 2069081 4
1854 6328 18984 278432 5
1855 101967 1223604 2039340 3
1856 37787 793527 1511480 3
1857 3734 14936 123222 4
1858 90899 1636182 2726970 5
1859 62321 0 2243556 1
1860 78080 468480 2030080 5
1861 91173 91173 4558650 4
1862 40929 327432 1432515 1
1863 113628 1704420 2386188 2
1864 118388 3314864 6511340 2
1865 1736 48608 116312 4
1866 97202 1360828 2235646 2
1867 17792 213504 693888 2
1868 68969 1379380 2551853 4
1869 117776 824432 6242128 2
1870 95726 1435890 2967506 5
1871 123649 2596629 4945960 2
1872 47298 662172 2885178 5
1873 44531 534372 1959364 3
1874 21074 105370 210740 5
1875 49113 343791 1768068 4
1876 88548 708384 885480 1
1877 50374 0 1460846 1
1878 122249 1466988 4156466 1
1879 7783 233490 326886 3
1880 40338 484056 524394 3
1881 56420 902720 3272360 2
1882 5474 114954 164220 2
1883 34373 549968 996817 2
1884 46725 0 467250 3
1885 114741 1032669 2868525 4
1886 707 12726 25452 2
1887 31589 947670 2527120 4
1888 118606 1067454 6760542 1
1889 3017 54306 159901 4
1890 107105 1713680 5569460 5
1891 33050 297450 1222850 1
1892 79928 2797480 6314312 2
1893 116053 2321060 4410014 1
1894 98835 593010 1680195 2
1895 81226 812260 3330266 2
1896 45400 408600 1679800 5
1897 22153 221530 1019038 2
1898 88709 1862889 4524159 4
1899 2313 6939 111024 5
1900 24573 245730 491460 3
1901 91540 1830800 4760080 5
1902 12754 51016 204064 5
1903 79576 477456 3819648 5
1904 63319 949785 2786036 3
1905 13862 83172 679238 5
1906 74415 669735 1041810 1
1907 105685 422740 4227400 5
1908 10928 163920 611968 1
1909 79111 237333 3639106 5
1910 53349 800235 1653819 5
1911 52981 1059620 2490107 4
1912 51093 613116 2656836 5
1913 106701 1600515 4374741 3
1914 65756 920584 2959020 1
1915 7191 129438 467415 3
1916 6703 93842 227902 2
1917 23736 284832 949440 2
1918 88327 264981 883270 4
1919 105372 316116 526860 3
1920 26609 478962 1516713 5
1921 2305 32270 135995 4
1922 87065 870650 4701510 5
1923 32107 256856 834782 1
1924 115299 576495 807093 4
1925 93831 281493 3284085 5
1926 43312 866240 2382160 4
1927 53160 265800 2498520 5
1928 101176 3035280 7183496 2
1929 104443 3655505 7833225 3
1930 27950 83850 1173900 4
1931 11834 284016 390522 5
1932 95144 1141728 3615472 2
1933 88727 532362 3282899 3
1934 105816 1269792 6348960 5
1935 114395 2402295 3431850 5
1936 95542 477710 1719756 4
1937 16256 0 65024 2
1938 9860 147900 345100 4
1939 41181 164724 2100231 3
1940 307 4605 12894 1
1941 46702 186808 1354358 2
1942 83980 755820 1679600 5
1943 53141 318846 1328525 2
1944 90368 451840 542208 5
1945 50896 610752 3155552 3
1946 111840 1006560 5032800 4
1947 1227 39264 45399 3
1948 89742 1615356 3948648 4
1949 57173 343038 628903 5
1950 109882 988938 2747050 5
1951 97373 389492 3115936 3
1952 95916 575496 5275380 2
1953 1729 51870 67431 5
1954 17686 371406 813556 2
1955 5327 159810 378217 4
1956 59825 0 1375975 1
1957 20553 164424 924885 3
1958 26882 215056 1290336 1
1959 52483 734762 1994354 1
1960 23362 350430 584050 3
1961 40930 163720 1105110 3
1962 17917 250838 824182 1
1963 96396 385584 1060356 2
1964 80070 1201050 3362940 5
1965 23261 46522 814135 4
1966 9592 191840 671440 1
1967 42291 253746 1141857 3
1968 78148 1406664 3907400 2
1969 51926 207704 675038 4
1970 96912 1744416 6008544 1
1971 20271 101355 932466 4
1972 38524 115572 1155720 2
1973 107646 430584 645876 2
1974 112866 2708784 5756166 3
1975 30716 92148 921480 3
1976 92771 3339756 4360237 3
1977 108675 652050 4781700 1
1978 11943 250803 334404 5
1979 123184 1108656 1601392 2
1980 40792 122376 326336 4
1981 119367 1671138 6087717 4
1982 59169 710028 1952577 1
1983 9954 199080 328482 1
1984 7845 117675 470700 4
1985 119800 838600 1557400 3
1986 92506 1110072 3145204 5
1987 89226 2141424 3212136 4
1988 68094 612846 1838538 5
1989 26733 160398 1443582 3
1990 70060 1471260 4413780 4
1991 116069 464276 5571312 4
1992 77867 155734 545069 5
1993 110309 992781 4632978 2
1994 1429 42870 67163 5
1995 18458 166122 184580 5
1996 7851 329742 384699 1
1997 83132 332528 3907204 5
1998 58059 522531 3019068 5
1999 121085 0 1574105 4
2000 60635 1455240 2425400 3
2001 100946 2119866 2725542 1
2002 21278 63834 829842 4
2003 48182 144546 1782734 1
2004 17701 35402 637236 2
2005 43133 1509655 3450640 4
2006 27544 165264 440704 3
2007 43412 781416 1476008 3
2008 21640 389520 714120 4
2009 70190 561520 1544180 1
2010 101159 606954 4147519 4
2011 104295 521475 4693275 5
2012 36207 651726 724140 2
2013 9188 137820 220512 2
2014 87336 1397376 5152824 1
2015 61048 732576 3723928 5
2016 32193 289737 1674036 2
2017 74332 1040648 3047612 2
2018 66033 396198 2641320 2
2019 101989 2039780 4079560 3
2020 24616 246160 763096 1
2021 24290 97160 1287370 3
2022 78149 2735215 2969662 5
2023 122473 979784 3796663 4
2024 118294 1419528 4140290 2
2025 1352 13520 52728 5
2026 27056 541120 1271632 5
2027 61795 247180 3027955 2
2028 34010 204060 1666490 5
2029 10121 50605 333993 5
2030 58163 1163260 3373454 2
2031 70251 1053765 2739789 5
2032 35096 210576 701920 3
2033 18531 444744 1278639 5
2034 20988 0 587664 4
2035 40927 818540 941321 4
2036 33995 67990 135980 5
2037 111385 334155 1002465 1
2038 123816 742896 3714480 2
2039 124768 2620128 4741184 2
2040 70542 846504 2468970 1
2041 57365 229460 2065140 2
2042 52319 0 418552 3
2043 101437 608622 1927303 4
2044 42331 1481585 1523916 3
2045 4067 8134 69139 3
2046 124605 872235 5108805 2
2047 112271 449084 1684065 5
2048 15802 316040 600476 4
2049 63442 507536 1712934 5
2050 123525 0 988200 2
2051 103234 206468 1651744 1
2052 72134 649206 2308288 1
2053 79160 949920 1899840 5
2054 29835 447525 1640925 3
2055 4481 4481 8962 1
2056 69812 139624 907556 2
2057 70940 851280 1135040 1
2058 16537 496110 578795 4
2059 34667 34667 1109344 1
2060 43864 0 175456 5
2061 9081 36324 354159 1
2062 57106 0 171318 4
2063 57343 573430 2179034 2
2064 28768 0 115072 3
2065 115728 3240384 8100960 1
2066 48164 288984 818788 3
2067 35390 566240 1734110 4
2068 33876 203256 237132 3
2069 46955 140865 704325 1
2070 100681 2114301 6040860 3
2071 67889 678890 2851338 2
2072 10599 264975 455757 5
2073 10300 257500 350200 4
2074 24659 147954 493180 1
2075 104737 2513688 4922639 5
2076 28607 28607 400498 4
2077 32128 128512 1188736 4
2078 7050 42300 63450 4
2079 4029 24174 64464 2
2080 58059 696708 2322360 3
2081 100052 100052 900468 2
2082 32340 388080 1875720 5
2083 8103 48618 453768 4
2084 41008 492096 1066208 4
2085 46063 138189 1197638 4
2086 1603 3206 72135 3
2087 62084 1862520 2297108 5
2088 410 8610 18040 5
2089 47254 1323112 3449542 5
2090 28893 346716 780111 5
2091 22467 269604 786345 3
2092 60057 480456 2702565 3
2093 74439 2233170 5955120 2
2094 51856 414848 2852080 3
2095 5855 58550 316170 5
2096 86973 1217622 1913406 4
2097 61057 2564394 5495130 1
2098 94904 949040 2942024 2
2099 62133 497064 2485320 1
2100 2563 30756 84579 2
2101 97665 1171980 3222945 4
2102 23510 587750 728810 2
2103 64287 257148 771444 1
2104 96372 2891160 6553296 3
2105 83040 498240 2159040 1
2106 48057 720855 2979534 4
2107 86538 2076912 4932666 1
2108 78061 312244 1951525 5
2109 91601 366404 2748030 1
2110 96762 483810 2032002 4
2111 96902 387608 2519452 1
2112 48546 291276 1068012 1
2113 54287 1357175 1628610 3
2114 33834 135336 609012 5
2115 5385 43080 226170 2
2116 16440 197280 394560 2
2117 9869 98690 424367 2
2118 98084 392336 2059764 5
2119 48480 727200 3054240 2
2120 75226 1053164 4664012 5
2121 58657 351942 1583739 5
2122 83580 250740 1002960 4
2123 85663 171326 2055912 5
2124 93102 1489632 3817182 1
2125 61144 244576 1956608 3
2126 40564 243384 567896 3
2127 31629 664209 1360047 3
2128 44936 44936 494296 2
2129 98498 886482 4530908 1
2130 65434 1832152 2093888 5
2131 59863 119726 299315 1
2132 110748 3100944 6201888 1
2133 1153 27672 47273 3
2134 95922 2014362 3836880 4
2135 375 13500 16500 1
2136 3265 65300 173045 3
2137 65583 524664 655830 1
2138 55248 1160208 2265168 2
2139 60716 850024 2003628 5
2140 58146 1162920 1744380 1
2141 9505 228120 446735 3
2142 36103 1299708 2202283 2
2143 61698 493584 1295658 1
2144 97044 582264 4366980 1
2145 13807 276140 607508 3
2146 47802 143406 812634 4
2147 40747 81494 733446 4
2148 33001 0 1254038 2
2149 43917 614838 2678937 4
2150 100466 1808388 4822368 1
2151 8247 123705 189681 1
2152 122516 245032 4288060 1
2153 81001 405005 3402042 2
2154 50470 1514100 2170210 2
2155 77784 388920 4200336 2
2156 64691 258764 840983 1
2157 95759 1436385 3638842 2
2158 62759 188277 1506216 5
2159 68727 137454 1030905 5
2160 122136 2442720 2809128 4
2161 109352 3827320 7654640 3
2162 63031 315155 1323651 5
2163 35488 70976 603296 4
2164 53200 1064000 1755600 5
2165 108599 868792 4886955 4
2166 61846 247384 1855380 5
2167 103453 620718 5689915 4
2168 47761 573132 2435811 4
2169 78585 1964625 3850665 4
2170 89702 538212 1345530 1
2171 64623 258492 2003313 1
2172 68003 68003 1904084 2
2173 16325 97950 228550 5
2174 104458 1566870 3238198 2
2175 14141 254538 622204 3
2176 60062 900930 2282356 1
2177 109661 657966 4276779 5
2178 99767 2095107 4489515 1
2179 94762 0 3885242 4
2180 105326 105326 1790542 1
2181 4750 9500 99750 2
2182 66338 796056 1459436 4
2183 52118 312708 729652 5
2184 65565 0 2622600 2
2185 99752 99752 2892808 2
2186 13158 184212 828954 5
2187 78356 0 3134240 2
2188 40804 408040 571256 5
2189 44457 355656 666855 5
2190 118305 2839320 7571520 4
2191 17651 52953 123557 4
2192 8109 48654 235161 5
2193 60656 606560 3639360 1
2194 8198 32792 65584 5
2195 39942 958608 2276694 4
2196 77708 777080 1010204 5
2197 49844 348908 2691576 4
2198 89286 714288 5178588 1
2199 61757 247028 617570 1
2200 24034 360510 648918 4
2201 44920 269520 2335840 4
2202 113693 341079 2956018 1
2203 26738 320856 1096258 4
2204 115934 1854944 3825822 3
2205 36216 108648 905400 5
2206 34613 138452 1522972 3
2207 102591 2462184 2564775 1
2208 37535 375350 1839215 3
2209 80415 402075 1527885 5
2210 46690 560280 2521260 5
2211 82758 413790 910338 3
2212 112443 1349316 3373290 3
2213 79436 3336312 5878264 4
2214 70908 709080 1134528 3
2215 5036 75540 166188 4
2216 116812 4205232 6307848 2
2217 20920 62760 1025080 4
2218 21231 212310 488313 3
2219 95734 191468 1436010 2
2220 28229 395206 1806656 3
2221 21646 454566 865840 2
2222 99769 897921 5686833 5
2223 12582 150984 213894 5
2224 40213 643408 2131289 5
2225 83759 2512770 6114407 2
2226 85773 1715460 4803288 4
2227 102059 1837062 6531776 1
2228 115054 1150540 6788186 5
2229 92354 277062 2955328 1
2230 60688 485504 3034400 5
2231 85770 343080 2487330 2
2232 108530 868240 2604720 5
2233 7276 29104 385628 5
2234 23198 23198 371168 2
2235 82375 329500 4118750 5
2236 79245 633960 713205 4
2237 2937 70488 146850 5
2238 93230 1118760 3449510 5
2239 43862 263172 350896 5
2240 46047 92094 828846 1
2241 122065 2563365 6347380 4
2242 33845 67690 372295 3
2243 110386 441544 2980422 2
2244 41441 331528 1367553 1
2245 14382 71910 143820 1
2246 108810 1305720 3373110 2
2247 114335 686010 4802070 4
2248 25440 76320 788640 2
2249 120698 4345128 5431410 4
2250 103581 0 5179050 5
2251 6149 0 43043 4
2252 79167 237501 1187505 2
2253 53477 1123017 2299511 3
2254 104769 1676304 5133681 5
2255 108104 864832 3783640 1
2256 72117 144234 3101031 5
2257 92170 368680 4424160 3
2258 64355 1930650 2574200 5
2259 44586 713376 757962 5
2260 89153 1337295 2139672 4
2261 7303 182575 496604 2
2262 60427 1691956 3806901 4
2263 34561 172805 1071391 1
2264 75615 604920 3780750 5
2265 59746 1672888 2270348 4
2266 9779 205359 410718 3
2267 59734 59734 2269892 5
2268 119587 1435044 3946371 5
2269 20852 166816 1084304 3
2270 61859 309295 1793911 4
2271 5114 20456 30684 3
2272 98978 1583648 5443790 1
2273 51361 1848996 3492548 5
2274 57627 691524 2132199 5
2275 36518 511252 2008490 3
2276 44444 622216 2577752 4
2277 50537 2122554 2425776 3
2278 5665 11330 101970 3
2279 53036 318216 424288 1
2280 84376 590632 1518768 2
2281 29151 262359 1282644 5
2282 97308 194616 1654236 2
2283 15851 126808 855954 3
2284 76729 1150935 4373553 2
2285 2088 10440 75168 4
2286 49555 743325 2527305 4
2287 59026 1180520 2420066 3
2288 103857 2180997 3323424 5
2289 46756 327292 1402680 2
2290 7469 0 141911 4
2291 86514 1557252 2854962 3
2292 108211 2597064 3138119 4
2293 78590 2829240 3143600 2
2294 4756 28536 133168 5
2295 21517 64551 236687 3
2296 101004 1616064 6565260 2
2297 3508 14032 31572 3
2298 20325 101625 1056900 2
2299 48072 288432 1105656 4
2300 118837 2852088 3208599 1
2301 93490 560940 3926580 5
2302 82807 579649 2732631 4
2303 101025 2121525 4041000 5
2304 10925 43700 437000 3
2305 119857 1797855 2157426 5
2306 71996 863952 1367924 2
2307 22499 314986 764966 3
2308 123927 743562 6196350 4
2309 38681 77362 1469878 3
2310 8038 168798 474242 2
2311 55301 221204 774214 2
2312 110438 1104380 2429636 3
2313 113432 453728 794024 5
2314 26245 918575 1417230 2
2315 6264 25056 288144 2
2316 8080 96960 105040 2
2317 25229 605496 1589427 5
2318 99260 694820 3474100 3
2319 36286 653148 1270010 2
2320 105986 2119720 7313034 4
2321 121359 849513 5946591 4
2322 121672 851704 6813632 4
2323 30143 241144 904290 1
2324 34632 415584 1627704 2
2325 52368 628416 2827872 2
2326 41614 1747788 2330384 1
2327 7112 64008 184912 1
2328 103789 0 1764413 1
2329 82295 1645900 4279340 4
2330 7411 155631 518770 4
2331 17581 175810 896631 2
2332 124996 1249960 4374860 4
2333 53163 744282 1594890 2
2334 113040 452160 4521600 2
2335 77602 1862448 2716070 2
2336 43209 388881 1209852 3
2337 117316 703896 5513852 2
2338 95973 191946 575838 5
2339 53495 0 2407275 3
2340 103786 2490864 5085514 2
2341 87335 436675 2707385 2
2342 83704 167408 1841488 3
2343 99615 4183830 7769970 2
2344 40758 489096 2282448 3
2345 100229 400916 3608244 3
2346 60966 60966 1646082 3
2347 42621 639315 724557 5
2348 56976 1139520 1253472 3
2349 4114 4114 156332 1
2350 89274 178548 803466 4
2351 84873 1018476 2461317 5
2352 32697 326970 1144395 4
2353 43333 0 996659 5
2354 50141 300846 501410 5
2355 102985 2883580 6385070 2
2356 33576 201456 671520 2
2357 74418 1339524 1860450 1
2358 54010 486090 1134210 2
2359 20303 426363 1400907 3
2360 108916 326748 4138808 2
2361 45453 272718 2499915 4
2362 29672 445080 1275896 2
2363 73364 146728 1907464 4
2364 7369 14738 206332 5
2365 20178 40356 423738 4
2366 115547 1848752 2310940 3
2367 47930 47930 1054460 1
2368 84753 169506 932283 4
2369 83162 0 3409642 5
2370 102343 1023430 2353889 4
2371 114343 457372 1600802 2
2372 76799 460794 1996774 4
2373 115314 2075652 4151304 5
2374 44694 0 1162044 1
2375 12293 73758 368790 1
2376 116172 1394064 6970320 3
2377 106737 320211 4162743 1
2378 18312 54936 183120 2
2379 112970 2372370 2485340 3
2380 4578 91560 128184 2
2381 48699 1217475 3408930 5
2382 90310 1444960 3251160 3
2383 122638 3433864 9075212 2
2384 64937 1298740 3961157 5
2385 75595 302380 453570 4
2386 39973 559622 2278461 3
2387 736 0 18400 2
2388 99437 397748 3878043 4
2389 80683 968196 2017075 1
2390 8425 101100 337000 1
2391 106757 533785 1814869 5
2392 7058 28232 190566 4
2393 85023 2040552 2890782 4
2394 2646 74088 161406 5
2395 101599 609594 2235178 5
2396 36941 221646 1477640 4
2397 24841 248410 447138 1
2398 30516 91548 274644 3
2399 94958 2278992 2753782 5
2400 83932 419660 1510776 4
2401 37894 1326290 1402078 4
2402 99576 298728 3584736 2
2403 23445 586125 1477035 3
2404 45306 543672 2174688 2
2405 66655 66655 1733030 3
2406 18020 108120 1009120 3
2407 22827 114135 456540 4
2408 16321 146889 391704 5
2409 25778 257780 567116 4
2410 78470 784700 2824920 1
2411 22970 206730 459400 4
2412 37053 555795 2112021 2
2413 74930 299720 2322830 4
2414 96256 577536 2598912 5
2415 123102 1231020 1723428 5
2416 60129 481032 1443096 1
2417 32823 131292 1772442 5
2418 81517 489102 1793374 1
2419 26813 321756 589886 2
2420 53000 636000 2703000 2
2421 53875 269375 2855375 2
2422 22646 475566 769964 3
2423 79344 952128 2777040 4
2424 51779 1035580 3054961 3
2425 48919 391352 2054598 1
2426 101856 305568 814848 5
2427 98277 1474155 5994897 2
2428 68856 344280 2960808 5
2429 28908 28908 635976 3
2430 71273 570184 2708374 3
2431 48723 389784 1120629 3
2432 106727 1921086 4375807 5
2433 7292 131256 452104 3
2434 113620 681720 3408600 5
2435 41962 167848 2265948 1
2436 52634 315804 2157994 4
2437 474 7110 22752 5
2438 60085 721020 2823995 3
2439 93948 563688 3663972 2
2440 89651 0 1344765 4
2441 88090 352360 2466520 2
2442 41854 837080 1297474 3
2443 57800 0 2832200 2
2444 87895 263685 878950 3
2445 44232 88464 1946208 1
2446 42821 642315 1241809 3
2447 7711 23133 161931 4
2448 102581 820648 3487754 4
2449 66729 934206 1734954 4
2450 86997 2174925 2609910 4
2451 60307 1688596 4643639 2
2452 24604 246040 319852 4
2453 25424 228816 813568 4
2454 2417 72510 159522 2
2455 56217 843255 2248680 4
2456 73534 2058952 5588584 3
2457 18850 452400 904800 1
2458 37712 527968 1169072 1
2459 63270 1518480 2910420 2
2460 116949 467796 4093215 3
2461 120012 720072 6240624 4
2462 101669 2135049 5998471 1
2463 78141 937692 4844742 3
2464 124765 499060 5739190 1
2465 53412 1068240 1976244 5
2466 70977 1703448 5252298 3
2467 94209 942090 3579942 5
2468 55945 1007010 3021030 3
2469 32523 487845 585414 3
2470 94807 568842 1137684 5
2471 19704 394080 1064016 2
2472 32107 321070 1701671 5
2473 22785 273420 1048110 3
2474 3895 15580 62320 5
2475 67177 1074832 2552726 3
2476 33427 935956 1370507 3
2477 45183 271098 948843 2
2478 117009 2106162 3276252 1
2479 27596 165576 965860 4
2480 44900 449000 1257200 4
2481 54131 162393 1407406 2
2482 93926 2254224 5447708 2
2483 65102 2343672 5012854 1
2484 98914 692398 3264162 1
2485 68833 1927324 3235151 3
2486 107412 644472 1826004 2
2487 77561 155122 542927 3
2488 72430 724300 4128510 2
2489 101223 303669 2530575 5
2490 109979 109979 1759664 1
2491 53182 744548 2978192 4
2492 7188 100632 129384 4
2493 52072 156216 416576 4
2494 25409 254090 1295859 4
2495 53428 747992 1602840 1
2496 57646 864690 2248194 4
2497 106458 851664 4364778 5
2498 7672 23016 161112 3
2499 78059 390295 2575947 3
2500 87176 871760 4184448 1
