0001 27145 434320 814350 4
0002 28738 689712 833402 1
0003 22717 22717 45434 1
0004 216 0 2592 4
0005 11506 69036 264638 3
0006 10793 215860 420927 1
0007 4718 18872 136822 5
0008 1525 18300 48800 2
0009 26322 157932 184254 1
0010 23420 0 281040 5
0011 30345 303450 515865 5
0012 4226 25356 101424 1
0013 1254 12540 38874 2
0014 12379 24758 396128 3
0015 6163 61630 197216 5
0016 25920 622080 673920 2
0017 21223 254676 551798 4
0018 5690 85350 250360 5
0019 16513 148617 313747 5
0020 8878 266340 417266 4
0021 21792 348672 610176 4
0022 30106 361272 692438 5
0023 13539 40617 338475 3
0024 20190 302850 625890 1
0025 29643 533574 1363578 5
0026 10501 63006 325531 3
0027 17641 141128 687999 5
0028 1835 66060 104595 5
0029 619 14856 30331 4
0030 10058 30174 191102 4
0031 2864 17184 28640 5
0032 18300 73200 109800 5
0033 12643 303432 341361 4
0034 29892 149460 269028 1
0035 1251 60048 66303 4
0036 1926 5778 48150 3
0037 21422 107110 149954 3
0038 8848 141568 300832 3
0039 15590 93540 514470 3
0040 26092 208736 600116 5
0041 30170 543060 784420 4
0042 15815 379560 774935 2
0043 11103 33309 321987 3
0044 18645 205095 316965 2
0045 24755 371325 445590 1
0046 4674 84132 186960 2
0047 8146 32584 179212 3
0048 9452 113424 255204 4
0049 14259 285180 413511 1
0050 2121 31815 80598 2
0051 20198 60594 222178 5
0052 8102 32408 64816 3
0053 2634 55314 123798 1
0054 23281 279372 675149 5
0055 9645 0 260415 1
0056 12927 206832 387810 1
0057 4596 137880 220608 1
0058 4314 129420 228642 1
0059 29077 290770 756002 5
0060 5391 10782 129384 1
0061 19224 576720 807408 4
0062 16657 249855 699594 2
0063 16763 167630 687283 3
0064 3099 9297 52683 2
0065 21780 326700 522720 1
0066 12002 192032 252042 2
0067 6962 27848 187974 4
0068 13795 220720 565595 3
0069 16846 252690 707532 3
0070 15000 45000 225000 4
0071 1022 8176 23506 5
0072 15682 188184 470460 1
0073 11926 71556 190816 2
0074 374 3366 6732 3
0075 14723 147230 382798 5
0076 14966 299320 748300 2
0077 18206 109236 619004 2
0078 27644 221152 939896 5
0079 14503 232048 275557 5
0080 13856 83136 401824 4
0081 8195 98340 221265 1
0082 13945 83670 460185 5
0083 27398 54796 438368 4
0084 2872 17232 68928 1
0085 23899 573576 1075455 1
0086 20513 184617 779494 4
0087 28688 172128 1004080 1
0088 27484 137420 164904 2
0089 18598 278970 409156 3
0090 27617 414255 800893 4
0091 12260 49040 269720 2
0092 7370 29480 250580 3
0093 15460 247360 262820 5
0094 9889 118668 158224 2
0095 13951 167412 585942 5
0096 26473 79419 423568 1
0097 24614 196912 689192 5
0098 12690 50760 63450 2
0099 15571 124568 155710 2
0100 15032 60128 105224 4
0101 7595 136710 281015 1
0102 27471 659304 1016427 4
0103 2853 128385 151209 4
0104 17823 142584 516867 1
0105 27341 984276 1640460 4
0106 26871 644904 1101711 2
0107 7641 183384 336204 3
0108 2506 7518 17542 2
0109 583 3498 9328 3
0110 7029 42174 161667 2
0111 24883 199064 696724 1
0112 9846 0 147690 1
0113 19019 228228 589589 3
0114 13144 39432 236592 5
0115 19140 344520 899580 5
0116 17061 409464 511830 5
0117 20141 0 342397 5
0118 25696 102784 128480 5
0119 30774 553932 830898 3
0120 26295 525900 604785 5
0121 5 15 25 3
0122 5924 17772 88860 2
0123 21213 254556 848520 5
0124 22544 405792 946848 4
0125 11083 132996 199494 3
0126 22612 271344 497464 2
0127 8108 0 8108 5
0128 27310 409650 710060 2
0129 16816 67264 437216 1
0130 14296 85776 328808 2
0131 6146 61460 178234 3
0132 24748 296976 816684 1
0133 17468 69872 157212 5
0134 18060 216720 722400 4
0135 21393 106965 534825 3
0136 13028 390840 482036 1
0137 10132 91188 314092 3
0138 14509 174108 623887 3
0139 6875 61875 254375 2
0140 2422 87192 128366 2
0141 26718 400770 908412 2
0142 18420 110520 442080 4
0143 1587 19044 42849 4
0144 18897 188970 585807 4
0145 10500 63000 73500 2
0146 28008 504144 1260360 1
0147 918 9180 17442 3
0148 3717 14868 44604 2
0149 5925 11850 23700 3
0150 24869 621725 1168843 1
0151 5004 60048 85068 3
0152 12928 258560 400768 5
0153 25276 404416 834108 2
0154 14300 0 400400 2
0155 15074 90444 361776 1
0156 10391 0 145474 4
0157 1815 36300 67155 1
0158 22064 88256 154448 4
0159 22816 547584 798560 4
0160 23144 138864 740608 4
0161 15569 93414 451501 4
0162 19298 192980 714026 1
0163 27076 649824 1489180 5
0164 22488 134928 584688 1
0165 21243 21243 63729 2
0166 4809 4809 153888 3
0167 10197 122364 428274 4
0168 22441 0 157087 2
0169 13541 135410 528099 4
0170 51 153 357 4
0171 16471 131768 181181 3
0172 24620 196960 541640 3
0173 30382 455730 698786 1
0174 12836 38508 385080 5
0175 21644 389592 1060556 1
0176 9688 174384 358456 4
0177 9720 116640 408240 1
0178 23621 566904 1204671 2
0179 24687 148122 641862 4
0180 28674 143370 544806 3
0181 6584 79008 197520 4
0182 22012 88048 616336 4
0183 15664 93984 125312 1
0184 8807 52842 325859 3
0185 20135 80540 463105 3
0186 8490 101880 169800 3
0187 22234 133404 355744 3
0188 16135 64540 145215 4
0189 20553 123318 575484 5
0190 3050 0 48800 4
0191 8576 214400 231552 1
0192 20684 82736 620520 4
0193 6198 37188 167346 5
0194 29867 149335 627207 4
0195 16034 160340 240510 1
0196 26467 317604 635208 3
0197 21571 86284 172568 1
0198 23711 284532 616486 1
0199 30994 185964 681868 2
0200 8844 53064 106128 1
0201 29289 702936 1610895 1
0202 23351 163457 443669 1
0203 1889 45336 83116 4
0204 10498 157470 356932 3
0205 11936 59680 190976 4
0206 24040 360600 1033720 4
0207 6164 49312 92460 2
0208 18116 271740 634060 5
0209 2905 8715 61005 5
0210 6830 54640 191240 4
0211 4263 179046 260043 5
0212 6329 75948 240502 5
0213 29600 296000 621600 4
0214 10590 0 275340 3
0215 6502 91028 162550 2
0216 9079 108948 118027 4
0217 26172 314064 758988 5
0218 9120 109440 328320 2
0219 24010 384160 696290 5
0220 26641 213128 559461 3
0221 8015 64120 96180 2
0222 21426 42852 385668 5
0223 22396 89584 761464 5
0224 276 1656 7452 5
0225 24187 193496 580488 5
0226 27910 334920 586110 1
0227 12243 97944 452991 3
0228 27680 664320 1411680 5
0229 30030 540540 1231230 3
0230 4694 0 145514 1
0231 25242 403872 706776 1
0232 26385 395775 844320 3
0233 5110 51100 91980 1
0234 22732 136392 409176 3
0235 4378 52536 157608 1
0236 30737 491792 614740 3
0237 12111 363330 411774 1
0238 734 13212 31562 4
0239 12098 120980 496018 5
0240 28828 86484 490076 4
0241 667 3335 18676 2
0242 20002 120012 160016 5
0243 23143 208287 300859 3
0244 19325 193250 618400 1
0245 10741 42964 268525 1
0246 13047 326175 613209 1
0247 7057 127026 155254 2
0248 10806 259344 280956 3
0249 25996 259960 389940 1
0250 29943 119772 748575 1
0251 29004 58008 406056 4
0252 26673 320076 506787 2
0253 13165 105320 197475 1
0254 1765 10590 58245 3
0255 23270 69810 139620 2
0256 23620 354300 803080 2
0257 27214 816420 1034132 5
0258 14412 43236 172944 1
0259 8019 96228 176418 2
0260 6605 158520 277410 1
0261 4305 51660 64575 1
0262 17536 35072 350720 2
0263 12313 98504 467894 3
0264 23460 351900 891480 3
0265 23988 287856 431784 5
0266 28766 57532 776682 4
0267 22820 91280 114100 2
0268 17097 51291 393231 4
0269 14347 172164 286940 4
0270 6135 73620 153375 2
0271 22709 272508 295217 5
0272 3516 87900 126576 2
0273 217 2170 6076 5
0274 20671 0 165368 1
0275 12828 192420 590088 1
0276 25712 617088 694224 4
0277 3478 13912 100862 2
0278 30656 980992 1870016 2
0279 7509 67581 90108 2
0280 4342 13026 21710 5
0281 6517 26068 91238 5
0282 20773 186957 581644 3
0283 11552 231040 577600 4
0284 18453 147624 701214 2
0285 21967 263604 724911 4
0286 1992 17928 31872 1
0287 21881 131286 393858 5
0288 14761 88566 457591 2
0289 28422 85266 284220 2
0290 25558 204464 408928 2
0291 16096 402400 692128 3
0292 8520 51120 281160 3
0293 14 392 672 5
0294 26499 158994 609477 4
0295 27742 166452 665808 4
0296 25031 625775 750930 2
0297 16867 134936 573478 4
0298 19815 356670 891675 3
0299 7963 47778 167223 4
0300 7016 105240 210480 2
0301 10190 122280 427980 4
0302 27502 110008 137510 1
0303 27211 326532 489798 1
0304 13330 266600 439890 2
0305 29131 233048 699144 2
0306 20841 437661 1021209 4
0307 10221 204420 265746 5
0308 7201 64809 208829 3
0309 21278 383004 680896 2
0310 25858 103432 336154 2
0311 27094 81282 731538 5
0312 28871 721775 895001 2
0313 15210 91260 425880 1
0314 9765 58590 166005 5
0315 8752 52512 201296 4
0316 28460 569200 1195320 1
0317 10324 247776 557496 3
0318 6347 76164 228492 1
0319 20135 60405 241620 4
0320 11154 0 55770 4
0321 21516 193644 301224 5
0322 21768 522432 1023096 1
0323 10605 127260 371175 4
0324 12260 12260 61300 2
0325 30521 549378 1251361 4
0326 25167 755010 1182849 4
0327 6853 82236 260414 2
0328 23460 211140 891480 1
0329 5021 60252 110462 4
0330 23916 0 143496 4
0331 25990 77970 805690 4
0332 26957 404355 1051323 3
0333 3286 13144 78864 1
0334 17569 70276 175690 5
0335 21651 216510 433020 3
0336 30188 271692 1026392 4
0337 26192 104768 785760 4
0338 17090 273440 717780 5
0339 16598 199176 331960 4
0340 15611 187332 421497 1
0341 10614 106140 329034 2
0342 28090 0 56180 2
0343 12434 99472 460058 1
0344 19858 476592 496450 5
0345 26678 640272 1040442 5
0346 3143 18858 113148 3
0347 20131 322096 885764 5
0348 13935 167220 320505 3
0349 18342 550260 733680 3
0350 5989 59890 155714 3
0351 7056 211680 395136 3
0352 1572 37728 39300 3
0353 10956 98604 372504 1
0354 8593 128895 180453 5
0355 24654 73962 641004 5
0356 23625 141750 330750 1
0357 23507 188056 728717 1
0358 5188 31128 98572 5
0359 24106 144636 626756 4
0360 20088 120528 622728 2
0361 21607 216070 367319 2
0362 6868 27472 34340 2
0363 19889 636448 1213229 2
0364 13101 104808 222717 1
0365 6355 19065 120745 4
0366 23925 287100 885225 3
0367 18674 224088 429502 3
0368 4099 24594 131168 4
0369 22400 0 44800 1
0370 5993 59930 131846 1
0371 8389 461395 545285 1
0372 13249 79494 490213 2
0373 21707 911694 1476076 4
0374 14134 212010 226144 5
0375 8324 49944 158156 3
0376 5572 100296 267456 4
0377 23262 69786 604812 1
0378 16942 406608 796274 4
0379 315 1890 4410 5
0380 2091 62730 83640 2
0381 6013 24052 42091 5
0382 30853 92559 1018149 4
0383 22448 67344 650992 4
0384 29573 266157 532314 4
0385 20418 102090 490032 5
0386 11335 272040 600755 1
0387 25613 307356 486647 3
0388 6088 24352 66968 2
0389 22352 201168 603504 2
0390 9787 39148 254462 4
0391 29850 1194000 1611900 3
0392 3987 15948 131571 5
0393 10699 192582 310271 2
0394 16399 32798 180389 4
0395 1744 17440 20928 1
0396 5259 10518 157770 4
0397 27105 325260 623415 4
0398 25741 386115 540561 5
0399 5502 16506 126546 1
0400 7472 29888 104608 5
0401 28693 0 114772 1
0402 15063 0 30126 5
0403 1072 12864 22512 3
0404 14884 223260 535824 2
0405 12529 200464 413457 3
0406 26486 158916 662150 1
0407 17556 421344 930468 1
0408 27637 331644 884384 5
0409 5430 32580 86880 4
0410 25174 201392 906264 1
0411 21277 255324 659587 5
0412 11620 244020 429940 5
0413 13931 83586 403999 5
0414 24000 480000 816000 5
0415 30415 182490 304150 4
0416 30715 737160 1412890 1
0417 13696 41088 178048 5
0418 24130 120650 699770 5
0419 14759 73795 457529 4
0420 3464 6928 72744 4
0421 1740 20880 57420 4
0422 30263 181578 938153 1
0423 30133 271197 994389 4
0424 15471 232065 711666 3
0425 15227 182724 274086 1
0426 26119 156714 574618 4
0427 21158 317370 634740 5
0428 1032 18576 19608 4
0429 1564 37536 68816 5
0430 18407 110442 515396 1
0431 23052 207468 737664 4
0432 12591 302184 415503 2
0433 380 3040 12160 4
0434 5794 0 69528 3
0435 3752 15008 112560 3
0436 24556 147336 540232 4
0437 10597 63582 370895 5
0438 27957 0 55914 3
0439 20496 245952 348432 3
0440 18901 472525 869446 3
0441 9104 163872 245808 2
0442 21197 105985 339152 4
0443 448 1792 5376 1
0444 11156 133872 267744 1
0445 24362 24362 682136 1
0446 18149 0 54447 4
0447 440 2640 14960 5
0448 5641 169230 242563 5
0449 15209 152090 273762 5
0450 29871 0 268839 4
0451 186 1860 2604 5
0452 9353 56118 149648 4
0453 16 192 352 2
0454 12837 256740 346599 1
0455 22771 136626 637588 5
0456 14354 344496 502390 2
0457 8600 17200 34400 1
0458 28453 0 796684 5
0459 6120 36720 79560 3
0460 2306 18448 71486 2
0461 22651 271812 792785 2
0462 29583 473328 532494 3
0463 22124 110620 221240 3
0464 7196 172704 323820 4
0465 6480 38880 64800 2
0466 24793 595032 1115685 1
0467 17078 68312 256170 2
0468 13854 69270 415620 5
0469 7701 15402 154020 2
0470 1206 4824 36180 3
0471 20394 407880 591426 4
0472 30089 60178 932759 4
0473 19391 387820 445993 4
0474 10596 21192 328476 4
0475 13656 245808 341400 4
0476 20370 162960 285180 4
0477 1013 12156 36468 1
0478 5606 0 100908 1
0479 18504 222048 555120 3
0480 24492 587808 857220 3
0481 16566 82830 231924 1
0482 12265 36795 220770 2
0483 29154 583080 1282776 5
0484 20991 377838 503784 1
0485 30443 456645 1369935 5
0486 30117 240936 301170 1
0487 11334 136008 442026 2
0488 12808 256160 499512 5
0489 22834 91336 662186 2
0490 20381 81524 509525 2
0491 10603 63618 296884 2
0492 2751 33012 101787 1
0493 18457 221484 627538 2
0494 27154 217232 407310 4
0495 14263 171156 427890 5
0496 18923 283845 605536 3
0497 22778 273336 865564 3
0498 22723 681690 886197 5
0499 1839 3678 9195 4
0500 836 25080 41800 5
0501 2950 29500 120950 2
0502 5586 5586 72618 4
0503 19811 118866 217921 5
0504 11888 71328 213984 3
0505 17659 141272 600406 4
0506 22342 357472 469182 2
0507 20908 334528 606332 1
0508 4468 35744 169784 4
0509 20011 400220 600330 3
0510 26022 312264 728616 4
0511 11476 45904 149188 3
0512 18382 551460 753662 2
0513 7180 129240 251300 1
0514 18954 151632 246402 2
0515 11099 133188 477257 4
0516 20700 248400 476100 5
0517 11811 106299 366141 2
0518 9522 228528 323748 4
0519 11329 203922 283225 3
0520 6667 166675 253346 1
0521 17259 138072 189849 2
0522 12449 49796 199184 3
0523 21068 252816 316020 2
0524 16113 563955 966780 5
0525 12176 219168 292224 5
0526 6963 69630 76593 3
0527 12440 186600 547360 5
0528 4579 73264 178581 3
0529 26917 269170 672925 3
0530 1170 14040 42120 2
0531 16635 598860 1097910 5
0532 8398 83980 268736 5
0533 19186 345348 940114 1
0534 545 15260 23435 5
0535 14728 117824 530208 1
0536 30154 904620 1025236 4
0537 20646 103230 392274 4
0538 7972 143496 199300 5
0539 8959 17918 197098 4
0540 4535 18140 154190 5
0541 7453 44718 163966 4
0542 17742 0 35484 5
0543 27635 442160 1077765 1
0544 5865 17595 140760 2
0545 5621 101178 207977 4
0546 6991 0 27964 4
0547 18384 0 422832 4
0548 20663 123978 206630 5
0549 11937 0 262614 5
0550 4992 49920 99840 5
0551 7244 57952 86928 1
0552 16210 64840 194520 2
0553 22318 446360 892720 5
0554 20997 314955 923868 5
0555 16844 252660 286348 4
0556 29072 436080 697728 4
0557 1671 6684 35091 3
0558 21754 195786 326310 2
0559 12523 0 187845 5
0560 26613 186291 878229 2
0561 7456 14912 201312 1
0562 14395 57580 287900 1
0563 30035 60070 901050 3
0564 11063 398268 553150 2
0565 18234 164106 437616 1
0566 4464 107136 165168 4
0567 5493 21972 192255 5
0568 24859 198872 919783 3
0569 29691 118764 445365 4
0570 599 2396 20965 5
0571 30208 906240 1057280 4
0572 15469 15469 402194 4
0573 29988 539784 1199520 1
0574 1092 5460 26208 1
0575 18124 217488 670588 1
0576 23632 354480 803488 2
0577 26635 79905 665875 5
0578 15986 287748 303734 2
0579 12378 148536 222804 1
0580 26830 53660 563430 4
0581 13363 53452 213808 4
0582 21785 108925 631765 1
0583 11449 22898 194633 1
0584 19776 830592 1443648 1
0585 8066 129056 209716 5
0586 25598 383970 998322 4
0587 9580 76640 153280 3
0588 21953 329295 658590 5
0589 14395 115160 374270 1
0590 17597 87985 316746 4
0591 26510 159060 715770 5
0592 7 42 119 2
0593 27606 828180 1352694 3
0594 7287 43722 153027 5
0595 2105 18945 65255 5
0596 23638 212742 567312 3
0597 10073 120876 221606 5
0598 17567 351340 614845 5
0599 20758 62274 124548 2
0600 3861 3861 88803 5
0601 15755 94530 456895 2
0602 8410 100920 126150 4
0603 23857 143142 429426 5
0604 17653 317754 617855 4
0605 4880 14640 63440 5
0606 25900 466200 518000 3
0607 12905 103240 180670 5
0608 18072 180720 560232 4
0609 6435 154440 257400 3
0610 19785 39570 257205 3
0611 20103 241236 723708 3
0612 23495 234950 516890 2
0613 1788 7152 62580 5
0614 994 2982 32802 4
0615 2843 51174 93819 2
0616 3111 62220 111996 2
0617 11648 93184 361088 3
0618 27792 166752 277920 5
0619 2147 10735 21470 2
0620 16478 98868 214214 1
0621 11053 33159 276325 3
0622 30816 30816 801216 3
0623 14630 29260 351120 4
0624 11000 132000 330000 5
0625 27067 649608 893211 1
0626 29117 174702 815276 5
0627 14984 179808 329648 3
0628 25454 152724 585442 4
0629 5524 22096 121528 1
0630 10265 41060 256625 5
0631 13972 0 335328 1
0632 28494 569880 883314 4
0633 17506 210072 630216 5
0634 14796 118368 429084 3
0635 16339 98034 490170 1
0636 11282 56410 214358 4
0637 19497 233964 682395 3
0638 9372 46860 103092 5
0639 15226 91356 456780 4
0640 25581 895335 920916 5
0641 30951 247608 959481 1
0642 27622 138110 276220 4
0643 13470 161640 538800 5
0644 705 1410 12690 2
0645 593 14232 17790 3
0646 26606 159636 558726 5
0647 9409 282270 301088 3
0648 2801 84030 86831 4
0649 30507 183042 732168 2
0650 5873 11746 46984 1
0651 24866 397856 895176 2
0652 22808 0 205272 5
0653 3672 14688 58752 4
0654 28120 56240 196840 3
0655 23130 138780 416340 1
0656 9116 109392 237016 1
0657 16320 587520 783360 3
0658 29463 117852 618723 2
0659 29259 438885 1082583 5
0660 23351 467020 490371 1
0661 23365 140190 794410 5
0662 4103 82060 86163 4
0663 29512 265608 708288 2
0664 29438 58876 794826 4
0665 10838 325140 433520 2
0666 13196 105568 158352 4
0667 14700 58800 132300 5
0668 12393 37179 173502 1
0669 17099 68396 547168 3
0670 18526 370520 926300 1
0671 1798 10788 53940 1
0672 759 6072 15939 2
0673 29209 29209 87627 2
0674 24086 433548 674408 4
0675 2710 16260 100270 4
0676 15070 180840 286330 5
0677 28511 114044 969374 4
0678 3650 87600 182500 1
0679 16861 33722 337220 5
0680 2026 10130 20260 2
0681 22626 181008 294138 2
0682 22925 137550 825300 2
0683 21091 126546 232001 5
0684 8184 98208 163680 5
0685 26533 265330 981721 3
0686 23190 69570 92760 1
0687 392 9800 15680 2
0688 11797 235940 530865 5
0689 15154 181848 242464 5
0690 6857 6857 61713 3
0691 21539 172312 667709 2
0692 6884 185868 330432 2
0693 9964 39856 89676 4
0694 16404 114828 541332 3
0695 28486 341832 854580 1
0696 13552 13552 121968 2
0697 865 0 9515 5
0698 7612 15224 144628 1
0699 7282 145640 269434 5
0700 28693 172158 430395 2
0701 21787 130722 610036 1
0702 9082 36328 45410 4
0703 6403 32015 179284 3
0704 542 16260 24932 1
0705 537 6444 13962 1
0706 20051 360918 561428 3
0707 28675 57350 917600 5
0708 25144 905184 1232056 2
0709 10057 201140 492793 5
0710 5847 35082 40929 3
0711 23126 208134 508772 1
0712 1832 1832 14656 3
0713 20051 421071 641632 2
0714 17579 52737 474633 3
0715 20136 201360 765168 5
0716 9436 283080 500108 3
0717 17868 71472 410964 4
0718 11177 134124 380018 2
0719 8066 32264 177452 4
0720 30268 605360 1331792 2
0721 26753 133765 481554 4
0722 4073 36657 101825 3
0723 11298 67788 101682 3
0724 10926 196668 415188 2
0725 9995 199900 499750 5
0726 7245 181125 297045 1
0727 18054 72216 198594 1
0728 10885 97965 413630 5
0729 11916 47664 107244 4
0730 14940 29880 433260 5
0731 18892 18892 56676 2
0732 6963 83556 90519 2
0733 6675 6675 186900 2
0734 6790 0 20370 1
0735 22955 68865 619785 5
0736 8142 24426 195408 2
0737 28113 506034 927729 5
0738 13324 159888 559608 5
0739 7461 44766 186525 5
0740 28657 143285 659111 2
0741 10661 159915 341152 4
0742 20869 0 459118 3
0743 26281 26281 315372 2
0744 29808 238464 834624 4
0745 25661 76983 667186 4
0746 18868 301888 641512 4
0747 23816 357240 1047904 4
0748 23553 282636 942120 1
0749 23024 138144 460480 1
0750 13376 107008 133760 4
0751 10245 20490 286860 1
0752 2872 11488 86160 4
0753 3815 7630 22890 5
0754 22958 91832 619866 3
0755 4500 0 54000 2
0756 27248 136240 790192 1
0757 29973 0 629433 2
0758 18048 108288 487296 1
0759 12367 148404 494680 4
0760 6528 78336 267648 1
0761 7134 114144 149814 2
0762 27852 250668 1030524 5
0763 1234 4936 27148 3
0764 13102 13102 78612 2
0765 10187 244488 387106 4
0766 10721 64326 128652 2
0767 11580 23160 92640 1
0768 21301 63903 276913 2
0769 3075 6150 15375 4
0770 18405 220860 294480 4
0771 19380 484500 678300 3
0772 16991 407784 424775 3
0773 16183 64732 550222 5
0774 8965 107580 143440 2
0775 10881 130572 348192 5
0776 26157 313884 627768 5
0777 24899 99596 522879 5
0778 18004 108024 450100 2
0779 24369 609225 950391 1
0780 24032 288384 576768 5
0781 17912 71648 232856 4
0782 22165 332475 1019590 3
0783 3198 12792 19188 5
0784 30211 120844 543798 1
0785 24820 148920 421940 4
0786 16014 96084 560490 5
0787 28495 284950 1139800 2
0788 14618 29236 190034 5
0789 26739 802170 1497384 1
0790 10201 91809 377437 2
0791 13118 104944 327950 5
0792 17971 0 269565 3
0793 3057 12228 30570 5
0794 18135 362700 689130 3
0795 18623 55869 372460 3
0796 26272 472896 919520 2
0797 17113 0 342260 3
0798 13499 323976 377972 1
0799 18861 188610 396081 3
0800 16912 135296 219856 3
0801 18378 110268 312426 2
0802 12958 51832 207328 2
0803 27149 108596 325788 1
0804 28763 517734 949179 2
0805 12840 51360 359520 4
0806 14885 297700 595400 1
0807 20576 82304 308640 2
0808 26510 53020 689260 1
0809 18981 341658 360639 4
0810 8791 87910 193402 2
0811 6808 34040 88504 4
0812 9422 9422 254394 2
0813 17378 208536 486584 2
0814 24935 249350 274285 4
0815 4140 49680 124200 5
0816 23274 349110 768042 1
0817 28019 112076 700475 5
0818 21235 297290 785695 5
0819 12972 389160 648600 1
0820 30193 603860 1056755 3
0821 30330 60660 727920 4
0822 27168 489024 1195392 2
0823 2883 34596 77841 3
0824 27400 328800 959000 4
0825 19078 152624 286170 4
0826 28544 171264 285440 4
0827 16261 195132 374003 3
0828 2736 32832 54720 1
0829 16439 164390 657560 4
0830 3597 35970 53955 1
0831 13597 244746 258343 4
0832 13870 416100 846070 1
0833 20206 121236 646592 4
0834 7241 28964 173784 1
0835 777 3108 24087 1
0836 1313 5252 39390 1
0837 11505 138060 391170 1
0838 4189 62835 134048 1
0839 24801 0 297612 5
0840 22671 181368 612117 4
0841 13729 82374 137290 5
0842 24881 497620 945478 5
0843 14151 169812 608493 4
0844 1689 10134 16890 4
0845 19209 345762 364971 2
0846 14807 88842 503438 1
0847 2481 4962 57063 5
0848 11344 170160 283600 2
0849 12801 204816 332826 4
0850 23601 118005 755232 1
0851 27681 221448 498258 2
0852 14290 342960 714500 3
0853 4345 13035 65175 4
0854 25010 25010 650260 4
0855 19654 589620 746852 4
0856 19179 230148 690444 2
0857 30231 181386 513927 4
0858 11337 396795 544176 1
0859 17173 206076 394979 5
0860 4574 27444 82332 5
0861 11691 140292 257202 3
0862 8389 25167 41945 3
0863 21367 42734 534175 4
0864 24436 146616 366540 2
0865 25139 452502 1055838 4
0866 11215 56075 201870 2
0867 8165 97980 138805 5
0868 29986 59972 149930 2
0869 19540 0 527580 5
0870 6546 39276 209472 4
0871 14020 56080 140200 3
0872 11961 143532 358830 3
0873 6983 27932 223456 2
0874 20564 82256 329024 1
0875 4216 67456 164424 2
0876 6453 51624 238761 1
0877 7502 45012 112530 3
0878 13291 39873 146201 4
0879 12243 244860 624393 3
0880 27989 503802 979615 3
0881 25734 463212 540414 5
0882 23470 46940 680630 1
0883 10873 65238 97857 2
0884 7823 140814 352035 5
0885 24537 196296 392592 2
0886 16859 168590 488911 2
0887 26013 780390 1534767 4
0888 1823 18230 72920 2
0889 25833 387495 1007487 3
0890 1624 9744 55216 2
0891 28216 846480 1015776 4
0892 21312 85248 149184 4
0893 8833 88330 335654 5
0894 5011 120264 250550 2
0895 11332 271968 328628 3
0896 15456 185472 231840 1
0897 2017 24204 58493 1
0898 23268 0 232680 3
0899 3635 58160 112685 3
0900 26146 209168 915110 5
0901 17434 261510 679926 2
0902 18462 166158 387702 3
0903 25447 203576 305364 3
0904 2942 58840 91202 5
0905 4772 85896 181336 1
0906 13734 109872 384552 5
0907 6187 12374 55683 4
0908 26320 526400 552720 2
0909 5066 126650 157046 3
0910 24475 0 636350 3
0911 16389 163890 376947 2
0912 20273 121638 405460 4
0913 19461 77844 97305 3
0914 15821 237315 411346 1
0915 19281 115686 501306 4
0916 22100 88400 353600 2
0917 12016 96128 348464 1
0918 11885 237700 320895 2
0919 15888 63552 524304 3
0920 10195 122340 152925 3
0921 15390 0 415530 2
0922 13125 39375 210000 3
0923 20263 81052 303945 2
0924 4314 103536 228642 5
0925 7939 142902 261987 1
0926 9641 86769 115692 5
0927 1624 16240 22736 3
0928 12599 37797 125990 3
0929 24801 148806 620025 2
0930 22181 399258 443620 2
0931 1888 37760 60416 3
0932 7433 111495 237856 4
0933 11529 23058 92232 5
0934 23287 186296 209583 1
0935 12660 316500 430440 4
0936 27486 0 329832 1
0937 22247 177976 244717 2
0938 13144 52576 249736 1
0939 15557 93342 342254 2
0940 27082 162492 487476 4
0941 2570 12850 53970 5
0942 27045 649080 811350 4
0943 19203 230436 595293 5
0944 5709 85635 97053 3
0945 16465 49395 362230 2
0946 4466 26796 62524 3
0947 5795 104310 150670 3
0948 21599 259188 842361 3
0949 16181 582516 987041 5
0950 27872 0 864032 2
0951 20542 82168 184878 1
0952 14634 351216 453654 3
0953 12177 97416 267894 2
0954 17023 255345 731989 1
0955 19437 38874 272118 4
0956 27451 164706 356863 4
0957 415 3320 5395 1
0958 18147 145176 526263 2
0959 14158 42474 198212 3
0960 13449 0 121041 3
0961 4305 107625 120540 5
0962 22773 409914 888147 4
0963 12343 185145 283889 4
0964 4098 0 57372 4
0965 18888 56664 547752 3
0966 25360 608640 1141200 3
0967 29915 119660 448725 4
0968 11571 0 104139 3
0969 28813 230504 1123707 1
0970 12018 0 120180 1
0971 20676 248112 682308 4
0972 17513 35026 367773 1
0973 30392 364704 425488 4
0974 23817 285804 905046 3
0975 27019 0 378266 1
0976 25936 233424 570592 2
0977 26319 78957 868527 1
0978 23697 189576 829395 5
0979 29853 358236 388089 2
0980 14366 172392 459712 2
0981 17811 142488 195921 1
0982 11881 237620 510883 5
0983 5376 0 112896 2
0984 14718 58872 485694 3
0985 707 8484 30401 5
0986 21180 190620 232980 4
0987 10862 162930 314998 4
0988 9918 119016 218196 2
0989 30475 457125 1005675 5
0990 28913 173478 1040868 5
0991 6922 6922 96908 4
0992 10970 197460 263280 5
0993 7173 64557 136287 1
0994 11127 133524 244794 4
0995 23936 95744 311168 5
0996 4325 43250 147050 3
0997 10373 103730 186714 3
0998 11119 133428 455879 1
0999 19719 118314 729603 3
1000 11250 56250 157500 2
