0001 75407 452442 3694943 1
0002 7256 253960 348288 4
0003 76630 2682050 6283660 1
0004 6095 12190 67045 1
0005 416 1248 5408 4
0006 50630 455670 961970 5
0007 25148 1207104 1911248 4
0008 97812 97812 391248 1
0009 108731 869848 1087310 4
0010 47562 190248 1236612 4
0011 122859 1474308 3808629 4
0012 68802 1651248 1926456 3
0013 3170 0 66570 3
0014 86075 1032900 2151875 3
0015 46262 1387860 2081790 5
0016 117560 470240 2586320 2
0017 81868 491208 3765928 4
0018 103460 4966080 10035620 4
0019 93338 1680084 2146774 1
0020 51883 1089543 1608373 5
0021 30885 494160 1235400 2
0022 13658 0 218528 3
0023 112003 448012 560015 4
0024 1240 0 27280 3
0025 73266 732660 3590034 5
0026 6670 0 326830 2
0027 79118 158236 4035018 3
0028 13829 69145 719108 3
0029 20938 83752 293132 1
0030 119144 953152 4527472 5
0031 51399 102798 1696167 4
0032 23395 233950 280740 4
0033 4544 27264 227200 5
0034 40296 846216 2780424 4
0035 29814 0 357768 1
0036 105038 420152 3676330 1
0037 124324 2486480 5345932 4
0038 70404 281616 563232 4
0039 23645 496545 1536925 1
0040 58457 350742 1695253 2
0041 91709 1100508 2109307 1
0042 28400 511200 823600 5
0043 53198 212792 372386 1
0044 107663 1614945 3337553 1
0045 46012 920240 2898756 5
0046 33223 132892 631237 2
0047 7326 43956 58608 1
0048 117988 2123784 6607328 3
0049 26408 132040 739424 2
0050 100638 1207656 1509570 4
0051 72744 436464 1454880 5
0052 123500 2470000 8398000 1
0053 28839 230712 663297 3
0054 108335 1300020 3466720 3
0055 60549 1695372 4722822 2
0056 19983 79932 999150 2
0057 72454 217362 3477792 2
0058 22693 272316 431167 1
0059 74713 448278 597704 1
0060 88492 884920 4690076 4
0061 43972 0 659580 3
0062 83961 0 2099025 1
0063 21282 446922 617178 4
0064 96452 96452 3761628 3
0065 107985 431940 1619775 2
0066 78118 1874832 3905900 1
0067 61761 741132 988176 3
0068 58853 1647884 3825445 1
0069 49133 589596 2456650 4
0070 26259 393885 1076619 4
0071 118408 118408 4973136 4
0072 108877 871016 2395294 2
0073 11492 57460 195364 4
0074 6966 69660 278640 1
0075 117238 2110284 2579236 4
0076 113665 681990 2614295 4
0077 40829 163316 2000621 1
0078 58599 820386 3750336 5
0079 32332 323320 420316 5
0080 87298 174596 2095152 5
0081 25981 311772 623544 5
0082 97536 2926080 6144768 3
0083 107413 644478 3329803 2
0084 59829 119658 3111108 5
0085 61408 0 1412384 5
0086 60366 181098 2173176 3
0087 78694 944328 1180410 1
0088 36000 108000 1260000 4
0089 185 1110 5735 2
0090 39338 1101464 2360280 2
0091 21655 259860 736270 5
0092 73983 2071524 3255252 4
0093 81084 1702764 4378536 5
0094 108261 1299132 5413050 5
0095 16942 203304 948752 1
0096 54081 162243 594891 1
0097 18077 36154 849619 1
0098 14003 168036 616132 1
0099 78557 314228 3220837 3
0100 121714 851998 2677708 4
0101 48670 194680 1995470 2
0102 63128 378768 3156400 1
0103 46797 187188 1825083 5
0104 20034 120204 200340 2
0105 85623 1369968 3681789 4
0106 71390 214170 3569500 2
0107 11315 101835 418655 4
0108 1344 18816 81984 2
0109 39302 0 1965100 4
0110 78698 944376 3777504 3
0111 16722 267552 535104 4
0112 89783 628481 1077396 2
0113 48156 385248 2600424 3
0114 8523 42615 221598 2
0115 48537 873666 3251979 5
0116 47586 95172 1427580 5
0117 89434 0 3487926 1
0118 108221 432884 4004177 3
0119 118962 0 475848 1
0120 53245 0 1970065 5
0121 104366 1565490 2504784 2
0122 119815 1437780 3594450 1
0123 22914 137484 1237356 2
0124 4434 22170 208398 3
0125 103314 2169594 2789478 3
0126 5636 33816 264892 4
0127 102809 1233708 5346068 4
0128 77310 1391580 1932750 3
0129 57808 1213968 1734240 3
0130 109392 1969056 2953584 4
0131 20332 40664 121992 4
0132 47353 1136472 2083532 2
0133 115318 461272 5419946 1
0134 45178 542136 722848 3
0135 25597 76791 1151865 2
0136 23654 283848 851544 2
0137 80558 1208370 4027900 1
0138 97313 3503268 3600581 1
0139 30672 1288224 2024352 4
0140 92679 1390185 5004666 5
0141 101893 2853004 3260576 2
0142 73380 733800 2935200 3
0143 94991 1139892 5794451 2
0144 91080 1092960 4371840 4
0145 64002 640020 1280040 3
0146 106281 743967 1381653 3
0147 48099 1923960 2645445 4
0148 8569 102828 257070 4
0149 79817 79817 3831216 2
0150 56497 338982 1694910 1
0151 117637 5764213 6117124 4
0152 97327 1557232 1849213 2
0153 29632 118528 1451968 2
0154 51184 460656 614208 4
0155 71814 0 2513490 2
0156 30879 92637 1296918 3
0157 89780 1885380 4578780 5
0158 29169 700056 1020915 3
0159 56686 566860 2720928 1
0160 64467 128934 1740609 2
0161 52270 313620 1149940 1
0162 100582 2011640 5330846 4
0163 21876 196884 525024 3
0164 46256 138768 1572704 2
0165 85998 1031976 5331876 2
0166 11811 118110 295275 3
0167 81763 735867 4088150 3
0168 61093 244372 1649511 3
0169 42003 210015 1302093 5
0170 22456 224560 404208 4
0171 49726 149178 2585752 3
0172 122642 1962272 2084914 1
0173 104856 3774816 7759344 3
0174 101530 2538250 3655080 4
0175 86530 1038360 4932210 1
0176 15237 182844 655191 4
0177 54443 326658 2449935 3
0178 55156 661872 2592332 2
0179 90456 2170944 4522800 3
0180 122476 2571996 6001324 2
0181 7227 173448 368577 2
0182 78910 473460 3077490 5
0183 112533 4051188 6414381 4
0184 71694 0 430164 4
0185 69016 414096 2070480 5
0186 53534 107068 2462564 3
0187 1367 8202 58781 4
0188 36615 292920 512610 4
0189 54402 1142442 1904070 2
0190 46932 938640 2065008 1
0191 82325 823250 1234875 1
0192 22868 137208 1143400 5
0193 6210 130410 279450 4
0194 42651 170604 1364832 2
0195 51693 1085553 1602483 4
0196 70738 0 353690 3
0197 115901 2086218 2665723 2
0198 24312 145872 413304 4
0199 119293 238586 1073637 4
0200 112169 1346028 2804225 4
0201 60001 0 240004 5
0202 89532 1790640 2954556 1
0203 20546 41092 965662 1
0204 86238 1810998 2328426 2
0205 72224 288896 1372256 4
0206 41962 125886 1132974 5
0207 74937 224811 3147354 5
0208 38499 461988 1116471 4
0209 92833 742664 1299662 1
0210 57728 0 2251392 1
0211 781 11715 48422 2
0212 95206 3332210 6474008 3
0213 86717 2601510 4335850 2
0214 71245 1282410 3206025 2
0215 123358 986864 6908048 5
0216 26580 372120 1036620 1
0217 87983 439915 1319745 3
0218 93604 748832 1404060 5
0219 90708 1269912 4716816 4
0220 45652 1095648 2830424 2
0221 57017 1995595 3820139 1
0222 7515 90180 157815 2
0223 5900 88500 182900 4
0224 47564 570768 2330636 3
0225 115623 1040607 2543706 1
0226 54891 988038 1207602 2
0227 12036 0 84252 3
0228 28566 399924 1713960 2
0229 54736 218944 930512 4
0230 80261 401305 722349 1
0231 55701 1169721 3564864 3
0232 120202 3365656 5409090 5
0233 92864 2321600 2785920 2
0234 37691 452292 2186078 4
0235 121610 729660 2918640 4
0236 82792 662336 1241880 3
0237 31991 223937 991721 4
0238 88486 530916 3185496 4
0239 52638 157914 1842330 1
0240 101284 2025680 5671904 5
0241 21551 301714 1055999 2
0242 1958 5874 90068 3
0243 18024 18024 72096 4
0244 41778 250668 417780 1
0245 33231 1395702 2592018 2
0246 110361 331083 3752274 1
0247 84078 420390 2017872 2
0248 46510 139530 511610 2
0249 38212 382120 1987024 3
0250 26371 738388 1450405 4
0251 105531 1266372 2427213 5
0252 75683 1135245 1513660 1
0253 88410 884100 3182760 5
0254 113497 1361964 2950922 4
0255 54198 0 1842732 5
0256 21392 256704 1304912 2
0257 12121 254541 812107 4
0258 4952 49520 79232 2
0259 3053 91590 170968 1
0260 100996 201992 2322908 2
0261 47387 0 1516384 4
0262 12463 224334 261723 4
0263 109057 1635855 3053596 1
0264 93758 468790 4125352 4
0265 98316 196632 4325904 1
0266 118870 2852880 5349150 1
0267 121921 1097289 4511077 1
0268 100401 401604 5421654 4
0269 99236 396944 3473260 2
0270 21998 43996 263976 3
0271 108649 651894 3259470 3
0272 44366 621124 2307032 3
0273 113586 0 4202682 1
0274 121093 3027325 8234324 5
0275 52261 209044 1933657 3
0276 32830 393960 1346030 2
0277 97395 1753110 3603615 4
0278 100090 3603240 8607740 1
0279 107699 215398 4092562 5
0280 31753 63506 1428885 3
0281 48419 290514 677866 4
0282 118931 2497551 6660136 1
0283 103006 412024 5150300 4
0284 52006 364042 2028234 4
0285 35096 842304 2316336 2
0286 23384 561216 1145816 4
0287 7701 138618 492864 1
0288 95753 2393825 2776837 2
0289 54432 544320 598752 2
0290 54152 1083040 1137192 1
0291 83195 1497510 4575725 2
0292 23908 334712 812872 5
0293 85118 170236 425590 2
0294 31745 126980 888860 3
0295 84040 420200 756360 5
0296 75345 1808280 2486385 4
0297 57063 684756 3024339 4
0298 115307 230614 1614298 4
0299 112383 2022894 4495320 4
0300 97355 1460325 2044455 5
0301 24360 243600 730800 4
0302 6972 20916 341628 2
0303 85504 171008 3249152 5
0304 112287 449148 3480897 5
0305 103854 623124 4569576 4
0306 90761 544566 4447289 5
0307 17302 242228 467154 1
0308 56341 1183161 3324119 5
0309 6231 12462 230547 2
0310 73879 295516 3472313 5
0311 92019 828171 5245083 2
0312 21029 63087 420580 2
0313 1030 6180 38110 5
0314 110637 1659555 4978665 5
0315 88607 1329105 3101245 5
0316 107133 2142660 4392453 4
0317 53300 373100 2878200 4
0318 75190 150380 3458740 3
0319 53957 539570 1187054 2
0320 37958 75916 759160 4
0321 38941 0 428351 2
0322 75038 0 1425722 1
0323 1510 12080 19630 1
0324 85414 512484 3416560 4
0325 58014 58014 2378574 1
0326 43412 260472 1085300 5
0327 79558 954696 2148066 1
0328 115971 2319420 5102724 1
0329 64191 1797348 3530505 2
0330 17687 159183 778228 4
0331 74836 224508 1122540 5
0332 41626 374634 1373658 1
0333 32158 900424 1897322 1
0334 74829 1346922 1571409 3
0335 55005 165015 770070 1
0336 60681 1092258 3822903 2
0337 98089 588534 3825471 4
0338 55958 1678740 3749186 3
0339 23179 115895 1066234 5
0340 15993 0 511776 2
0341 91018 4459882 7736530 3
0342 122909 737454 2826907 4
0343 36795 1177440 1839750 5
0344 71210 356050 1780250 2
0345 22319 446380 1115950 4
0346 84859 1697180 2715488 5
0347 75730 1060220 2423360 5
0348 113401 907208 2381421 3
0349 54976 989568 3738368 3
0350 55256 165768 276280 3
0351 104946 1259352 1364298 3
0352 25238 908568 1665708 3
0353 115673 1156730 3817209 1
0354 35776 143104 357760 5
0355 63538 254152 2922748 3
0356 116836 2336720 4907112 3
0357 72822 0 1019508 1
0358 2005 40100 66165 3
0359 115763 2778312 7640358 1
0360 43234 1037616 2507572 1
0361 67568 1351360 4324352 1
0362 14943 89658 104601 2
0363 19165 153320 344970 2
0364 45728 960288 1371840 1
0365 18719 168471 524132 1
0366 65626 131252 1509398 5
0367 119487 716922 1194870 3
0368 62417 374502 3058433 3
0369 50871 1526130 2289195 4
0370 8916 249648 383388 2
0371 41194 164776 2100894 2
0372 107153 428612 2464519 1
0373 48762 1365336 2340576 5
0374 108128 432512 5730784 4
0375 27954 978390 1481562 5
0376 86607 1039284 4763385 1
0377 109025 2180500 4797100 3
0378 69246 623214 3116070 2
0379 70358 1125728 3940048 1
0380 73820 590560 1328760 5
0381 74696 2091488 4780544 4
0382 109057 2181140 3489824 3
0383 33522 703962 2212452 5
0384 71518 0 2431612 4
0385 78171 1407078 5081115 3
0386 21274 170192 510576 2
0387 19031 342558 666085 3
0388 82198 82198 3041326 4
0389 118451 4974942 10897492 2
0390 48923 293538 2641842 5
0391 28066 420990 1262970 3
0392 110834 554170 997506 1
0393 37877 378770 643909 4
0394 69786 837432 4326732 4
0395 45312 906240 3081216 3
0396 120883 241766 1934128 2
0397 102035 102035 3265120 2
0398 60507 242028 2359773 5
0399 3808 26656 178976 5
0400 31582 663222 1010624 4
0401 101733 610398 2645058 2
0402 15219 304380 350037 5
0403 89674 2510872 4573374 1
0404 101585 507925 5180835 3
0405 98044 196088 4411980 4
0406 94028 564168 1598476 3
0407 9099 72792 445851 2
0408 75503 453018 3775150 3
0409 100717 1007170 4935133 4
0410 41153 1152284 2345721 4
0411 81086 324344 4054300 4
0412 28935 173610 1331010 4
0413 29067 348804 1308015 1
0414 124413 0 3981216 3
0415 104434 2506416 3759624 2
0416 61445 122890 1106010 2
0417 95456 1431840 4486432 3
0418 8259 173439 198216 5
0419 66476 997140 1661900 2
0420 9841 68887 216502 5
0421 38766 155064 814086 5
0422 27568 220544 413520 1
0423 78927 789270 1578540 3
0424 755 15100 46055 1
0425 37469 936725 1686105 5
0426 115596 231192 5779800 5
0427 24191 72573 193528 1
0428 86870 694960 4864720 2
0429 31263 187578 844101 5
0430 39368 118104 275576 1
0431 64770 1813560 4080510 2
0432 34112 68224 477568 3
0433 38081 1370916 1408997 1
0434 6276 219660 414216 2
0435 43346 390114 2210646 4
0436 100916 201832 3330228 3
0437 63535 1143630 1334235 4
0438 124452 3111300 5724792 5
0439 43002 1505070 1591074 3
0440 78601 157202 1965025 1
0441 22083 154581 662490 4
0442 63630 954450 2417940 2
0443 63754 765048 828802 1
0444 89104 267312 4722512 1
0445 76664 613312 3833200 1
0446 45380 0 453800 2
0447 30073 360876 992409 1
0448 29144 233152 670312 3
0449 113027 2712648 7346755 1
0450 29579 118316 709896 2
0451 106955 1069550 1604325 1
0452 13005 78030 143055 3
0453 123959 2231262 3346893 4
0454 102317 409268 3171827 5
0455 61491 737892 2890077 2
0456 59224 710688 2961200 3
0457 98349 590094 3245517 5
0458 105734 634404 2114680 5
0459 54226 867616 3199334 4
0460 96951 484755 5332305 3
0461 121914 2194452 4754646 4
0462 81930 327720 2867550 5
0463 8100 16200 267300 1
0464 3196 12784 134232 1
0465 63996 255984 1599900 1
0466 66832 400992 2339120 3
0467 94812 284436 1611804 2
0468 50210 401680 2661130 2
0469 81015 1944360 3240600 2
0470 28054 168324 1346592 2
0471 23594 47188 566256 2
0472 16589 49767 481081 5
0473 117593 235186 3880569 4
0474 89673 1434768 3317901 1
0475 74436 1488720 3424056 5
0476 13187 26374 79122 5
0477 79262 237786 1664502 3
0478 82196 2876860 4931760 2
0479 35042 841008 1156386 1
0480 24304 72912 558992 5
0481 7100 14200 191700 2
0482 107461 859688 3976057 1
0483 13662 204930 286902 5
0484 115588 3236464 4507932 5
0485 40278 0 161112 5
0486 51016 765240 1785560 3
0487 28805 806540 1094590 4
0488 85911 1546398 5670126 2
0489 71584 859008 1431680 2
0490 45338 181352 1722844 1
0491 94509 1417635 2646252 2
0492 24683 345562 814539 4
0493 77201 2316030 5404070 3
0494 38029 912696 1977508 3
0495 22172 0 133032 3
0496 113348 2720352 5214008 4
0497 2784 83520 141984 1
0498 47316 851688 1798008 1
0499 99222 198444 2182884 2
0500 94173 282519 2448498 1
0501 117661 4941762 8589253 4
0502 89495 894950 3400810 3
0503 1846 12922 33228 1
0504 98573 3450055 6210099 5
0505 44694 893880 3083886 5
0506 23658 47316 473160 4
0507 64241 963615 2119953 1
0508 3617 21702 108510 1
0509 93687 1311618 1873740 2
0510 46242 647388 2543310 3
0511 94890 1138680 5598510 1
0512 45298 452980 1494834 2
0513 96946 969460 4944246 4
0514 112943 2032974 5308321 4
0515 1625 8125 78000 3
0516 70919 1276542 3262274 1
0517 32719 392628 981570 4
0518 114922 689532 1149220 4
0519 80747 968964 4602579 4
0520 22539 180312 450780 5
0521 88757 710056 4437850 3
0522 83458 751122 1418786 2
0523 25189 75567 428213 2
0524 71775 215325 1937925 2
0525 18891 528948 1152351 2
0526 46277 277662 2545235 5
0527 104846 943614 4613224 1
0528 97137 582822 777096 5
0529 103546 1863828 2692196 2
0530 71868 431208 503076 4
0531 80865 1617300 3558060 3
0532 12343 12343 172802 4
0533 28314 339768 1670526 2
0534 124290 1118610 2982960 2
0535 120488 1445856 2289272 3
0536 3768 22608 165792 4
0537 122871 1843065 4300485 2
0538 8398 251940 671840 5
0539 96975 484875 2230425 4
0540 79509 1590180 2544288 3
0541 116663 1633282 5016509 5
0542 40469 485628 849849 2
0543 11988 11988 599400 1
0544 42245 168980 1563065 1
0545 96103 2306472 3748017 3
0546 35331 211986 1554564 1
0547 93940 1878800 2818200 2
0548 25983 51966 649575 3
0549 54312 271560 1412112 3
0550 21558 86232 862320 5
0551 3329 39948 56593 1
0552 116805 0 3971370 5
0553 53398 213592 2830094 2
0554 68676 1373520 4189236 5
0555 81519 244557 2037975 3
0556 61789 741468 2533349 3
0557 1504 18048 85728 1
0558 99807 898263 1896333 4
0559 63207 758484 3602799 2
0560 30970 61940 805220 4
0561 78223 1095122 4928049 2
0562 17924 268860 842428 1
0563 33086 99258 463204 4
0564 23880 143280 1002960 3
0565 105394 3794184 7061398 5
0566 31616 94848 1549184 2
0567 111819 1789104 4025484 3
0568 124882 749292 3621578 4
0569 114368 343104 2630464 1
0570 4043 8086 92989 1
0571 123029 2214522 7135682 5
0572 30619 642999 979808 1
0573 55496 1165416 3662736 5
0574 69508 834096 3892448 5
0575 117855 707130 6246315 2
0576 65501 524008 1310020 3
0577 35671 107013 677749 4
0578 3241 22687 110194 3
0579 78323 469938 3759504 4
0580 107784 1077840 1724544 1
0581 55922 2348724 2740178 1
0582 73601 294404 1913626 2
0583 43173 172692 215865 3
0584 84464 1689280 3716416 5
0585 66496 1662400 3723776 2
0586 26451 158706 1269648 2
0587 64792 194376 1555008 3
0588 76094 152188 1521880 3
0589 13383 200745 347958 2
0590 30431 182586 1582412 1
0591 75900 227700 2732400 1
0592 124854 499416 2497080 3
0593 106688 320064 4160832 3
0594 76745 0 1918625 4
0595 888 14208 17760 2
0596 12361 173054 729299 3
0597 5550 16650 33300 4
0598 87399 0 3583359 5
0599 104696 628176 2826792 5
0600 28344 396816 736944 3
0601 81800 818000 3353800 3
0602 12386 37158 458282 2
0603 105135 210270 2312970 4
0604 60090 901350 1862790 3
0605 2057 20570 65824 2
0606 6136 73632 116584 4
0607 37909 682362 2009177 4
0608 6795 81540 237825 5
0609 4037 0 96888 2
0610 10312 61872 103120 5
0611 122347 367041 2324593 2
0612 71259 1781475 1923993 4
0613 61406 429842 1228120 5
0614 27367 164202 1368350 2
0615 19512 117072 1034136 5
0616 30707 184242 399191 3
0617 36960 1330560 1441440 5
0618 62984 1574600 3842024 4
0619 44450 889000 1555750 5
0620 45539 683085 2049255 3
0621 48187 1734732 1879293 4
0622 109074 763518 1636110 4
0623 84963 2124075 5437632 2
0624 27581 82743 1213564 5
0625 34571 345710 414852 1
0626 210 2520 5880 3
0627 68395 410370 2257035 3
0628 119875 719250 3716125 1
0629 21980 65940 241780 3
0630 102718 719026 1951642 2
0631 15732 283176 707940 4
0632 63486 444402 825318 4
0633 110336 331008 2427392 1
0634 45137 541644 2211713 4
0635 96073 2305752 5764380 2
0636 78068 1249088 4684080 5
0637 51811 207244 2694172 5
0638 94058 564348 1222754 1
0639 113536 0 4995584 4
0640 87050 1392800 4613650 1
0641 119062 4167170 7977154 1
0642 66741 266964 1802007 4
0643 97223 194446 3986143 1
0644 49559 892062 3320453 2
0645 31091 186546 1026003 1
0646 94337 1132044 3490469 5
0647 3790 60640 159180 1
0648 104449 835592 2297878 4
0649 91074 1092888 2914368 2
0650 5419 86704 233017 1
0651 75024 600192 3301056 5
0652 60803 912045 3526574 5
0653 25204 352856 781324 4
0654 42280 422800 845600 1
0655 17809 17809 71236 1
0656 26164 52328 837248 5
0657 108751 1305012 1740016 1
0658 21624 454104 821712 2
0659 45721 548652 2743260 1
0660 870 7830 33930 2
0661 100990 1211880 4140590 5
0662 12808 179312 448280 1
0663 124195 620975 1862925 5
0664 15822 443016 886032 2
0665 73476 1542996 1910376 3
0666 13611 272220 285831 2
0667 118144 708864 5080192 2
0668 44828 1344840 1837948 3
0669 960 0 14400 3
0670 55719 167157 1002942 4
0671 72601 72601 1089015 2
0672 16405 98430 213265 5
0673 91358 1279012 3014814 5
0674 102750 2568750 4110000 3
0675 112041 1120410 3697353 4
0676 84188 673504 3535896 2
0677 85033 510198 1190462 4
0678 57290 687480 973930 3
0679 62918 1761704 3145900 5
0680 105399 2107980 4215960 3
0681 74566 596528 3355470 1
0682 101786 916074 4783942 2
0683 98132 2060772 3140224 1
0684 21776 435520 805712 3
0685 1329 7974 53160 4
0686 90661 725288 4442389 2
0687 90425 180850 3797850 5
0688 59636 178908 417452 1
0689 44394 1331820 2219700 5
0690 108252 433008 4763088 1
0691 84356 759204 3627308 1
0692 43582 653730 2397010 1
0693 64365 321825 3025155 2
0694 116000 580000 5452000 5
0695 33599 0 134396 4
0696 9001 18002 297033 3
0697 48636 291816 680904 4
0698 3936 31488 157440 4
0699 119381 1074429 1790715 3
0700 5698 45584 239316 3
0701 94092 1975932 4422324 3
0702 39252 785040 863544 1
0703 91597 1099164 2106731 2
0704 19274 115644 944426 5
0705 1306 13060 67912 5
0706 110163 1542282 5397987 4
0707 27341 382774 1476414 2
0708 74626 1119390 4402934 1
0709 70622 1483062 4025454 5
0710 4193 125790 268352 4
0711 45307 543684 2446578 1
0712 89682 896820 1434912 3
0713 3117 15585 62340 4
0714 82636 495816 3388076 1
0715 32911 789864 1349351 2
0716 65288 391728 1501624 3
0717 40650 1219500 2886150 5
0718 66934 0 1070944 3
0719 32364 323640 1165104 3
0720 41542 124626 2160184 1
0721 59334 1186680 1424016 5
0722 2926 23408 102410 1
0723 34220 479080 2053200 3
0724 101317 2127657 7092190 5
0725 23555 94220 1107085 2
0726 11520 241920 345600 5
0727 79962 959544 1919088 4
0728 119721 718326 3112746 1
0729 84660 846600 2963100 2
0730 26916 134580 1426548 2
0731 64793 0 388758 4
0732 58476 233904 292380 4
0733 5065 101300 339355 2
0734 910 3640 8190 1
0735 6589 19767 26356 5
0736 114729 1147290 1950393 4
0737 41397 827940 2194041 1
0738 14332 214980 845588 4
0739 42175 42175 1644825 1
0740 67159 470113 3156473 5
0741 92973 1952433 3625947 1
0742 79234 554638 2377020 1
0743 80871 404355 2992227 2
0744 65826 526608 1843128 5
0745 30563 366756 1864343 1
0746 108765 2719125 3371715 1
0747 88059 792531 5107422 4
0748 9803 156848 578377 3
0749 20895 334320 668640 1
0750 39919 359271 798380 1
0751 98996 494980 1088956 2
0752 91758 1284612 1559886 3
0753 35513 213078 1420520 2
0754 82131 985572 4599336 1
0755 75170 0 375850 5
0756 25774 360836 1108282 5
0757 116135 6271290 11265095 5
0758 28211 169266 1043807 1
0759 56572 1414300 1753732 4
0760 91163 911630 4831639 4
0761 113290 679740 1699350 2
0762 73664 883968 4493504 3
0763 56329 112658 1858857 2
0764 43358 0 867160 3
0765 48086 288516 721290 5
0766 83431 500586 2669792 3
0767 15869 31738 777581 1
0768 104658 1569870 3349056 3
0769 44843 1121075 3318382 4
0770 31396 188376 1444216 3
0771 109378 1640670 2078182 2
0772 111485 557425 3901975 2
0773 96892 581352 1647164 2
0774 52970 476730 741580 4
0775 11879 71274 415765 1
0776 47268 850824 2694276 5
0777 21811 261732 1155983 5
0778 38378 460536 1842144 5
0779 78528 1256448 3690816 5
0780 94849 1138188 4552752 3
0781 10010 200200 630630 4
0782 104793 314379 3562962 1
0783 7693 38465 361571 4
0784 6250 25000 81250 5
0785 42074 504888 1598812 5
0786 48211 241055 2506972 3
0787 54892 1921220 4171792 3
0788 14420 115360 591220 3
0789 116863 3272164 5726287 3
0790 22470 404460 1505490 3
0791 80620 2418600 5401540 2
0792 25731 154386 1209357 4
0793 98942 1484130 4650274 1
0794 65831 197493 2830733 4
0795 52268 627216 940824 3
0796 80222 1203330 1604440 2
0797 27062 135310 1407224 3
0798 116352 2908800 5003136 4
0799 53887 0 431096 5
0800 75263 376315 2859994 4
0801 118899 1426788 6896142 2
0802 2981 17886 101354 1
0803 71301 1140816 4349361 4
0804 70084 560672 2803360 3
0805 42819 0 85638 1
0806 3970 15880 134980 4
0807 56077 0 1626233 3
0808 77822 544754 3268524 2
0809 100738 805904 3525830 4
0810 90955 1910055 4183930 1
0811 111265 890120 6453370 3
0812 53488 748832 1123248 4
0813 112296 1572144 6625464 4
0814 21501 215010 1182555 1
0815 20314 243768 1157898 3
0816 105048 420192 2941344 2
0817 33470 66940 836750 2
0818 84835 1527030 5090100 2
0819 29822 149110 835016 3
0820 12930 77580 90510 2
0821 69145 1037175 1452045 5
0822 33049 462686 793176 4
0823 46547 279282 465470 1
0824 45273 90546 1358190 1
0825 94839 569034 2465814 1
0826 70687 565496 3534350 5
0827 73915 2217450 2956600 2
0828 19148 57444 229776 5
0829 115133 0 5296118 4
0830 104959 2519016 6402499 1
0831 38267 1607214 2028151 3
0832 69703 836436 2439605 4
0833 59282 1185640 2015588 4
0834 112875 1693125 4515000 4
0835 93076 2606128 6794548 3
0836 82011 984132 2214297 4
0837 22357 0 67071 1
0838 81262 650096 975144 4
0839 53126 212504 690638 4
0840 8261 49566 297396 2
0841 80391 643128 2572512 3
0842 60291 1205820 2532222 3
0843 18444 55332 700872 1
0844 83651 585557 1840322 3
0845 106863 427452 4595109 3
0846 84268 505608 842680 2
0847 2106 29484 77922 2
0848 3439 41268 116926 4
0849 28240 338880 1383760 1
0850 65300 783600 3003800 4
0851 52820 422560 1690240 3
0852 122383 4283405 7954895 1
0853 106459 1277508 2555016 2
0854 120647 1689058 7359467 1
0855 41280 330240 866880 3
0856 67146 2350110 3357300 4
0857 61108 549972 977728 1
0858 83784 2345952 3100008 4
0859 5742 68904 287100 1
0860 17973 215676 880677 3
0861 86304 0 4315200 4
0862 3219 28971 135198 4
0863 1190 4760 47600 2
0864 120241 2885784 4569158 3
0865 121755 365265 5478975 3
0866 83675 1506150 4602125 5
0867 117074 1404888 4565886 4
0868 52170 939060 1512930 2
0869 76937 2154236 4308472 5
0870 33431 601758 1805274 5
0871 11625 93000 139500 2
0872 118356 2485476 8403276 5
0873 70807 354035 2053403 2
0874 101206 1214472 3643416 5
0875 31801 222607 1399244 5
0876 94608 662256 2459808 2
0877 33478 535648 2209548 3
0878 117834 707004 6009534 5
0879 53760 161280 1290240 2
0880 124555 373665 3238430 4
0881 89342 1786840 3573680 4
0882 23930 335020 382880 2
0883 39130 156520 2113020 2
0884 18499 221988 647465 1
0885 53783 107566 2635367 4
0886 20232 121392 829512 2
0887 79184 316736 1742048 2
0888 76231 762310 3506626 4
0889 93509 561054 1870180 3
0890 123468 2222424 5556060 2
0891 85420 1025040 3416800 4
0892 59987 359922 3299285 4
0893 59238 177714 2843424 3
0894 36470 145880 1568210 3
0895 42995 257970 2407720 3
0896 22979 183832 804265 4
0897 19989 99945 999450 2
0898 91033 1820660 4187518 1
0899 10240 102400 542720 4
0900 87551 262653 2538979 5
0901 69793 837516 3350064 2
0902 76486 611888 841346 4
0903 108420 1951560 4878900 3
0904 94726 94726 1989246 1
0905 23668 473360 1041392 5
0906 81392 244176 3988208 3
0907 14790 177480 488070 2
0908 15541 124328 621640 3
0909 100226 902034 3708362 2
0910 104276 1668416 6152284 5
0911 22238 200142 978472 3
0912 79579 79579 4058529 1
0913 98825 691775 3557700 3
0914 77523 930276 2248167 1
0915 121636 1702904 4013988 2
0916 56633 1585724 2661751 5
0917 121558 850906 4254530 1
0918 63277 506216 3606789 3
0919 15940 127520 239100 3
0920 10695 85560 139035 3
0921 406 14210 27608 5
0922 59006 826084 2714276 5
0923 104099 2498376 3851663 4
0924 82602 82602 2808468 1
0925 95611 0 4206884 2
0926 64359 193077 707949 5
0927 105113 0 1261356 1
0928 60771 729252 2066214 3
0929 74004 444024 1924104 2
0930 90094 360376 3783948 1
0931 82448 164896 2473440 1
0932 60039 0 660429 4
0933 73090 1096350 2923600 5
0934 112637 2252740 2365377 1
0935 80981 242943 1376677 5
0936 33133 66266 563261 4
0937 63506 1524144 3302312 1
0938 85251 255753 3495291 5
0939 101859 1527885 4991091 2
0940 3204 3204 19224 3
0941 14662 205268 307902 3
0942 104013 0 4992624 1
0943 74042 592336 1777008 3
0944 48141 144423 529551 1
0945 78135 546945 2500320 1
0946 84649 338596 3216662 5
0947 74101 444606 1778424 1
0948 32609 326090 652180 3
0949 7538 211064 301520 1
0950 91569 549414 5036295 4
0951 63730 191190 2485470 4
0952 32023 160115 1088782 2
0953 107419 1074190 5800626 3
0954 112168 673008 3477208 2
0955 117953 1415436 5189932 2
0956 19027 456648 551783 1
0957 22090 265080 596430 5
0958 52378 471402 576158 1
0959 45607 410463 1185782 4
0960 94912 189824 2562624 2
0961 88519 442595 3275203 5
0962 79052 790520 2845872 2
0963 32401 129604 907228 3
0964 13539 40617 487404 3
0965 53501 1872535 2621549 1
0966 59921 179763 1078578 3
0967 56768 340608 1759808 4
0968 113341 2720184 4987004 3
0969 82853 1657060 2982708 1
0970 51521 309126 1494109 4
0971 88877 2666310 5777005 1
0972 105048 3781728 4622112 2
0973 34264 274112 308376 2
0974 76963 923556 1693186 2
0975 56572 226288 2602312 4
0976 82124 328496 2710092 2
0977 82959 165918 663672 3
0978 89090 267270 2939970 2
0979 50374 402992 1712716 1
0980 85189 425945 1703780 2
0981 27166 434656 516154 5
0982 14338 28676 401464 4
0983 48482 387856 921158 3
0984 46129 553548 1614515 3
0985 16698 100188 667920 2
0986 9952 159232 388128 1
0987 116605 1632470 5713645 1
0988 103022 1854396 2369506 1
0989 9512 142680 370968 1
0990 5876 82264 182156 5
0991 74052 740520 1258884 1
0992 19301 386020 810642 2
0993 66441 199323 2724081 2
0994 112115 2802875 4708830 4
0995 85411 1708220 5210071 4
0996 7040 246400 535040 2
0997 77854 2335620 5527634 3
0998 78050 702450 3200050 3
0999 105175 2208675 5469100 1
1000 9647 135058 434115 2
1001 28710 200970 1119690 3
1002 72284 1517964 1951668 4
1003 77815 1867560 4668900 5
1004 67622 1081952 3516344 4
1005 31476 660996 2045940 4
1006 41053 821060 2832657 3
1007 27695 332340 1246275 4
1008 41934 209670 1048350 2
1009 101462 304386 3551170 2
1010 18190 436560 909500 1
1011 82296 2057400 6089904 2
1012 29902 627942 1136276 1
1013 34384 962752 1856736 1
1014 89504 358016 2416608 1
1015 14036 421080 1052700 5
1016 49112 687568 2652048 2
1017 26184 104736 706968 5
1018 13347 133470 200205 5
1019 5850 81900 216450 3
1020 113263 906104 1585682 2
1021 2548 40768 58604 2
1022 14213 85278 540094 2
1023 52990 1483720 2914450 2
1024 99037 1584592 4456665 3
1025 34085 340850 1431570 5
1026 54460 381220 816900 4
1027 28450 398300 540550 3
1028 39911 279377 917953 4
1029 114251 114251 1713765 3
1030 107131 1285572 5035157 1
1031 53755 268775 752570 2
1032 81515 326060 978180 4
1033 71202 854424 4414524 5
1034 33923 712383 2035380 2
1035 102973 1029730 4530812 5
1036 44385 1553475 2485560 3
1037 37995 797895 1823760 1
1038 29928 179568 808056 4
1039 124110 992880 6577830 2
1040 13177 79062 606142 3
1041 75925 1214800 3720325 2
1042 38760 813960 2093040 1
1043 53708 268540 1826072 4
1044 4708 197736 315436 3
1045 33955 101865 1663795 4
1046 112559 2251180 5177714 4
1047 11465 80255 194905 1
1048 4772 19088 124072 3
1049 122534 3676020 5881632 1
1050 94590 3310650 7472610 4
1051 39078 586170 1055106 3
1052 112686 1126860 1352232 3
1053 65949 1318980 1648725 2
1054 6717 80604 147774 2
1055 97925 783400 3231525 4
1056 8210 205250 279140 4
1057 83692 251076 2929220 5
1058 94505 2646140 4725250 2
1059 67106 1342120 3892148 3
1060 4994 99880 239712 3
1061 14651 29302 703248 3
1062 99567 896103 1991340 1
1063 72266 722660 1951182 3
1064 21416 64248 406904 1
1065 92789 1113468 3340404 4
1066 51690 155070 1240560 3
1067 42440 636600 1230760 1
1068 122401 1224010 6732055 2
1069 12213 549585 1111383 1
1070 90422 1085064 4159412 1
1071 17074 256110 307332 2
1072 107326 1073260 3005128 3
1073 76260 2135280 3965520 2
1074 16262 130096 617956 4
1075 122626 1471512 4905040 3
1076 104059 1560885 3433947 1
1077 13189 105512 553938 4
1078 79509 477054 2782815 5
1079 75169 1202704 2405408 2
1080 119410 1432920 5612270 2
1081 36245 0 616165 5
1082 56460 1016280 1072740 3
1083 69794 2931348 4606404 4
1084 108352 216704 4550784 1
1085 11995 119950 707705 5
1086 9605 57630 355385 5
1087 80328 321312 1927872 3
1088 60416 362496 966656 3
1089 84125 841250 4795125 2
1090 19290 694440 887340 1
1091 107878 1618170 6472680 5
1092 106783 1601745 6940895 2
1093 52866 422928 1638846 2
1094 71052 1278936 2131560 3
1095 1926 5778 63558 4
1096 79887 239661 2476497 3
1097 40372 282604 1695624 4
1098 78307 783070 1409526 3
1099 14894 223410 744700 2
1100 106559 319677 3516447 4
1101 107457 214914 3116253 4
1102 119327 357981 2863848 3
1103 55558 1111160 3666828 2
1104 113667 1136670 1705005 3
1105 5974 17922 286752 4
1106 59219 296095 1006723 5
1107 2097 67104 96462 4
1108 99087 990870 3963480 2
1109 59145 414015 1064610 3
1110 124468 2240424 7468080 3
1111 119438 1433256 5135834 1
1112 75538 1057532 4003514 2
1113 70767 849204 4246020 2
1114 38909 466908 2256722 2
1115 19722 19722 808602 1
1116 34422 516330 1755522 3
1117 61240 428680 1224800 3
1118 6868 41208 109888 5
1119 56204 1348896 3540852 5
1120 29555 59110 384215 4
1121 56050 1569400 3363000 5
1122 28756 690144 1869140 1
1123 35722 642996 1643212 5
1124 51887 518870 2905672 4
1125 78467 392335 3687949 3
1126 64324 643240 1994044 3
1127 92191 1106292 5347078 5
1128 122528 1102752 1960448 5
1129 94240 2261760 6219840 3
1130 70787 849444 1982036 1
1131 122342 2569182 2813866 2
1132 73836 1329048 2288916 1
1133 67864 814368 2714560 1
1134 91047 364188 4188162 2
1135 40671 122013 488052 3
1136 20845 0 229295 2
1137 118434 592170 4974228 1
1138 93841 1501456 5536619 2
1139 97771 1173252 2150962 1
1140 79189 950268 1108646 5
1141 18613 148904 614229 4
1142 68448 410688 1300512 3
1143 32913 658260 1678563 2
1144 29432 412048 1353872 5
1145 54888 1317312 2634624 4
1146 16091 32182 788459 1
1147 119557 1793355 5499622 3
1148 9079 190659 263291 1
1149 118788 950304 5820612 3
1150 60936 60936 1645272 1
1151 2904 14520 104544 5
1152 20225 101125 1031475 3
1153 70508 987112 4442004 2
1154 51176 767640 2302920 3
1155 38397 115191 1305498 4
1156 90926 181852 4546300 5
1157 44809 716944 851371 3
1158 95353 572118 2955943 2
1159 106530 3195900 7776690 1
1160 13488 107904 337200 3
1161 57861 173583 1504386 3
1162 88743 1064916 4880865 1
1163 59183 591830 3550980 2
1164 37939 151756 379390 4
1165 10088 211848 504400 3
1166 116449 2328980 3726368 2
1167 16629 99774 166290 3
1168 114450 0 1831200 2
1169 71777 2153310 4306620 1
1170 112938 2032884 3049326 3
1171 18560 222720 1150720 4
1172 33643 168215 1446649 2
1173 87086 696688 1567548 4
1174 12621 252420 706776 4
1175 118023 1180230 1652322 4
1176 24041 576984 889517 4
1177 37550 300400 2177900 1
1178 34262 205572 1336218 5
1179 109176 436704 4039512 3
1180 48768 146304 1804416 4
1181 28921 115684 983314 2
1182 52695 1106595 2845530 2
1183 27750 55500 610500 5
1184 43158 647370 1251582 3
1185 3184 0 6368 1
1186 105936 1271232 3072144 3
1187 112956 2372076 6099624 1
1188 104433 1462062 2401959 3
1189 93805 281415 4877860 5
1190 48242 723630 2605068 4
1191 782 2346 36754 5
1192 93966 0 3100878 4
1193 26949 377286 1131858 2
1194 110578 331734 2653872 4
1195 25805 516100 1470885 5
1196 53583 964494 2411235 3
1197 68103 2383605 4358592 1
1198 26614 665350 1304086 3
1199 62928 503424 1636128 5
1200 8053 48318 96636 1
1201 49840 996800 2691360 4
1202 21814 436280 872560 3
1203 45539 637546 1548326 2
1204 13661 273220 491796 4
1205 112940 1355280 1919980 4
1206 67721 1354420 2234793 2
1207 65769 394614 920766 4
1208 63381 316905 1331001 5
1209 52244 208976 2246492 2
1210 118195 1181950 3073070 3
1211 95483 381932 4010286 5
1212 99902 0 1898138 5
1213 56698 1020564 2948296 5
1214 12478 49912 424252 5
1215 8998 0 116974 2
1216 114148 0 5593252 5
1217 99686 1196232 2492150 1
1218 93095 372380 1768805 2
1219 76062 1216992 2357922 4
1220 73368 1320624 3374928 4
1221 29875 478000 537750 2
1222 6165 49320 80145 4
1223 116137 1742055 3484110 2
1224 113315 906520 4192655 1
1225 116328 1046952 6398040 2
1226 54376 54376 2392544 2
1227 79908 719172 3356136 5
1228 113179 339537 3055833 4
1229 93365 280095 2240760 4
1230 100951 0 4744697 5
1231 50626 202504 1822536 5
1232 102836 1645376 4627620 2
1233 57162 57162 2000670 1
1234 21288 85152 957960 3
1235 51673 775095 2273612 3
1236 55651 779114 1836483 4
1237 69298 831576 3395602 2
1238 5429 81435 347456 2
1239 2009 2009 82369 4
1240 37297 0 559455 5
1241 10059 0 432537 3
1242 67421 1415841 1483262 5
1243 113297 226594 3172316 4
1244 68507 0 274028 4
1245 46475 975975 3067350 3
1246 89783 2513924 3052622 2
1247 54174 0 54174 1
1248 112833 338499 4851819 5
1249 30236 181416 634956 4
1250 111978 447912 1343736 5
1251 24206 290472 532532 4
1252 22312 267744 870168 4
1253 63368 126736 1647568 3
1254 83339 1000068 3916933 2
1255 70643 1412860 2896363 5
1256 25156 452808 1433892 1
1257 78926 1183890 2841336 4
1258 95853 1437795 3834120 2
1259 21063 379134 1242717 2
1260 53222 212888 2235324 4
1261 117142 2928550 7028520 5
1262 4349 108725 282685 2
1263 110666 1327992 2655984 2
1264 39290 589350 2121660 2
1265 7982 191568 263406 1
1266 16395 327900 1065675 1
1267 62585 500680 3567345 1
1268 23678 71034 1041832 5
1269 96779 1161348 5226066 1
1270 31135 93405 1089725 5
1271 118 826 6490 3
1272 15798 0 126384 3
1273 123830 1733620 5324690 2
1274 67570 135140 337850 2
1275 3261 29349 136962 1
1276 29600 118400 473600 2
1277 18173 381633 890477 1
1278 67537 337685 3714535 4
1279 41653 83306 874713 1
1280 74691 448146 746910 1
1281 107322 3863592 8263794 1
1282 91433 182866 2377258 3
1283 105392 1053920 1897056 5
1284 90279 1354185 3972276 1
1285 108318 1299816 2058042 2
1286 4876 24380 253552 3
1287 95283 857547 3620754 1
1288 55670 167010 1224740 3
1289 84178 3535476 5639926 2
1290 16866 50598 877032 2
1291 49536 99072 2476800 2
1292 54467 435736 1361675 1
1293 107136 1607040 2035584 1
1294 16368 81840 671088 4
1295 96585 1159020 2414625 4
1296 62802 1507248 4270536 4
1297 53687 429496 1664297 4
1298 123109 369327 2708398 5
1299 122621 490484 6498913 5
1300 5523 198828 336903 5
1301 73926 2217780 3844152 4
1302 37444 673992 1684980 4
1303 32832 0 426816 1
1304 105073 2206533 4413066 1
1305 74168 593344 2002536 3
1306 23974 239740 503454 2
1307 44573 1248044 2050358 5
1308 44350 88700 576550 2
1309 42822 0 727974 1
1310 42560 510720 851200 1
1311 70845 850140 1416900 2
1312 48860 586320 2345280 2
1313 80401 1929624 5708471 4
1314 53887 161661 1185514 5
1315 80977 2429310 5830344 2
1316 77885 467310 2025010 4
1317 15858 158580 206154 2
1318 44875 942375 1525750 5
1319 1133 13596 21527 5
1320 2408 12040 40936 2
1321 62266 0 1120788 5
1322 20908 41816 857228 5
1323 82833 828330 3147654 1
1324 62988 377928 3212388 3
1325 73450 3084900 6022900 4
1326 56015 1344360 2128570 3
1327 119812 958496 1437744 2
1328 10550 63300 168800 5
1329 75929 1822296 4327953 1
1330 74704 2614640 6125728 1
1331 48155 577860 2070665 2
1332 18518 37036 240734 5
1333 57523 805322 1380552 1
1334 4583 54996 224567 5
1335 44570 802260 2674200 2
1336 63450 190350 2855250 5
1337 71931 287724 2157930 3
1338 110302 220604 551510 5
1339 93823 375292 3565274 4
1340 111841 223682 4697322 5
1341 25237 605688 832821 1
1342 123131 369393 6402812 5
1343 107157 1928826 4179123 4
1344 90157 721256 4237379 4
1345 41548 997152 2991456 4
1346 117140 234280 2225660 1
1347 56566 1187886 3224262 4
1348 66078 0 3303900 2
1349 106957 1604355 3208710 4
1350 54692 437536 2187680 5
1351 10306 123672 597748 1
1352 124828 2995872 8488304 2
1353 114765 0 1147650 4
1354 20447 572516 613410 5
1355 42570 170280 1830510 3
1356 111440 2228800 2674560 1
1357 43437 86874 1129362 2
1358 47184 47184 235920 5
1359 14562 87372 305802 3
1360 35143 140572 1335434 3
1361 107071 321213 1820207 4
1362 83293 333172 2415497 4
1363 74367 446202 1710441 5
1364 109668 548340 4386720 3
1365 101000 1212000 3737000 4
1366 88093 88093 4316557 5
1367 97266 389064 1264458 5
1368 99659 1195908 5481245 4
1369 115144 2878600 6678352 3
1370 10582 126984 370370 4
1371 61306 1471344 3003994 4
1372 63302 759624 2468778 3
1373 103368 1550520 4444824 2
1374 50583 708162 2225652 5
1375 53879 1616370 2101281 4
1376 123541 247082 1111869 1
1377 61437 921555 3133287 4
1378 103988 935892 3015652 3
1379 54182 758548 2600736 1
1380 77321 618568 1546420 5
1381 42454 254724 1995338 2
1382 8151 97812 505362 5
1383 100984 1211808 1413776 1
1384 56116 505044 2637452 3
1385 38746 0 1394856 1
1386 22360 67080 1162720 3
1387 53913 539130 1886955 2
1388 64729 582561 2653889 3
1389 106411 2234631 3298741 5
1390 80757 403785 4441635 3
1391 49479 49479 791664 2
1392 21979 43958 109895 2
1393 61501 738012 3690060 1
1394 24809 297708 1364495 2
1395 70700 1131200 2686600 5
1396 110614 221228 4092718 2
1397 26868 322416 1316532 4
1398 12819 102552 192285 3
1399 75714 1362852 2422848 2
1400 15241 91446 289579 3
1401 53744 537440 3009664 3
1402 6243 156075 243477 5
1403 90740 1451840 4355520 4
1404 14868 0 475776 1
1405 46258 555096 1341482 5
1406 79203 1267248 1425654 2
1407 47696 190784 953920 1
1408 84079 1008948 4624345 2
1409 49183 295098 2606699 5
1410 101842 1222104 4379206 1
1411 59752 0 1135288 1
1412 94745 189490 378980 2
1413 40480 40480 242880 2
1414 4612 36896 119912 1
1415 25521 408336 1250529 4
1416 116565 582825 1865040 2
1417 36335 145340 290680 1
1418 27866 139330 473722 2
1419 105606 633636 5069088 4
1420 54571 109142 654852 5
1421 122574 2451480 5515830 1
1422 103727 622362 2696902 2
1423 84358 0 337432 1
1424 37621 150484 451452 3
1425 56910 3186960 3869880 2
1426 57970 463760 2840530 4
1427 61559 3016391 3262627 5
1428 62150 745800 3169650 4
1429 32603 32603 1499738 5
1430 68772 2407020 4263864 4
1431 57045 0 1768395 1
1432 34262 719502 2192768 1
1433 74179 148358 815969 5
1434 106937 1604055 4277480 5
1435 112442 1686630 3710586 1
1436 123138 738828 6280038 2
1437 21809 392562 697888 2
1438 10216 51080 490368 5
1439 56225 1124500 2755025 3
1440 75642 453852 2723112 5
1441 75784 909408 2576656 1
1442 3767 67806 188350 2
1443 9473 0 18946 5
1444 93741 374964 843669 5
1445 122826 982608 3439128 4
1446 6773 40638 298012 1
1447 1711 13688 54752 4
1448 50267 201068 1005340 2
1449 66063 792756 858819 1
1450 69736 1952608 3068384 4
1451 124113 0 4468068 2
1452 42436 84872 212180 1
1453 4376 157536 301944 1
1454 108048 972432 5510448 2
1455 92362 646534 4710462 2
1456 34670 346700 554720 3
1457 24709 98836 938942 5
1458 62180 186540 2051940 4
1459 114418 1373016 2860450 2
1460 21761 348176 848679 4
1461 62628 313140 2693004 5
1462 85089 340356 935979 4
1463 107634 968706 2045046 4
1464 19276 674660 1542080 5
1465 91285 365140 2921120 4
1466 20029 721044 1001450 1
1467 69286 554288 1524292 4
1468 385 6930 16555 5
1469 68989 206967 3242483 3
1470 2244 13464 35904 5
1471 52306 52306 732284 1
1472 59354 59354 474832 2
1473 87317 873170 960487 2
1474 40722 325776 1058772 5
1475 100223 1202676 4309589 4
1476 73076 438456 1973052 2
1477 84249 673992 3032964 3
1478 79226 792260 2614458 3
1479 118680 949440 4865880 3
1480 121900 1462800 1828500 1
1481 111709 670254 2122471 4
1482 94652 1703736 4921904 1
1483 31859 254872 637180 3
1484 54651 1912785 3115107 1
1485 81579 1468422 5057898 5
1486 34385 515775 1444170 5
1487 10730 171680 461390 5
1488 27262 27262 436192 1
1489 82062 328248 4349286 4
1490 89016 2136384 4361784 1
1491 42270 676320 2493930 4
1492 32469 129876 909132 4
1493 70625 1412500 4166875 5
1494 44230 884600 2167270 5
1495 28749 517482 1293705 5
1496 33995 101985 1563770 1
1497 31476 314760 755424 4
1498 84957 2378796 6626646 5
1499 72984 510888 1167744 3
1500 39079 78158 1055133 3
1501 20406 285684 1305984 3
1502 47307 378456 2128815 1
1503 63194 252776 3159700 1
1504 42306 592284 2622972 5
1505 63206 1327326 1516944 1
1506 28896 606816 1358112 2
1507 81485 814850 1466730 2
1508 119831 0 1318141 3
1509 51945 779175 1973910 3
1510 81078 324312 891858 4
1511 40811 0 693787 2
1512 1562 39050 74976 1
1513 20056 240672 1042912 4
1514 3541 0 88525 4
1515 52653 210612 1632243 5
1516 15120 90720 211680 2
1517 79613 955356 4936006 1
1518 52150 365050 469350 2
1519 52503 367521 1627593 5
1520 116431 2445051 3376499 3
1521 945 2835 17955 2
1522 89001 445005 3115035 1
1523 7513 105182 225390 2
1524 5342 10684 138892 3
1525 48754 975080 2291438 4
1526 45453 0 227265 1
1527 40035 240210 2161890 2
1528 78597 943164 3536865 3
1529 41364 1158192 2812752 1
1530 78410 940920 4547780 4
1531 40058 1121624 1802610 2
1532 119259 1788885 2742957 2
1533 77111 1619331 4086883 3
1534 55197 165591 2207880 4
1535 6158 61580 129318 2
1536 49051 294306 1912989 1
1537 80475 160950 3943275 4
1538 15691 313820 533494 5
1539 100754 100754 4433176 4
1540 67338 1010070 1750788 2
1541 42691 597674 2177241 5
1542 75986 1139790 3495356 3
1543 59247 1184940 2369880 5
1544 122904 860328 3195504 3
1545 98902 2373648 5538512 4
1546 124128 1489536 2606688 1
1547 1578 18936 80478 5
1548 61339 0 429373 3
1549 94579 378316 3404844 2
1550 31648 63296 1265920 1
1551 61870 494960 2722280 3
1552 65420 0 3271000 1
1553 110948 665688 1220428 3
1554 32068 513088 1603400 1
1555 54595 818925 2402180 3
1556 83357 2000568 2417353 4
1557 15649 312980 938940 3
1558 80841 485046 3880368 2
1559 61293 1716204 4596975 4
1560 94410 849690 4909320 5
1561 52606 210424 2682906 2
1562 36309 36309 399399 2
1563 282 1128 4230 1
1564 44180 88360 2164820 5
1565 44706 2190594 2280006 2
1566 33219 1162665 2026359 5
1567 14408 43224 201712 4
1568 85046 1190644 3231748 1
1569 87219 1831599 2180475 5
1570 110666 1106660 5865298 1
1571 27182 326184 1440646 1
1572 36447 145788 911175 5
1573 16541 49623 248115 1
1574 28560 799680 1256640 1
1575 60517 2118095 2662748 3
1576 6413 38478 352715 3
1577 122066 2929584 3295782 4
1578 114187 456748 5595163 4
1579 11158 312424 859166 5
1580 95336 1144032 1525376 4
1581 49346 1480380 3947680 2
1582 71338 142676 2782182 4
1583 26936 269360 1562288 2
1584 73392 0 3376032 3
1585 3153 56754 81978 2
1586 23353 70059 1237709 1
1587 33630 0 1244310 4
1588 71284 1283112 3635484 5
1589 59091 590910 1890912 2
1590 48929 1712515 4158965 4
1591 60370 362220 664070 1
1592 1280 44800 89600 3
1593 89987 89987 4409363 3
1594 12151 109359 704758 3
1595 120142 3604260 7568946 4
1596 105560 3694600 5594680 1
1597 56441 677292 1862553 5
1598 62381 1497144 2807145 4
1599 38576 694368 1080128 4
1600 118630 2847120 3914790 1
1601 66118 1586832 4429906 4
1602 103949 0 2702674 3
1603 5539 33234 243716 3
1604 32993 527888 923804 4
1605 27696 581616 1357104 1
1606 7261 87132 384833 3
1607 90727 1905267 4899258 1
1608 86103 1205442 1722060 1
1609 76 2280 4104 3
1610 84756 254268 3474996 4
1611 53685 644220 2415825 1
1612 122354 367062 2447080 5
1613 115387 461548 2076966 1
1614 40315 1007875 2499530 2
1615 29303 117212 1054908 1
1616 56817 1704510 2784033 5
1617 80993 404965 647944 2
1618 31674 158370 380088 3
1619 57920 695040 3127680 2
1620 93205 1118460 1584485 5
1621 48529 0 679406 5
1622 104445 1880010 4177800 1
1623 104110 832880 2290420 2
1624 52626 736764 2473422 3
1625 64929 259716 973935 3
1626 106472 319416 5536544 5
1627 111042 888336 5552100 2
1628 44084 88168 308588 3
1629 68309 273236 888017 5
1630 12791 179074 396521 1
1631 47183 94366 141549 3
1632 102511 922599 4202951 1
1633 5819 104742 197846 1
1634 119948 1919168 4318128 1
1635 106241 1274892 1912338 3
1636 36481 364810 912025 5
1637 52179 365253 2087160 1
1638 53745 376215 698685 5
1639 19696 19696 728752 5
1640 83161 498966 3908567 5
1641 38888 816648 2449944 5
1642 123020 123020 3936640 5
1643 52202 626424 2818908 5
1644 53532 214128 1338300 5
1645 100484 1808712 2612584 5
1646 97716 488580 2540616 5
1647 118837 1426044 1901392 1
1648 57397 229588 2066292 5
1649 107154 535770 1393002 4
1650 90855 545130 1907955 1
1651 123032 246064 5905536 1
1652 110251 441004 3528032 4
1653 31744 1333248 2222080 2
1654 10304 185472 607936 4
1655 51120 766800 1175760 3
1656 86977 782793 2435356 3
1657 75300 225900 1731900 2
1658 94285 659995 3111405 1
1659 116647 3499410 8048643 1
1660 20449 204490 1165593 4
1661 59758 597580 657338 4
1662 72077 288308 2450618 4
1663 110330 441320 4523530 3
1664 53442 1068840 1175724 2
1665 73284 293136 1612248 2
1666 103687 725809 1036870 3
1667 82699 1984776 4300348 2
1668 112703 1352436 6762180 5
1669 62649 250596 2443311 4
1670 55711 167133 779954 1
1671 66838 133676 401028 2
1672 31130 124520 1649890 2
1673 99229 595374 2778412 1
1674 49441 988820 1038261 4
1675 44118 0 1235304 2
1676 28985 173910 1275340 4
1677 37708 75416 113124 4
1678 84974 339896 2549220 1
1679 62757 125514 3075093 3
1680 78967 394835 1579340 1
1681 8762 105144 411814 3
1682 113993 911944 3647776 5
1683 25892 776760 906220 2
1684 114209 2741016 6509913 3
1685 24059 673652 1347304 4
1686 86799 520794 3124764 2
1687 116350 698100 4188600 5
1688 112688 676128 5972464 5
1689 124705 249410 748230 5
1690 120376 2889024 8667072 4
1691 97791 586746 3227103 1
1692 47516 142548 760256 3
1693 55031 770434 2696519 5
1694 78097 1874328 2733395 3
1695 16378 65512 655120 5
1696 78734 314936 1181010 1
1697 72347 2025716 3038574 3
1698 77066 924792 2697310 3
1699 1057 8456 42280 1
1700 17839 71356 624365 2
1701 72038 1080570 1512798 1
1702 122292 1834380 4524804 5
1703 114428 3203984 5378116 1
1704 124041 0 3969312 5
1705 89835 2156040 2515380 3
1706 12504 250080 662712 4
1707 71876 718760 2228156 3
1708 61470 1844100 4241430 5
1709 95879 479395 2301096 2
1710 75316 150632 903792 1
1711 114591 458364 5844141 2
1712 99319 993190 1986380 2
1713 43901 439010 1624337 3
1714 98158 294474 2846582 2
1715 105011 315033 1995209 4
1716 124132 2234376 5710072 1
1717 107649 645894 753543 4
1718 88124 1057488 5463688 5
1719 45157 270942 767669 1
1720 79716 637728 2072616 3
1721 36646 769566 1759008 2
1722 69916 699160 1398320 5
1723 50000 2450000 2650000 1
1724 103674 725718 3213894 1
1725 7896 31584 47376 1
1726 14651 307671 805805 4
1727 118576 0 2490096 2
1728 1487 41636 86246 1
1729 88194 440970 4233312 2
1730 8144 16288 390912 5
1731 192 4608 11136 3
1732 123801 495204 3837831 4
1733 66384 265536 3319200 4
1734 64257 899598 1542168 5
1735 59252 1659056 3673624 2
1736 96095 0 2017995 2
1737 121323 1698522 2062491 5
1738 49984 199936 949696 3
1739 18916 113496 737724 1
1740 92530 370120 1665540 3
1741 89809 1347135 3951596 4
1742 14459 28918 506065 2
1743 22578 474138 1174056 5
1744 56977 1709310 2450011 5
1745 124800 0 6240000 2
1746 65909 1318180 2702269 3
1747 7575 75750 189375 2
1748 25540 229860 689580 5
1749 47025 705375 2774475 2
1750 75669 1816056 5599506 5
1751 28726 430890 689424 3
1752 63645 127290 3182250 1
1753 19164 268296 1226496 3
1754 113770 1592780 2502940 4
1755 4307 8614 25842 4
1756 93790 281370 750320 2
1757 933 5598 25191 1
1758 48625 583500 2236750 5
1759 51598 154794 1341548 3
1760 37979 227874 1936929 4
1761 96679 1933580 4930629 4
1762 38269 612304 1415953 5
1763 30110 602200 2047480 2
1764 107184 1607760 3001152 2
1765 111074 3332220 6553366 3
1766 77953 1091342 2104731 3
1767 122382 611910 5140044 5
1768 78749 472494 1259984 4
1769 13790 110320 441280 4
1770 101852 0 712964 2
1771 20127 402540 744699 5
1772 30819 616380 924570 3
1773 73197 658773 3586653 4
1774 123260 246520 1602380 4
1775 12219 122190 708702 5
1776 92759 463795 3432083 2
1777 97175 3498300 8065525 1
1778 38079 190395 951975 3
1779 47882 143646 335174 4
1780 54892 109784 658704 2
1781 104629 418516 3975902 3
1782 69551 417306 1112816 5
1783 46721 1401630 3363912 4
1784 29321 1172840 1847223 2
1785 98460 1476900 5316840 4
1786 113094 2035692 3392820 2
1787 72241 1517061 1878266 5
1788 97636 0 4784164 3
1789 39799 198995 1950151 5
1790 58116 1452900 2789568 1
1791 55254 442032 1491858 1
1792 88084 1585512 3259108 5
1793 59748 537732 1732692 1
1794 67194 1343880 2351790 2
1795 4886 39088 58632 3
1796 943 15088 27347 5
1797 77835 233505 934020 2
1798 52369 733166 837904 3
1799 41942 251652 964666 3
1800 74999 299996 824989 3
1801 100950 908550 5249400 4
1802 76234 686106 1219744 2
1803 35119 632142 2036902 5
1804 89040 1869840 5698560 4
1805 123450 987600 4938000 2
1806 73790 147580 3763290 5
1807 71776 430656 2727488 2
1808 46895 93790 1782010 2
1809 50243 50243 100486 5
1810 50892 1221408 2748168 1
1811 21881 21881 787716 4
1812 96424 2699872 4531928 2
1813 2437 17059 26807 4
1814 66300 530400 3712800 4
1815 45330 543960 634620 5
1816 100809 907281 3931551 4
1817 94042 1974882 3009344 4
1818 82320 740880 1728720 1
1819 104850 2935800 6815250 4
1820 28593 600453 1715580 3
1821 7855 31420 109970 2
1822 117999 1179990 3775968 3
1823 40907 818140 1472652 2
1824 116738 1751070 4786258 1
1825 73258 1172128 4248964 4
1826 71963 575704 2302816 4
1827 117768 2119824 4004112 4
1828 27943 447088 1033891 2
1829 41262 866502 1155336 5
1830 7300 102200 321200 4
1831 105569 105569 2533656 1
1832 6329 63290 82277 3
1833 11900 249900 844900 5
1834 21113 126678 675616 2
1835 35796 214776 1002288 1
1836 113639 2045502 5454672 4
1837 56138 673656 1796416 3
1838 63853 510824 2809532 2
1839 18526 259364 1037456 2
1840 40126 80252 481512 4
1841 38316 1072848 2758752 3
1842 38427 153708 1152810 3
1843 115127 345381 2763048 4
1844 99381 1987620 5366574 1
1845 1204 14448 69832 1
1846 29941 239528 1167699 5
1847 13070 156840 365960 5
1848 122445 367335 5387580 5
1849 10094 211974 333102 1
1850 69628 1114048 3133260 5
1851 30696 122784 1412016 5
1852 95098 665686 1806862 3
1853 82829 1987896 5383885 3
1854 26946 0 592812 2
1855 80419 321676 4020950 1
1856 19943 99715 897435 3
1857 97963 4114446 6367595 3
1858 89423 894230 2861536 1
1859 94646 567876 4448362 3
1860 15393 307860 615720 5
1861 73325 219975 1026550 1
1862 95045 665315 4277025 1
1863 44386 1109650 2174914 3
1864 4332 43320 194940 5
1865 24111 433998 892107 5
1866 20148 80592 685032 3
1867 25508 459144 1428448 1
1868 6891 20673 296313 4
1869 65512 982680 2685992 1
1870 17684 141472 318312 3
1871 121892 1462704 5972708 1
1872 122800 982400 1719200 3
1873 72865 2185950 2477410 4
1874 18914 226968 245882 3
1875 117804 2945100 7421652 3
1876 3865 69570 247360 3
1877 105059 1050590 1680944 5
1878 105471 1476594 4746195 1
1879 91140 1093680 4465860 4
1880 59596 1191920 2979800 4
1881 90199 1082388 2345174 4
1882 14766 0 383916 4
1883 5380 86080 123740 3
1884 118205 709230 3782560 3
1885 39020 78040 780400 5
1886 4052 40520 48624 4
1887 37595 112785 1353420 3
1888 29294 234352 1669758 5
1889 53427 641124 1121967 4
1890 71557 286228 3220065 2
1891 33051 661020 2049162 1
1892 73012 584096 3650600 3
1893 22635 271620 1358100 1
1894 173 1384 7093 3
1895 119885 479540 2757355 2
1896 2336 2336 109792 1
1897 60075 480600 1201500 3
1898 38917 389170 1206427 3
1899 123916 1734824 7434960 5
1900 19007 228084 912336 1
1901 41397 206985 1324704 3
1902 89411 178822 2861152 1
1903 15560 155600 404560 1
1904 45124 90248 2346448 4
1905 15648 46944 140832 2
1906 98270 2948100 5699660 1
1907 67274 67274 3296426 1
1908 102863 2468712 5657465 3
1909 27435 109740 960225 4
1910 113725 2274500 4549000 5
1911 47031 1316868 1928271 1
1912 83696 167392 2092400 1
1913 44012 88024 2068564 5
1914 15699 125592 722154 2
1915 51926 467334 778890 4
1916 59818 358908 2572174 4
1917 71844 1005816 2801916 5
1918 86885 86885 608195 4
1919 44427 1332810 1643799 1
1920 6401 192030 211233 3
1921 21338 85352 704154 1
1922 69089 483623 690890 2
1923 44502 801036 1424064 3
1924 124141 620705 3972512 4
1925 79883 479298 2716022 4
1926 114612 229224 1260732 4
1927 92831 0 2320775 2
1928 80166 641328 2565312 4
1929 86221 1207094 3017735 4
1930 94817 379268 1706706 5
1931 100261 100261 3809918 5
1932 32775 655500 688275 2
1933 43806 175224 1752240 3
1934 35710 1428400 2821090 2
1935 44826 179304 224130 5
1936 31416 376992 1225224 1
1937 115267 1613738 5878617 4
1938 8268 74412 190164 2
1939 102251 2454024 5623805 1
1940 14460 72300 636240 4
1941 103886 2077720 3220466 1
1942 101467 2435208 6798289 1
1943 82343 1235145 2964348 2
1944 22739 90956 454780 2
1945 56912 284560 2959424 4
1946 59264 711168 3496576 2
1947 60888 608880 3592392 2
1948 33181 497715 1858136 2
1949 121908 365724 3779148 1
1950 53613 1072260 3645684 1
1951 15674 235110 987462 1
1952 46053 184212 2256597 4
1953 54155 1516340 2545285 1
1954 17595 35190 123165 1
1955 83280 832800 4080720 4
1956 104896 419584 1888128 2
1957 101445 2840460 6898260 4
1958 76563 229689 995319 2
1959 101411 507055 4462084 3
1960 27033 432528 1081320 1
1961 41498 331984 1825912 4
1962 65032 585288 3316632 2
1963 57278 343668 859170 4
1964 18916 94580 453984 5
1965 28395 340740 624690 2
1966 95356 572136 2193188 2
1967 85186 1022232 2044464 2
1968 69451 555608 1458471 3
1969 63680 573120 2929280 5
1970 46683 326781 420147 2
1971 61870 989920 2846020 4
1972 57892 1042056 2315680 2
1973 41894 0 795986 4
1974 63685 254740 3056880 2
1975 40272 161088 1369248 3
1976 73742 737420 3465874 1
1977 102733 410932 719131 5
1978 45127 0 2030715 5
1979 33700 303300 1314300 3
1980 104623 836984 1778591 1
1981 3761 67698 210616 1
1982 111852 1342224 4362228 1
1983 78935 1973375 2052310 5
1984 61935 619350 2291595 2
1985 6943 208290 374922 5
1986 52133 729862 1459724 5
1987 86779 1562022 2776928 4
1988 12797 25594 473489 3
1989 19771 39542 612901 3
1990 56067 224268 672804 2
1991 18729 449496 1105011 1
1992 87298 1047576 2269748 1
1993 105014 1680224 3570476 2
1994 4279 85580 106975 5
1995 33849 169245 473886 2
1996 122252 122252 5012332 2
1997 80885 323540 3720710 1
1998 97277 972770 4863850 1
1999 9604 192080 566636 3
2000 99820 399280 1397480 5
2001 19317 154536 1101069 2
2002 106794 854352 3524202 1
2003 33345 133380 500175 1
2004 108442 3903912 9217570 4
2005 9527 38108 152432 3
2006 70342 422052 3165390 5
2007 36823 1031044 2209380 4
2008 32964 494460 527424 4
2009 121615 972920 7053670 2
2010 10009 300270 370333 4
2011 97919 195838 1762542 2
2012 19046 38092 266644 1
2013 74092 444552 2519128 3
2014 111075 222150 4109775 1
2015 80029 2801015 5041827 2
2016 20079 40158 80316 4
2017 56379 1183959 3608256 4
2018 54098 1081960 2650802 3
2019 90518 181036 3620720 2
2020 90679 3173765 5078024 2
2021 12334 37002 382354 4
2022 46498 1859920 3301358 3
2023 29735 148675 1010990 5
2024 53114 796710 1062280 4
2025 897 26910 34086 1
2026 23326 46652 536498 3
2027 102877 617262 2571925 4
2028 52269 0 574959 3
2029 13001 325025 962074 5
2030 19450 155600 427900 5
2031 76186 304744 2590324 3
2032 35170 527550 1441970 2
2033 62762 502096 2887052 3
2034 64982 779784 3379064 4
2035 72506 3045252 4567878 1
2036 44609 669135 1828969 2
2037 120893 725358 1208930 3
2038 79306 1110284 1824038 1
2039 92123 736984 3777043 5
2040 52217 156651 887689 2
2041 47871 287226 2632905 3
2042 99130 2478250 5353020 4
2043 88041 528246 1760820 2
2044 117861 942888 4478718 2
2045 24096 216864 385536 4
2046 121797 121797 5237271 2
2047 100419 1506285 4318017 4
2048 108977 0 1743632 5
2049 46177 323239 1154425 1
2050 74307 445842 1634754 5
2051 74371 594968 669339 1
2052 39768 159072 1431648 1
2053 25447 712516 916092 1
2054 63530 190590 952950 4
2055 51550 51550 154650 2
2056 392 1176 14896 3
2057 21740 21740 86960 4
2058 71278 2993676 5345850 2
2059 43255 865100 1730200 3
2060 123628 618140 3090700 2
2061 84703 1355248 4235150 1
2062 79019 237057 3239779 1
2063 59930 2097550 3655730 3
2064 17617 528510 1057020 4
2065 68427 0 2873934 5
2066 121854 2924496 3290058 5
2067 100017 400068 2500425 2
2068 91678 1833560 2933696 4
2069 13036 391080 482332 1
2070 6508 78096 123652 4
2071 75122 1802928 3831222 5
2072 115565 1849040 3351385 4
2073 39594 395940 2256858 5
2074 77952 1403136 3118080 5
2075 48682 146046 1460460 5
2076 47286 993006 2506158 1
2077 67124 671240 1141108 1
2078 99353 0 695471 4
2079 27906 279060 976710 5
2080 106188 637128 3079452 5
2081 78554 471324 1806742 2
2082 40658 1707636 2520796 2
2083 36478 109434 1568554 1
2084 100845 1210140 2823660 2
2085 52710 210840 2582790 4
2086 112303 2695272 2807575 3
2087 108437 867496 2277177 3
2088 47554 190216 2472808 3
2089 55227 0 1270221 3
2090 78338 1410084 2428478 5
2091 63285 759420 1835265 2
2092 77224 617792 3088960 3
2093 40948 245688 286636 2
2094 73748 884976 3097416 3
2095 39773 357957 636368 2
2096 92268 922680 3044844 5
2097 40896 408960 531648 5
2098 1285 1285 41120 4
2099 50666 202664 1823976 1
2100 95382 190764 1049202 3
2101 51776 776640 880192 3
2102 86774 867740 3818056 1
2103 52765 633180 1319125 5
2104 11447 206046 755502 1
2105 96336 578016 2408400 1
2106 72897 728970 1895322 3
2107 46830 140490 1732710 5
2108 17659 247226 635724 1
2109 76575 0 2680125 1
2110 14048 42144 688352 2
2111 25434 76302 1017360 5
2112 41680 375120 1750560 1
2113 34798 139192 661162 1
2114 4497 53964 211359 1
2115 121781 730686 5358364 2
2116 90279 1805580 4333392 5
2117 113364 1360368 2607372 5
2118 28578 28578 314358 1
2119 17664 17664 494592 2
2120 99902 899118 2697354 5
2121 68577 68577 2331618 5
2122 39154 978850 2936550 3
2123 95205 1142460 3998610 4
2124 111466 445864 3566912 1
2125 63575 1017200 2288700 3
2126 35674 535110 1605330 5
2127 40321 40321 120963 1
2128 49178 983560 1180272 2
2129 72800 728000 4076800 1
2130 104261 625566 1251132 5
2131 68460 821520 2259180 4
2132 4228 67648 240996 1
2133 18882 264348 509814 1
2134 19802 79208 99010 3
2135 417 12510 25020 1
2136 58154 1395696 4187088 1
2137 112876 790132 2709024 3
2138 33792 67584 1486848 2
2139 36384 363840 436608 1
2140 7041 84492 302763 3
2141 97357 194714 2920710 4
2142 109944 1099440 3957984 4
2143 41464 165856 1492704 4
2144 81509 326036 1059617 2
2145 100041 400164 3901599 5
2146 35697 214182 928122 2
2147 50143 501430 1002860 5
2148 25591 307092 1586642 1
2149 14321 0 114568 1
2150 30496 121984 1494304 3
2151 47548 1426440 3328360 3
2152 47130 282780 2215110 3
2153 110801 2326821 5650851 2
2154 33607 67214 1646743 4
2155 25432 381480 534072 2
2156 26698 240282 961128 3
2157 74727 896724 1270359 4
2158 113269 113269 2378649 1
2159 83474 1168636 1752954 3
2160 124305 372915 5220810 2
2161 39979 159916 519727 4
2162 108465 542325 4121670 2
2163 100721 3021630 3827398 4
2164 86067 0 2151675 2
2165 51453 1029060 2315385 4
2166 30297 636237 1817820 4
2167 59571 1667988 2204127 2
2168 2878 17268 97852 4
2169 18763 450312 1294647 1
2170 47139 329973 565668 1
2171 46685 0 420165 4
2172 98523 886707 2266029 1
2173 38920 38920 1907080 4
2174 20373 122238 937158 2
2175 66008 1584192 2508304 5
2176 49132 2063544 4520144 2
2177 102476 1229712 2561900 2
2178 74450 1116750 3350250 2
2179 49475 98950 2325325 1
2180 122697 490788 1472364 3
2181 108887 1633305 4137706 3
2182 58394 700728 3094882 5
2183 23481 281772 1432341 5
2184 110607 884856 6083385 5
2185 7565 90780 136170 1
2186 116489 2096802 5940939 4
2187 42748 170992 1966408 4
2188 108677 652062 4999142 3
2189 42479 127437 2038992 1
2190 79613 477678 2547616 3
2191 86204 862040 4396404 1
2192 105737 3172110 4546691 1
2193 114418 2059524 3661376 2
2194 12707 177898 749713 2
2195 124832 1248320 4244288 2
2196 18013 378273 1080780 4
2197 27961 223688 754947 1
2198 118931 5827619 6897998 5
2199 54402 0 979236 1
2200 22313 111565 334695 2
2201 82438 164876 577066 4
2202 113582 454328 1362984 5
2203 103713 0 1451982 1
2204 37134 594144 742680 5
2205 68359 1367180 1640616 1
2206 57607 0 1209747 5
2207 26827 107308 509713 3
2208 94469 2645132 4440043 1
2209 120428 722568 6141828 3
2210 54993 0 2254713 4
2211 5210 145880 265710 5
2212 72464 1304352 2898560 3
2213 79813 798130 4309902 3
2214 3544 7088 60248 2
2215 60942 548478 975072 2
2216 46425 557100 1671300 5
2217 117169 703014 2577718 1
2218 100679 604074 3825802 2
2219 114275 0 457100 1
2220 38774 77548 1550960 3
2221 73374 733740 1540854 5
2222 82168 657344 3861896 2
2223 42643 852860 1876292 2
2224 30482 30482 121928 1
2225 119079 2143422 2857896 1
2226 3892 116760 214060 5
2227 29936 0 1137568 5
2228 92820 371280 1021020 1
2229 123888 1858320 4707744 4
2230 102246 408984 3783102 2
2231 100460 200920 4118860 1
2232 40420 606300 1414700 4
2233 34922 419064 803206 2
2234 45321 1268988 3172470 3
2235 30088 180528 902640 2
2236 62693 501544 3573501 5
2237 119002 952016 6069102 1
2238 49024 392192 1617792 5
2239 73369 293476 2788022 4
2240 97689 1172268 3516804 2
2241 106762 2242002 5551624 2
2242 19220 345960 538160 3
2243 86065 688520 2581950 4
2244 22154 620312 731082 5
2245 32777 524432 1245526 1
2246 120333 962664 5294652 5
2247 111951 447804 5261697 5
2248 27833 667992 1614314 5
2249 119464 4300704 7526232 3
2250 108464 976176 2603136 1
2251 24368 292416 901616 3
2252 114684 688104 1261524 3
2253 9334 9334 186680 1
2254 1790 1790 69810 2
2255 75484 4227104 5510332 4
2256 117378 1643292 3756096 4
2257 100006 1500090 1800108 3
2258 67549 540392 2026470 5
2259 114164 1141640 3196592 5
2260 107388 1288656 1396044 4
2261 30540 366480 824580 3
2262 91073 1275022 3460774 4
2263 120411 1444932 2287809 4
2264 25957 311484 856581 3
2265 27236 326832 1443508 3
2266 16858 236012 977764 2
2267 92567 1851340 2499309 2
2268 1377 20655 66096 3
2269 53557 1606710 2088723 2
2270 12731 305544 865708 1
2271 69189 0 2559993 1
2272 25732 1080744 1749776 4
2273 12746 25492 560824 2
2274 46112 553344 1567808 2
2275 8875 106500 150875 3
2276 63068 189204 1765904 2
2277 18615 74460 204765 2
2278 5265 31590 215865 3
2279 74988 1349784 3224484 5
2280 83105 415525 747945 4
2281 49790 746850 1194960 3
2282 16257 195084 292626 2
2283 5487 65844 181071 2
2284 61861 247444 680471 2
2285 36211 36211 144844 4
2286 25412 457416 1016480 5
2287 67197 2015910 4166214 3
2288 10295 82360 319145 5
2289 102656 307968 1950464 1
2290 43534 348272 1741360 5
2291 75394 226182 3241942 3
2292 2491 62275 146969 1
2293 70072 1751800 4274392 3
2294 89103 891030 2316678 5
2295 119236 0 5246384 3
2296 55577 1111540 3723659 3
2297 8565 179865 445380 3
2298 115280 4034800 4265360 2
2299 118711 2492931 4629729 1
2300 110800 2326800 3324000 4
2301 51093 102186 2299185 2
2302 85949 1031388 4211501 1
2303 47935 958700 2684360 2
2304 6186 24744 290742 2
2305 69595 1461495 3688535 4
2306 90631 2175144 6072277 4
2307 12636 63180 530712 1
2308 27606 662544 1159452 2
2309 21594 302316 1338828 5
2310 4083 61245 89826 2
2311 18848 56544 169632 3
2312 29382 352584 617022 5
2313 79915 0 3835920 1
2314 38145 343305 572175 1
2315 113761 1365132 5801811 5
2316 115672 1619408 4048520 1
2317 117933 353799 4363521 1
2318 118115 708690 6260095 1
2319 93164 1397460 3540232 2
2320 39588 237528 1979400 3
2321 88436 3095260 3979620 5
2322 100500 1608000 4221000 1
2323 17652 529560 1341552 5
2324 63243 252972 1075131 3
2325 78229 1095206 3520305 3
2326 119665 2512965 7299565 2
2327 22399 1097551 1567930 5
2328 37585 601360 1954420 5
2329 25463 611112 1884262 5
2330 26545 132725 185815 2
2331 61368 613680 1902408 4
2332 72779 582232 3857287 3
2333 124600 498400 3987200 3
2334 58949 1414776 4126430 1
2335 62158 870212 2734952 2
2336 22999 459980 574975 5
2337 47354 0 473540 4
2338 33268 199608 365948 3
2339 116544 4079040 8041536 5
2340 114912 459648 3907008 5
2341 23191 278292 626157 4
2342 32948 395376 1910984 1
2343 13442 161304 685542 2
2344 119737 3592110 3831584 3
2345 58381 875715 3269336 1
2346 22878 0 434682 2
2347 66298 1856344 4309370 5
2348 75956 1367208 2734416 1
2349 113808 2048544 6031824 4
2350 114104 2738496 6960344 2
2351 39412 1655304 2561780 2
2352 113184 1584576 3621888 5
2353 2871 43065 94743 1
2354 124365 248730 5472060 2
2355 22411 224110 582686 5
2356 89899 89899 4315152 4
2357 27635 82905 1271210 4
2358 65868 790416 3622740 4
2359 102595 4308990 5745320 2
2360 57267 1145340 2748816 4
2361 63073 946095 2018336 3
2362 12734 50936 318350 5
2363 105285 1684560 3790260 5
2364 53983 161949 1619490 3
2365 87119 348476 2874927 5
2366 21989 131934 1121439 5
2367 23583 589575 707490 2
2368 67518 135036 2565684 5
2369 111349 890792 5678799 3
2370 78951 1184265 1342167 3
2371 34105 511575 886730 4
2372 22037 396666 881480 1
2373 61133 427931 2750985 2
2374 79803 957636 4309362 4
2375 914 0 34732 2
2376 53423 160269 1976651 2
2377 21837 305718 480414 1
2378 107536 3011008 4516512 2
2379 79104 553728 3638784 2
2380 99876 1598016 6591816 2
2381 97220 0 972200 5
2382 99292 992920 4368848 3
2383 110484 1767744 4308876 4
2384 56054 840810 3531402 2
2385 45856 641984 2338656 1
2386 53511 160533 1765863 3
2387 41963 377667 1133001 5
2388 30644 735456 1562844 4
2389 31697 190182 919213 1
2390 7529 60232 158109 4
2391 15095 90570 226425 4
2392 58972 707664 943552 1
2393 82327 493962 2881445 1
2394 49747 1044687 1790892 3
2395 28177 591717 704425 2
2396 39028 78056 1053756 2
2397 116405 2793720 6984300 4
2398 23773 427914 665644 5
2399 47699 143097 2146455 1
2400 55083 881328 1321992 2
2401 40208 241248 2251648 3
2402 54359 2663591 4240002 3
2403 1324 19860 67524 2
2404 45268 90536 1946524 2
2405 72762 1746288 4365720 1
2406 121209 1818135 4242315 5
2407 30495 1067325 1890690 2
2408 91923 643461 4320381 3
2409 7804 31216 39020 3
2410 72132 1009848 1081980 5
2411 123455 1111095 4444380 4
2412 114354 2058372 7433010 2
2413 84137 504822 3197206 2
2414 66916 802992 936824 2
2415 90608 543648 1812160 1
2416 100178 1202136 2103738 1
2417 107181 321543 3858516 4
2418 34680 173400 485520 3
2419 102913 0 3087390 1
2420 19525 78100 585750 2
2421 121394 1942304 4612972 4
2422 85809 343236 1887798 3
2423 29609 592180 2013412 5
2424 109279 437116 3824765 3
2425 33547 167735 503205 5
2426 77061 308244 539427 4
2427 110882 3104696 4657044 4
2428 122481 0 1347291 5
2429 69225 553800 692250 4
2430 27815 1168230 1919235 5
2431 70325 2953650 3094300 1
2432 102330 818640 2660580 1
2433 35682 214092 1070460 1
2434 77924 1090936 3428656 2
2435 97414 389656 4870700 5
2436 78863 0 1419534 3
2437 47504 190016 2280192 2
2438 102734 1643744 5958572 5
2439 118833 2138994 5585151 1
2440 4608 82944 202752 4
2441 104506 1672096 3030674 4
2442 46872 562464 2859192 4
2443 53675 1073500 3649900 2
2444 74919 149838 2697084 4
2445 109974 659844 2859324 1
2446 111718 2346078 4692156 2
2447 30381 638001 1670955 4
2448 95530 0 3630140 1
2449 51949 519490 2129909 1
2450 1103 6618 59562 3
2451 27062 568302 622426 2
2452 68445 342225 410670 1
2453 29874 836472 2330172 4
2454 106587 106587 213174 2
2455 17605 211260 897855 2
2456 31675 285075 570150 1
2457 91997 1287958 1655946 4
2458 22603 135618 339045 5
2459 24675 148050 567525 1
2460 82580 825800 3633520 4
2461 13549 243882 541960 1
2462 9056 144896 344128 2
2463 115001 230002 345003 4
2464 64803 518424 2592120 4
2465 24626 49252 985040 2
2466 4552 72832 182080 3
2467 5186 181510 228184 1
2468 32848 525568 952592 1
2469 53383 1708256 3790193 1
2470 105293 842344 2527032 5
2471 23556 188448 494676 2
2472 115727 2083086 4744807 4
2473 18507 370140 1036392 1
2474 36876 221256 774396 4
2475 36508 766668 1825400 3
2476 92817 1113804 3248595 5
2477 18690 523320 878430 4
2478 81446 407230 2769164 1
2479 26766 267660 1365066 4
2480 87361 262083 2184025 1
2481 22041 44082 88164 2
2482 108871 1959678 7403228 5
2483 111426 334278 4457040 3
2484 8723 139568 453596 5
2485 92417 1293838 2772510 2
2486 92733 2596524 4543917 3
2487 78590 943080 4558220 3
2488 51251 0 768765 3
2489 88198 2469544 3086930 5
2490 79961 1199415 4797660 2
2491 82480 494880 1402160 3
2492 36906 110718 1550052 3
2493 40612 162448 284284 3
2494 49110 1375080 3585030 2
2495 40856 122568 2042800 1
2496 25014 100056 125070 3
2497 66492 1329840 4188996 5
2498 85732 2057568 3600744 5
2499 110946 1775136 2329866 3
2500 56823 1022814 1193283 5
