396	10914	0	185538	3	0
201	10767	0	129204	3	10914
341	10514	0	210280	1	21681
074	167	0	1002	3	32195
168	10788	32364	140244	1	32364
302	10759	43036	96831	5	43152
149	10489	0	62934	5	53911
036	488	8784	17080	1	64400
058	17	306	629	5	64888
466	10818	64908	129816	2	64908
364	10812	64872	281112	1	75726
167	10718	64308	171488	2	86538
130	10707	85656	117777	5	97256
431	10646	85168	170336	3	107963
458	10593	84744	275418	5	118609
496	10579	84632	169264	3	129202
214	10484	41936	178228	4	139781
017	10465	0	20930	3	150265
400	10410	31230	135330	4	160730
089	3719	14876	22314	1	171140
192	10929	174864	382515	2	174864
331	10383	41532	103830	2	185793
119	844	8440	12660	3	196176
306	44	132	264	2	197020
079	10948	197064	317492	2	197064
483	10703	192654	406714	1	208012
488	750	15000	20250	1	218715
291	10451	219471	376236	4	219471
157	10382	0	103820	4	229922
031	10360	145040	331520	5	240304
027	10318	123816	206360	5	250664
136	10311	61866	237153	1	260982
218	1716	6864	44616	5	271293
121	10921	273025	425919	3	273025
018	10277	123324	267202	2	283946
326	10265	123180	195035	3	294223
432	10254	153810	307620	3	304488
080	4198	16792	46178	1	314742
263	72	0	648	2	318940
055	10634	319020	372190	5	319020
016	10241	30723	235543	5	329654
498	10226	204520	235198	1	339895
395	10209	153135	326688	2	350121
146	10192	10192	112112	2	360330
177	10117	182106	232691	3	370522
025	10107	121284	293103	2	380639
350	10089	30267	221958	1	390746
156	10082	241968	403280	4	400835
162	10062	201240	332046	1	410917
190	1489	17868	32758	1	420979
380	10060	422520	573420	2	422520
275	10036	40144	260936	2	432580
096	10032	40128	200640	3	442616
284	10014	80112	250350	1	452648
159	10003	160048	340102	3	462662
276	9951	39804	258726	3	472665
312	9946	19892	159136	1	482616
486	9942	79536	248550	3	492562
359	9935	208635	397400	3	502504
094	9908	59448	188252	4	512439
319	9890	118680	207690	3	522347
448	9883	88947	197660	1	532237
009	9856	39424	197120	2	542120
438	9827	19654	127751	2	551976
019	9823	29469	216106	5	561803
389	9812	0	19624	2	571626
362	9785	156560	332690	2	581438
117	9764	244100	371032	2	591223
039	9713	58278	184547	5	600987
469	9660	9660	48300	2	610700
257	9636	19272	183084	1	620360
107	9635	289050	337225	1	629996
029	9583	57498	143745	3	639631
398	9566	239150	449602	5	649214
116	9563	86067	162571	5	658780
451	9558	95580	200718	1	668343
269	9549	57294	162333	3	677901
236	9495	151920	208890	5	687450
394	9467	18934	227208	1	696945
237	9460	56760	227040	1	706412
307	9439	235975	443633	3	715872
387	9431	132034	150896	3	725311
266	9426	37704	75408	3	734742
434	9423	113076	244998	3	744168
225	9398	93980	150368	3	753591
317	9388	187760	197148	1	762989
408	9379	37516	112548	1	772377
124	9372	112464	281160	4	781756
220	9355	187100	299360	4	791128
144	9333	93330	279990	3	800483
444	9237	0	175503	4	809816
424	9215	18430	211945	5	819053
033	9213	276390	340881	3	828268
489	9188	183760	220512	3	837481
439	9186	220464	293952	1	846669
164	9163	109956	302379	5	855855
113	9154	137310	247158	5	865018
232	9089	381738	563518	1	874172
104	9085	45425	72680	5	883261
044	8995	26985	35980	5	892346
474	8972	107664	170468	2	901341
142	8961	53766	224025	2	910313
242	8951	107412	286432	4	919274
365	8933	133995	142928	5	928225
063	8914	8914	35656	3	937158
068	8898	44490	106776	5	946072
410	8884	88840	124376	3	954970
493	8848	17696	35392	3	963854
064	8831	88310	176620	1	972702
421	8830	423840	538630	5	981533
131	8819	308665	502683	2	990363
235	8807	17614	140912	4	999182
296	8806	140896	158508	2	1007989
090	8803	35212	202469	5	1016795
012	8793	105516	211032	3	1025598
495	8787	210888	237249	1	1034391
061	8774	131610	245672	2	1043178
382	8768	17536	140288	2	1051952
210	8732	34928	96052	3	1060720
110	8719	209256	305165	5	1069452
324	8703	104436	182763	3	1078171
414	8583	154494	180243	3	1086874
024	8544	51264	222144	5	1095457
022	8499	8499	33996	1	1104001
020	8381	201144	335240	2	1112500
049	8373	83730	108849	5	1120881
152	8372	75348	150696	2	1129254
383	8246	24738	197904	5	1137626
437	8241	49446	82410	5	1145872
334	8228	123420	181016	1	1154113
141	8219	98628	213694	1	1162341
384	8215	0	57505	1	1170560
001	8198	163960	180356	4	1178775
179	8145	16290	65160	1	1186973
472	8112	48672	64896	2	1195118
071	8109	81090	243270	1	1203230
478	8109	129744	202725	5	1211339
282	8067	48402	104871	3	1219448
294	8005	200125	312195	5	1227515
480	8002	160040	280070	5	1235520
234	7983	95796	271422	1	1243522
463	7925	63400	134725	3	1251505
145	7922	31688	63376	3	1259430
375	7915	94980	150385	1	1267352
303	7892	157840	189408	3	1275267
374	7816	117240	273560	4	1283159
102	7780	38900	140040	4	1290975
091	7768	46608	217504	4	1298755
314	7765	62120	232950	4	1306523
038	7756	116340	286972	2	1314288
206	7730	92760	131410	4	1322044
328	7727	15454	169994	3	1329774
075	7694	123104	238514	3	1337501
443	7661	76610	237491	3	1345195
482	7653	61224	137754	4	1352856
248	7623	91476	251559	3	1360509
416	7613	121808	175099	2	1368132
100	7612	15224	129404	2	1375745
405	7584	227520	333696	5	1383357
370	7574	22722	174202	4	1390941
342	7551	67959	90612	5	1398515
006	7547	45282	188675	2	1406066
264	7526	22578	158046	1	1413613
354	7526	60208	195676	5	1421139
200	7471	89652	231601	2	1428665
320	7469	89628	209132	2	1436136
078	7391	118256	162602	1	1443605
258	7380	22140	125460	1	1450996
155	7341	73410	227571	5	1458376
315	7331	43986	190606	3	1465717
069	7302	7302	124134	4	1473048
244	7301	36505	51107	2	1480350
440	7288	218640	233216	1	1487651
250	7268	109020	130824	1	1494939
368	7265	29060	181625	3	1502207
099	7208	36040	57664	3	1509472
204	7197	21591	64773	4	1516680
450	7165	42990	78815	4	1523877
191	7148	171552	214440	5	1531042
213	7093	106395	262441	4	1538190
165	7086	106290	162978	5	1545283
262	7059	84708	211770	5	1552369
409	7042	14084	147882	5	1559428
182	6976	279040	327872	2	1566470
171	6965	27860	48755	3	1573446
030	6933	124794	173325	3	1580411
226	6921	207630	352971	4	1587344
135	6911	6911	41466	3	1594265
041	6883	20649	61947	3	1601176
286	6873	103095	219936	1	1608059
241	6857	82284	198853	5	1614932
401	6856	0	41136	1	1621789
215	6840	136800	184680	1	1628645
358	6839	68390	82068	5	1635485
148	6832	102480	170800	5	1642324
373	6827	54616	102405	1	1649156
097	6807	13614	149754	4	1655983
207	6778	162672	264342	3	1662790
007	6764	135280	162336	5	1669568
123	6760	135200	202800	1	1676332
028	6753	135060	216096	1	1683092
034	6744	53952	175344	5	1689845
066	6736	107776	114512	2	1696589
077	6704	107264	194416	1	1703325
193	6702	13404	147444	1	1710029
115	6700	53600	60300	3	1716731
003	6683	120294	260637	1	1723431
321	6618	79416	132360	5	1730114
067	6600	178200	211200	5	1736732
459	6575	26300	52600	4	1743332
313	6565	118170	210080	5	1749907
467	6561	78732	177147	3	1756472
070	6558	26232	45906	3	1763033
456	6548	13096	91672	5	1769591
229	6547	13094	144034	1	1776139
309	6487	116766	155688	1	1782686
209	6452	6452	103232	1	1789173
084	6443	25772	51544	1	1795625
212	6443	51544	167518	2	1802068
219	6418	12836	19254	5	1808511
217	6397	57573	134337	5	1814929
393	6384	38304	108528	2	1821326
109	6309	31545	88326	5	1827710
333	6309	151416	189270	4	1834019
112	6299	0	75588	4	1840328
095	6294	100704	201408	5	1846627
231	6282	31410	163332	3	1852921
043	6270	125400	263340	4	1859203
295	6269	263298	307181	1	1865473
129	6236	56124	112248	3	1871742
120	6233	74796	193223	2	1877978
057	6223	49784	168021	3	1884211
352	6220	99520	118180	4	1890434
260	6171	49368	86394	1	1896654
337	6151	49208	153775	5	1902825
160	6150	123000	159900	3	1908976
453	6120	18360	134640	1	1915126
153	6108	24432	109944	4	1921246
485	6089	73068	121780	5	1927354
351	6081	72972	79053	4	1933443
304	6058	72696	181740	3	1939524
261	6058	181740	266552	5	1945582
088	6054	0	121080	4	1951640
297	6036	90540	181080	1	1957694
381	5975	53775	149375	3	1963730
015	5966	11932	137218	5	1969705
346	5934	71208	89010	2	1975671
420	5804	69648	168316	2	1981605
308	5745	51705	91920	4	1987409
418	5729	0	34374	5	1993154
106	5717	102906	148642	4	1998883
377	5699	45592	96883	3	2004600
327	5685	51165	176235	3	2010299
103	5683	34098	102294	4	2015984
457	5668	34008	79352	2	2021667
256	5632	22528	56320	4	2027335
083	5600	112000	224000	5	2032967
051	5596	67152	184668	4	2038567
390	5595	167850	234990	3	2044163
173	5571	55710	172701	5	2049758
032	5550	16650	72150	3	2055329
345	5492	43936	131808	2	2060879
339	5462	16386	65544	5	2066371
196	5453	43624	130872	2	2071833
435	5453	136325	223573	2	2077286
045	5445	10890	16335	4	2082739
360	5443	163290	261264	2	2088184
357	5435	130440	222835	5	2093627
397	5397	64764	97146	1	2099062
054	5316	63792	175428	2	2104459
035	5307	63684	68991	2	2109775
462	5296	52960	84736	5	2115082
366	5250	31500	89250	2	2120378
040	5188	41504	103760	2	2125628
289	5158	61896	103160	3	2130816
188	5129	15387	87193	2	2135974
127	5104	61248	96976	5	2141103
137	5092	61104	81472	1	2146207
108	5047	60564	90846	1	2151299
163	5014	120336	165462	3	2156346
176	4987	0	74805	4	2161360
208	4976	19904	49760	4	2166347
183	4948	89064	128648	3	2171323
240	4932	118368	172620	2	2176271
403	4876	58512	87768	5	2181203
147	4853	116472	203826	4	2186079
499	4827	86886	135156	4	2190932
233	4809	38472	62517	2	2195759
174	4796	4796	43164	3	2200568
046	4779	114696	152928	2	2205364
042	4760	23800	104720	4	2210143
347	4706	94120	103532	3	2214903
475	4672	93440	191552	5	2219609
425	4658	55896	88502	4	2224281
476	4655	18620	97755	2	2228939
265	4624	9248	18496	1	2233594
230	4611	92220	184440	2	2238218
447	4608	129024	138240	2	2242829
140	4591	18364	96411	1	2247437
406	4575	9150	91500	4	2252028
497	4574	54888	155516	3	2256603
344	4566	9132	77622	1	2261177
461	4559	109416	186919	2	2265743
490	4551	245754	268509	3	2270302
194	4493	89860	130297	4	2274853
002	4489	107736	152626	4	2279346
065	4471	111775	156485	4	2283835
281	4399	26394	101177	2	2288306
180	4340	104160	108500	2	2292705
259	4296	64440	103104	5	2297045
278	4171	75078	91762	2	2301341
446	4161	16644	74898	5	2305512
290	4145	74610	103625	1	2309673
468	4132	0	41320	5	2313818
118	4128	61920	111456	3	2317950
407	4087	0	57218	1	2322078
449	4043	64688	72774	2	2326165
355	4014	8028	60210	1	2330208
221	4008	40080	64128	2	2334222
349	3958	47496	75202	1	2338230
454	3942	19710	74898	5	2342188
047	3925	19625	78500	3	2346130
361	3866	11598	88918	1	2350055
491	3861	23166	104247	4	2353921
037	3819	7638	53466	3	2357782
426	3783	45396	79443	1	2361601
008	3779	30232	94475	3	2365384
404	3774	45288	56610	4	2369163
470	3758	37580	71402	5	2372937
184	3737	14948	18685	1	2376695
138	3733	111990	130655	4	2380432
429	3705	88920	140790	5	2384165
052	3680	66240	95680	1	2387870
169	3666	14664	54990	5	2391550
415	3611	10833	79442	3	2395216
442	3599	43188	89975	1	2398827
371	3582	3582	82386	3	2402426
428	3571	42852	60707	5	2406008
318	3511	14044	17555	4	2409579
098	3507	21042	45591	1	2413090
092	3466	27728	65854	5	2416597
082	3447	27576	62046	1	2420063
391	3438	20628	72198	4	2423510
245	3422	30798	82128	2	2426948
332	3407	40884	88582	4	2430370
300	3381	13524	57477	4	2433777
161	3381	16905	87906	2	2437158
143	3373	10119	13492	2	2440539
010	3369	13476	74118	1	2443912
059	3319	29871	82975	5	2447281
056	3295	26360	92260	2	2450600
203	3275	26200	39300	4	2453895
270	3275	39300	72050	4	2457170
186	3257	65140	117252	4	2460445
367	3224	6448	64480	5	2463702
492	3198	38376	92742	3	2466926
310	3184	76416	143280	1	2470124
114	3180	19080	28620	5	2473308
423	3163	18978	69586	1	2476488
268	3102	18612	71346	3	2479651
369	3096	43344	71208	2	2482753
181	3037	36444	88073	1	2485849
385	3035	30350	45525	2	2488886
222	3018	36216	54324	5	2491921
465	2998	17988	38974	5	2494939
224	2993	95776	98769	5	2497937
267	2982	35784	98406	3	2500930
316	2960	0	38480	4	2503912
081	2960	53280	109520	1	2506872
086	2904	52272	101640	4	2509832
227	2850	28500	45600	3	2512736
076	2825	45200	104525	1	2515586
433	2819	11276	28190	1	2518411
477	2793	69825	78204	4	2521230
411	2775	16650	77700	4	2524023
430	2738	41070	87616	4	2526798
166	2734	21872	79286	3	2529536
441	2729	65496	81870	1	2532270
279	2713	0	40695	4	2534999
473	2684	0	24156	5	2537712
288	2682	40230	80460	4	2540396
185	2673	32076	40095	1	2543078
353	2660	10640	58520	3	2545751
101	2654	5308	50426	2	2548411
158	2644	31728	89896	1	2551065
072	2623	65575	110166	4	2553709
021	2602	62448	101478	1	2556332
417	2569	10276	48811	3	2558934
340	2558	30696	81856	4	2561503
329	2529	60696	91044	4	2564061
299	2511	37665	55242	2	2566590
287	2508	30096	82764	2	2569101
005	2501	45018	70028	4	2571609
205	2489	29868	69692	2	2574110
379	2487	12435	32331	2	2576599
298	2444	36660	87984	5	2579086
311	2428	9712	63128	1	2581530
060	2423	133265	176879	3	2583958
004	2392	23920	50232	3	2586381
322	2381	2381	26191	5	2588773
343	2363	0	28356	2	2591154
105	2344	2344	7032	5	2593517
464	2268	27216	49896	4	2595861
399	2219	53256	73227	3	2598129
026	2214	33210	75276	4	2600348
254	2186	65580	85254	2	2602562
484	2181	13086	58887	2	2604748
139	2115	2115	38070	4	2606929
376	2099	6297	12594	4	2609044
271	2086	41720	56322	3	2611143
277	2060	41200	45320	5	2613229
323	2035	18315	20350	1	2615289
053	2020	42420	54540	1	2617324
199	2009	40180	78351	5	2619344
372	1946	38920	77840	5	2621353
062	1917	23004	47925	1	2623299
122	1908	38160	57240	1	2625216
255	1904	57120	91392	3	2627124
023	1894	11364	26516	5	2629028
048	1886	30176	35834	4	2630922
335	1860	11160	42780	2	2632808
487	1858	37160	74320	1	2634668
133	1854	55620	63036	4	2636526
392	1846	22152	53534	2	2638380
274	1821	5463	27315	1	2640226
013	1821	14568	38241	5	2642047
228	1808	5424	23504	1	2643868
301	1800	3600	19800	1	2645676
125	1784	8920	10704	2	2647476
195	1757	10542	21084	4	2649260
087	1673	10038	28441	2	2651017
356	1664	49920	74880	2	2652690
202	1637	13096	18007	3	2654354
402	1603	38472	48090	3	2655991
085	1589	15890	25424	2	2657594
126	1555	23325	32655	5	2659183
455	1550	6200	7750	1	2660738
197	1480	17760	44400	4	2662288
170	1466	2932	7330	3	2663768
238	1447	8682	34728	4	2665234
011	1422	5688	14220	2	2666681
251	1389	11112	27780	2	2668103
050	1386	41580	58212	1	2669492
243	1316	3948	27636	2	2670878
175	1296	1296	11664	2	2672194
132	1294	5176	20704	4	2673490
452	1278	12780	21726	4	2674784
378	1260	5040	13860	2	2676062
014	1238	2476	17332	2	2677322
348	1227	9816	33129	3	2678560
178	1203	2406	7218	4	2679787
280	1201	9608	24020	4	2680990
292	1188	21384	46332	5	2682191
150	1177	10593	21186	3	2683379
494	1125	9000	14625	2	2684556
128	1022	15330	30660	3	2685681
445	992	8928	14880	3	2686703
436	989	14835	27692	5	2687695
325	988	19760	20748	2	2688684
330	957	17226	29667	4	2689672
253	944	15104	24544	3	2690629
211	926	11112	25002	1	2691573
093	916	1832	8244	1	2692499
388	910	7280	18200	4	2693415
293	909	13635	23634	1	2694325
285	889	0	16002	1	2695234
247	889	8890	22225	4	2696123
154	843	16860	23604	3	2697012
336	814	814	14652	1	2697855
239	795	11925	14310	5	2698669
283	725	8700	9425	4	2699464
223	652	1956	6520	2	2700189
460	643	7716	18647	2	2700841
252	606	9090	19998	5	2701484
187	587	4696	15262	2	2702090
198	575	20700	26450	4	2702677
249	562	6744	14050	5	2703252
216	509	2545	11198	4	2703814
471	474	474	6162	5	2704323
305	464	4176	7888	3	2704797
479	461	1844	2305	2	2705261
363	401	6416	14837	1	2705722
386	365	1460	4380	4	2706123
172	335	3350	6365	4	2706488
500	305	1220	7930	2	2706823
419	262	1048	6812	1	2707128
151	259	1554	6475	3	2707390
272	257	6168	8738	2	2707649
246	225	900	2700	4	2707906
273	211	4220	6330	3	2708131
412	186	372	2976	3	2708342
073	183	5490	8784	1	2708528
134	148	888	2220	4	2708711
427	147	441	3675	3	2708859
481	139	278	695	4	2709006
338	134	536	2948	5	2709145
422	109	654	2725	1	2709279
189	107	107	2247	4	2709388
111	90	720	1440	4	2709495
413	84	1260	1344	3	2709585
